Patient,AFFX-BioB-5_at,AFFX-BioB-M_at,AFFX-BioB-3_at,AFFX-BioC-5_at,AFFX-BioC-3_at,AFFX-BioDn-5_at,AFFX-BioDn-3_at,AFFX-CreX-5_at,AFFX-CreX-3_at,AFFX-BioB-5_st,AFFX-BioB-M_st,AFFX-BioB-3_st,AFFX-BioC-5_st,AFFX-BioC-3_st,AFFX-BioDn-5_st,AFFX-BioDn-3_st,AFFX-CreX-5_st,AFFX-CreX-3_st,hum_alu_at,AFFX-DapX-5_at,AFFX-DapX-M_at,AFFX-DapX-3_at,AFFX-LysX-5_at,AFFX-LysX-M_at,AFFX-LysX-3_at,AFFX-PheX-5_at,AFFX-PheX-M_at,AFFX-PheX-3_at,AFFX-ThrX-5_at,AFFX-ThrX-M_at,AFFX-ThrX-3_at,AFFX-TrpnX-5_at,AFFX-TrpnX-M_at,AFFX-TrpnX-3_at,AFFX-HUMISGF3A/M97935_5_at,AFFX-HUMISGF3A/M97935_MA_at,AFFX-HUMISGF3A/M97935_MB_at,AFFX-HUMISGF3A/M97935_3_at,AFFX-HUMRGE/M10098_5_at,AFFX-HUMRGE/M10098_M_at,AFFX-HUMRGE/M10098_3_at,AFFX-HUMGAPDH/M33197_5_at,AFFX-HUMGAPDH/M33197_M_at,AFFX-HUMGAPDH/M33197_3_at,AFFX-HSAC07/X00351_5_at,AFFX-HSAC07/X00351_M_at,AFFX-HSAC07/X00351_3_at,AFFX-HUMTFRR/M11507_5_at,AFFX-HUMTFRR/M11507_M_at,AFFX-HUMTFRR/M11507_3_at,AFFX-M27830_5_at,AFFX-M27830_M_at,AFFX-M27830_3_at,AFFX-HSAC07/X00351_3_st,AFFX-HUMGAPDH/M33197_5_st,AFFX-HUMGAPDH/M33197_M_st,AFFX-HUMGAPDH/M33197_3_st,AFFX-HSAC07/X00351_5_st,AFFX-HSAC07/X00351_M_st,A28102_at,AB000114_at,AB000115_at,AB000220_at,AB000409_at,AB000449_at,AB000450_at,AB000460_at,AB000462_at,AB000464_at,AB000466_at,AB000467_at,AB000468_at,AB000584_at,AB000895_at,AB000896_at,AB000897_at,AB000905_at,AB001106_at,AB001325_at,AB002314_at,AB002315_at,AB002318_at,AB002365_at,AB002366_at,AB002380_at,AB002382_at,AB002409_at,AB002559_at,AB003102_at,AB003103_at,AB003177_at,AB003698_at,AB004884_at,AB006190_at,AC000061_cds2_at,AC000061_cds3_at,AC000062_at,AC000064_cds1_at,AC000064_cds2_at,AC000066_at,AC000099_at,AC000115_cds1_at,AC002045_xpt1_at,AC002073_cds1_at,AC002077_at,AC002086_at,AC002115_cds1_at,AC002115_cds3_at,AC002115_cds4_at,AC002115_rna2_at,AC002450_at,AC002464_at,AC002486_at,AD000092_cds1_at,AD000092_cds2_at,AD000684_cds1_at,AD001527_cds1_at,AF000177_at,AF000231_at,AF000234_at,AF000430_at,AF000545_at,AF000560_at,AF000562_at,AF000573_rna1_at,AF000959_at,AF001294_at,AF001620_at,AF002020_at,AF002224_at,AF002700_at,AF003743_at,AF005037_at,AF005043_at,AF005361_at,AF005775_at,AF005887_at,AF006041_at,AF006084_at,AF006087_at,AF006609_at,AF007111_at,AF007551_at,AF007875_at,AF008445_at,AF008937_at,AF009301_at,AF009368_at,AF009426_at,AF009674_at,AF010193_at,AF012270_at,AF014958_at,AF015910_at,AF015913_at,AF015950_at,AJ000480_at,AJ001047_at,AJ001421_at,AJ001487_at,D00017_at,D00591_at,D00596_at,D00632_at,D00654_at,D00723_at,D00726_at,D00760_at,D00761_at,D00762_at,D00763_at,D10202_at,D10495_at,D10511_at,D10522_at,D10523_at,D10656_at,D10704_at,D10923_at,D10995_at,D11086_at,D11094_at,D11139_at,D11151_at,D11428_at,D12485_at,D12625_at,D12676_at,D12686_at,D12763_at,D13118_at,D13168_at,D13264_at,D13305_at,D13315_at,D13370_at,D13435_at,D13540_at,D13626_at,D13627_at,D13628_at,D13630_at,D13633_at,D13634_at,D13635_at,D13636_at,D13637_at,D13639_at,D13640_at,D13641_at,D13642_at,D13643_at,D13644_at,D13645_at,D13748_at,D13789_at,D13897_rna2_at,D13900_at,D13969_at,D13988_at,D14043_at,D14134_at,D14446_at,D14497_at,D14520_at,D14530_at,D14533_at,D14657_at,D14658_at,D14659_at,D14660_at,D14661_at,D14662_at,D14663_at,D14664_at,D14678_at,D14686_at,D14689_at,D14694_at,D14695_at,D14710_at,D14811_at,D14812_at,D14822_at,D14823_at,D14827_at,D14838_at,D14874_at,D14878_at,D14889_at,D15049_at,D15050_at,D15057_at,D16181_at,D16217_at,D16227_at,D16294_at,D16350_at,D16469_at,D16532_at,D16562_at,D16581_at,D16583_at,D16593_at,D16626_at,D16815_at,D17357_at,D17390_at,D17391_at,D17400_at,D17461_at,D17516_at,D17525_at,D17716_at,D21063_at,D21089_at,D21090_at,D21163_at,D21205_at,D21239_at,D21255_at,D21260_at,D21261_at,D21262_at,D21267_at,D21337_at,D21851_at,D21852_at,D21853_at,D21878_at,D23660_at,D23662_at,D23673_at,D25215_at,D25216_at,D25217_at,D25218_at,D25248_at,D25274_at,D25278_at,D25303_at,D25328_at,D25538_at,D25539_at,D25547_at,D26018_at,D26067_at,D26068_at,D26069_at,D26129_at,D26135_at,D26308_at,D26350_at,D26361_at,D26362_at,D26443_at,D26528_at,D26561_cds1_at,D26561_cds2_at,D26561_cds3_at,D26579_at,D26598_at,D26599_at,D26600_at,D28114_at,D28118_at,D28124_at,D28137_at,D28364_at,D28383_at,D28416_at,D28423_at,D28476_at,D28483_at,D28532_at,D28588_at,D28589_at,D28915_at,D29012_at,D29013_at,D29641_at,D29642_at,D29643_at,D29677_at,D29810_at,D29833_at,D29954_at,D29956_at,D29958_at,D29963_at,D30036_at,D30037_at,D30655_at,D30742_at,D30755_at,D30756_at,D30758_at,D31716_at,D31762_at,D31763_at,D31764_at,D31765_at,D31766_at,D31767_at,D31784_at,D31797_at,D31815_at,D31846_at,D31883_at,D31884_at,D31885_at,D31886_at,D31887_at,D31888_at,D31890_at,D31891_at,D31897_at,D32001_at,D32050_at,D32202_at,D37931_at,D37965_at,D38037_at,D38047_at,D38048_at,D38076_at,D38128_at,D38145_at,D38293_at,D38305_at,D38449_at,D38462_at,D38491_at,D38500_at,D38503_at,D38521_at,D38522_at,D38524_at,D38535_at,D38548_at,D38549_at,D38550_at,D38551_at,D38552_at,D38553_at,D38555_at,D38583_at,D38751_at,D42038_at,D42039_at,D42041_at,D42043_at,D42044_at,D42045_at,D42046_at,D42047_at,D42053_at,D42054_at,D42055_at,D42063_at,D42072_at,D42073_at,D42084_at,D42085_at,D42087_at,D42108_at,D42123_at,D42138_at,D43636_at,D43638_at,D43642_at,D43767_at,D43768_at,D43772_at,D43947_at,D43948_at,D43949_at,D43950_at,D43951_at,D44466_at,D45248_at,D45370_at,D45371_at,D45399_at,D45906_at,D49357_at,D49387_at,D49394_at,D49396_at,D49400_at,D49410_at,D49488_at,D49489_at,D49490_at,D49493_at,D49677_at,D49738_at,D49742_at,D49817_at,D49818_at,D49950_at,D49958_at,D50063_at,D50310_at,D50312_at,D50370_at,D50402_at,D50487_at,D50495_at,D50525_at,D50532_at,D50582_at,D50640_at,D50645_at,D50663_at,D50678_at,D50683_at,D50692_at,D50810_at,D50840_at,D50857_at,D50863_at,D50911_at,D50912_at,D50913_at,D50914_at,D50915_at,D50916_at,D50917_at,D50918_at,D50919_at,D50920_at,D50922_at,D50923_at,D50924_at,D50925_at,D50926_at,D50927_at,D50928_at,D50930_at,D50931_at,D55638_at,D55640_at,D55654_at,D55696_at,D55716_at,D56495_at,D59253_at,D61380_at,D61391_at,D63134_at,D63135_at,D63160_at,D63390_at,D63391_at,D63412_at,D63475_at,D63476_at,D63477_at,D63478_at,D63480_at,D63481_at,D63482_at,D63483_at,D63484_at,D63485_at,D63486_at,D63487_at,D63506_at,D63813_at,D63851_at,D63874_at,D63875_at,D63876_at,D63877_at,D63878_at,D63879_at,D63880_at,D63881_at,D63998_at,D64109_at,D64110_at,D64142_at,D64154_at,D64158_at,D64159_at,D67029_at,D70830_at,D76435_at,D76444_at,D78011_at,D78012_at,D78014_at,D78129_at,D78134_at,D78151_at,D78156_at,D78261_at,D78275_at,D78333_at,D78334_at,D78335_at,D78361_at,D78367_at,D78514_at,D78586_at,D78611_at,D79205_at,D79983_at,D79985_at,D79986_at,D79987_at,D79988_at,D79989_at,D79990_at,D79991_at,D79992_at,D79993_at,D79994_at,D79995_at,D79996_at,D79997_at,D79998_at,D79999_at,D80001_at,D80002_at,D80003_at,D80004_at,D80005_at,D80006_at,D80007_at,D80008_at,D80009_at,D80010_at,D80011_at,D80012_at,D82060_at,D82061_at,D82070_at,D82326_at,D82343_at,D82344_at,D82345_at,D82346_at,D82348_at,D83004_at,D83018_at,D83032_at,D83195_at,D83243_at,D83407_at,D83542_at,D83597_at,D83657_at,D83699_at,D83702_at,D83703_at,D83735_at,D83767_at,D83776_at,D83777_at,D83778_at,D83779_at,D83780_at,D83781_at,D83782_at,D83783_at,D83784_at,D83785_at,D83920_at,D84110_at,D84145_at,D84239_at,D84276_at,D84294_at,D84307_at,D84361_at,D84424_at,D84454_at,D84557_at,D85181_at,D85245_at,D85376_at,D85418_at,D85423_at,D85429_at,D85433_at,D85527_at,D85758_at,D85815_at,D85939_at,D86096_cds3_at,D86425_at,D86479_at,D86519_at,D86549_at,D86640_at,D86956_at,D86957_at,D86959_at,D86960_at,D86961_at,D86962_at,D86963_at,D86964_at,D86965_at,D86966_at,D86967_at,D86968_at,D86969_at,D86970_at,D86971_at,D86972_at,D86973_at,D86975_at,D86976_at,D86977_at,D86978_at,D86979_at,D86980_at,D86981_at,D86982_at,D86983_at,D86984_at,D86985_at,D87009_cds3_at,D87011_at,D87012_at,D87023_cds2_at,D87024_at,D87071_at,D87073_at,D87074_at,D87075_at,D87076_at,D87077_at,D87078_at,D87116_at,D87119_at,D87120_at,D87127_at,D87258_at,D87292_at,D87328_at,D87432_at,D87433_at,D87434_at,D87435_at,D87436_at,D87437_at,D87438_at,D87440_at,D87442_at,D87443_at,D87444_at,D87445_at,D87446_at,D87447_at,D87448_at,D87449_at,D87450_at,D87451_at,D87452_at,D87453_at,D87454_at,D87455_at,D87457_at,D87458_at,D87459_at,D87460_at,D87461_at,D87462_at,D87463_at,D87464_at,D87465_at,D87466_at,D87467_at,D87468_at,D87469_at,D87470_at,D87673_at,D87682_at,D87683_at,D87684_at,D87685_at,D87735_at,D87742_at,D87743_at,D87845_at,D87937_at,D87953_at,D87957_at,D87969_at,D87989_at,D88146_at,D88152_at,D88213_at,D88270_at,D88378_at,D88422_at,D88460_at,D88532_at,D88613_at,D88667_at,D88795_at,D88797_at,D88799_at,D89016_at,D89050_at,D89052_at,D89077_at,D89289_at,D89501_at,D89667_at,D89858_at,D89859_at,D90064_at,D90084_at,D90086_at,D90097_at,D90209_at,D90224_at,D90276_at,D90282_at,D90359_at,H46990_at,HG1019-HT1019_at,HG1071-HT1071_at,HG1078-HT1078_at,HG1098-HT1098_at,HG1102-HT1102_at,HG1103-HT1103_at,HG1111-HT1111_at,HG1112-HT1112_at,HG1116-HT1116_at,HG1139-HT4910_at,HG1148-HT1148_at,HG1153-HT1153_at,HG1155-HT4822_at,HG1205-HT1205_at,HG142-HT142_at,HG1602-HT1602_at,HG1604-HT1604_at,HG1612-HT1612_at,HG1614-HT1614_at,HG1649-HT1652_at,HG172-HT3924_at,HG1723-HT1729_at,HG1733-HT1748_at,HG174-HT174_at,HG180-HT180_at,HG1800-HT1823_at,HG1804-HT1829_at,HG1828-HT1857_at,HG1862-HT1897_at,HG1869-HT1904_at,HG1872-HT1907_at,HG1879-HT1919_at,HG2028-HT2082_at,HG2036-HT2090_at,HG2059-HT2114_at,HG2152-HT2222_at,HG2161-HT2231_at,HG2167-HT2237_at,HG2188-HT2258_at,HG2190-HT2260_at,HG2191-HT2261_at,HG2228-HT2305_at,HG2229-HT2306_at,HG2247-HT2332_at,HG2261-HT2352_at,HG2264-HT2360_at,HG2274-HT2370_at,HG2279-HT2375_at,HG2280-HT2376_at,HG2290-HT2386_at,HG2309-HT2405_at,HG2314-HT2410_at,HG2320-HT2416_at,HG2325-HT2421_at,HG2339-HT2435_at,HG2415-HT2511_at,HG2416-HT2512_at,HG2417-HT2513_at,HG2442-HT2538_at,HG2460-HT2556_at,HG2463-HT2559_at,HG2480-HT2576_at,HG2492-HT2588_at,HG2507-HT2603_at,HG2525-HT2621_at,HG2530-HT2626_at,HG2538-HT2634_at,HG2566-HT4867_at,HG2573-HT2669_at,HG25930-HT26386_at,HG2602-HT2698_at,HG2604-HT2700_at,HG2614-HT2710_at,HG2662-HT2758_at,HG2663-HT2759_at,HG2668-HT2764_at,HG2686-HT2782_at,HG2689-HT2785_at,HG270-HT270_at,HG2706-HT2802_at,HG2707-HT2803_at,HG2709-HT2805_at,HG2714-HT2810_at,HG2715-HT2811_at,HG2723-HT2819_at,HG2724-HT2820_at,HG2755-HT2862_at,HG2788-HT2896_at,HG2796-HT2904_at,HG2810-HT2921_at,HG2825-HT2949_at,HG2855-HT2995_at,HG2873-HT3017_at,HG2874-HT3018_at,HG2936-HT3080_at,HG2992-HT5186_at,HG3039-HT3200_at,HG3063-HT3224_at,HG3088-HT3263_at,HG3104-HT3280_at,HG311-HT311_at,HG3111-HT3287_at,HG3117-HT3293_at,HG3123-HT3299_at,HG3132-HT3308_at,HG3137-HT3313_at,HG315-HT315_at,HG3162-HT3339_at,HG3175-HT3352_at,HG3214-HT3391_at,HG3227-HT3404_at,HG3231-HT3408_at,HG3248-HT3425_at,HG3254-HT3431_at,HG3255-HT3432_at,HG3264-HT3441_at,HG3286-HT3463_at,HG3288-HT3465_at,HG3299-HT3476_at,HG33-HT33_at,HG331-HT331_at,HG3313-HT3490_at,HG3344-HT3521_at,HG3345-HT3522_at,HG3355-HT3532_at,HG3364-HT3541_at,HG3369-HT3546_at,HG3400-HT3579_at,HG3405-HT3586_at,HG3415-HT3598_at,HG3432-HT3618_at,HG3432-HT3621_at,HG3454-HT3647_at,HG3477-HT3670_at,HG3492-HT3686_at,HG3494-HT3688_at,HG3495-HT3689_at,HG3502-HT3696_at,HG3510-HT3704_at,HG3514-HT3708_at,HG3517-HT3711_at,HG3521-HT3715_at,HG3548-HT3749_at,HG3549-HT3751_at,HG3566-HT3769_at,HG3570-HT3773_at,HG3578-HT3781_at,HG358-HT358_at,HG3627-HT3836_at,HG363-HT363_at,HG37-HT37_at,HG3733-HT4003_at,HG3740-HT4010_at,HG3748-HT4018_at,HG3790-HT4060_at,HG384-HT384_at,HG3872-HT4142_at,HG3884-HT4154_at,HG3893-HT4163_at,HG3897-HT4167_at,HG3930-HT4200_at,HG3934-HT4204_at,HG3936-HT4206_at,HG3942-HT4212_at,HG3945-HT4215_at,HG3962-HT4232_at,HG3971-HT4241_at,HG3976-HT4246_at,HG3985-HT4255_at,HG3987-HT4257_at,HG3989-HT4259_at,HG3992-HT4262_at,HG3993-HT4263_at,HG3994-HT4264_at,HG3995-HT4265_at,HG3998-HT4268_at,HG3999-HT4269_at,HG4018-HT4288_at,HG4036-HT4306_at,HG4051-HT4321_at,HG4052-HT4322_at,HG4058-HT4328_at,HG406-HT406_at,HG4068-HT4338_at,HG4073-HT4343_at,HG4074-HT4344_at,HG4102-HT4372_at,HG4114-HT4384_at,HG4126-HT4396_at,HG4128-HT4398_at,HG4144-HT4414_at,HG415-HT415_at,HG4157-HT4427_at,HG4165-HT4435_at,HG4167-HT4437_at,HG4178-HT4448_at,HG4185-HT4455_at,HG4188-HT4458_at,HG4194-HT4464_at,HG4234-HT4504_at,HG4243-HT4513_at,HG4245-HT4515_at,HG4258-HT4528_at,HG4263-HT4533_at,HG4272-HT4542_at,HG429-HT429_at,HG4297-HT4567_at,HG4310-HT4580_at,HG4316-HT4586_at,HG4319-HT4589_at,HG4321-HT4591_at,HG4332-HT4602_at,HG4333-HT4603_at,HG4336-HT4606_at,HG4390-HT4660_at,HG4411-HT4681_at,HG4433-HT4703_at,HG4458-HT4727_at,HG4460-HT4729_at,HG4462-HT4731_at,HG4480-HT4833_at,HG4533-HT4938_at,HG4542-HT4947_at,HG4582-HT4987_at,HG4606-HT5011_at,HG4638-HT5050_at,HG4660-HT5073_at,HG4662-HT5075_at,HG4704-HT5146_at,HG4716-HT5158_at,HG4724-HT5166_at,HG4740-HT5187_at,HG4747-HT5195_at,HG4749-HT5197_at,HG511-HT511_at,HG537-HT537_at,HG544-HT544_at,HG613-HT613_at,HG620-HT620_at,HG64-HT64_at,HG644-HT644_at,HG662-HT662_at,HG668-HT4793_at,HG732-HT732_at,HG742-HT742_at,HG821-HT821_at,HG825-HT825_at,HG830-HT830_at,HG831-HT831_at,HG846-HT846_at,HG870-HT870_at,HG896-HT896_at,HG907-HT907_at,HG908-HT908_at,HG909-HT909_at,HG919-HT919_at,HG921-HT3995_at,HG960-HT960_at,HG961-HT961_at,HG987-HT987_at,J00073_at,J00123_at,J00124_at,J00129_at,J00287_at,J00301_at,J00306_at,J02611_at,J02645_at,J02843_at,J02854_at,J02874_at,J02876_at,J02883_at,J02888_at,J02902_at,J02906_at,J02923_at,J02943_at,J02963_at,J02973_rna1_at,J03040_at,J03068_at,J03069_rna1_at,J03133_at,J03161_at,J03171_at,J03191_at,J03258_at,J03278_at,J03459_at,J03473_at,J03474_at,J03507_at,J03589_at,J03592_at,J03600_at,J03756_at,J03764_at,J03779_at,J03798_at,J03810_at,J03824_at,J03827_at,J03890_rna1_at,J03909_at,J03925_at,J03930_at,J04027_at,J04031_at,J04040_at,J04056_at,J04058_at,J04076_at,J04080_at,J04088_at,J04101_at,J04102_at,J04111_at,J04132_at,J04156_at,J04162_at,J04164_at,J04173_at,J04177_at,J04444_at,J04456_at,J04469_at,J04501_at,J04543_at,J04599_at,J04605_at,J04611_at,J04615_at,J04621_at,J04739_at,J04742_at,J04760_at,J04794_at,J04809_rna1_at,J04823_rna1_at,J04948_at,J04970_at,J04973_at,J04982_at,J04988_at,J04990_at,J05008_at,J05032_at,J05037_at,J05068_at,J05070_at,J05073_at,J05096_rna1_at,J05125_at,J05158_at,J05213_at,J05243_at,J05249_at,J05257_at,J05272_at,J05401_at,J05428_at,J05448_at,J05459_at,J05500_at,J05556_at,J05614_at,J05682_at,K01383_at,K01396_at,K01884_at,K01911_at,K02054_at,K02100_at,K02215_at,K02268_at,K02402_at,K02545_cds2_at,K02574_at,K02765_at,K03008_cds1_at,K03008_cds2_at,K03021_at,K03195_at,K03218_at,K03430_at,K03460_at,K03474_at,K03515_at,L00137_cds1_at,L00352_at,L00354_at,L00635_at,L00972_at,L01042_at,L01087_at,L01406_at,L01664_at,L02320_at,L02321_at,L02426_at,L02547_at,L02648_at,L02785_at,L02840_at,L02867_at,L02932_at,L02950_at,L03427_at,L03532_at,L03785_at,L04270_at,L04490_at,L04510_at,L04656_at,L04733_at,L04947_at,L04953_at,L05147_at,L05148_at,L05424_cds2_at,L05425_at,L05500_at,L05512_at,L05515_at,L05568_at,L05597_at,L05606_at,L05779_at,L06132_at,L06139_at,L06147_at,L06175_at,L06419_at,L06499_at,L06505_at,L06633_at,L06845_at,L06895_at,L07033_at,L07044_at,L07077_at,L07493_at,L07515_at,L07540_at,L07541_at,L07548_at,L07590_at,L07592_at,L07594_at,L07597_at,L07633_at,L07738_at,L07758_at,L07765_at,L07868_at,L07949_at,L07956_at,L08069_at,L08177_at,L08187_at,L08246_at,L08424_at,L08485_at,L08488_at,L08666_at,L09190_rna1_at,L09234_at,L09235_at,L09260_at,L09604_at,L09708_at,L09717_at,L09749_at,L09753_at,L10035_at,L10102_rna1_at,L10123_at,L10284_at,L10343_at,L10373_at,L10374_at,L10378_at,L10381_at,L10386_at,L10403_at,L10405_at,L10665_at,L10678_at,L10838_at,L10844_at,L10910_at,L11005_at,L11239_at,L11285_at,L11329_at,L11353_at,L11369_at,L11370_at,L11372_at,L11373_at,L11566_at,L11573_at,L11669_at,L11695_at,L11708_at,L12168_at,L12350_at,L12392_at,L12468_at,L12535_at,L12701_cds2_at,L12723_at,L13042_at,L13197_at,L13203_at,L13210_at,L13258_at,L13278_at,L13286_at,L13329_at,L13391_at,L13434_at,L13436_at,L13689_at,L13698_at,L13720_at,L13738_at,L13761_rna1_at,L13800_at,L13848_at,L13852_at,L13923_at,L13972_at,L13977_at,L13994_at,L14076_at,L14269_at,L14542_at,L14565_at,L14595_at,L14754_at,L14787_at,L14812_at,L14813_at,L14837_at,L14856_at,L14922_at,L14927_at,L15309_at,L15344_at,L15388_at,L15409_at,L15440_at,L15533_rna1_at,L15702_at,L16464_at,L16782_at,L16842_at,L16862_at,L16895_at,L16896_at,L16991_at,L17128_at,L17131_rna1_at,L17325_at,L17327_at,L17328_at,L17330_at,L18960_at,L18972_at,L18983_at,L19058_at,L19063_at,L19067_at,L19161_at,L19183_at,L19267_at,L19297_at,L19314_at,L19401_at,L19437_at,L19527_at,L19593_at,L19605_at,L19686_rna1_at,L19711_at,L19778_at,L19779_at,L19783_at,L19871_at,L19872_at,L20010_at,L20298_at,L20316_at,L20320_at,L20321_at,L20348_at,L20591_at,L20773_at,L20814_at,L20815_at,L20826_at,L20852_at,L20859_at,L20861_at,L20941_at,L20971_at,L21715_at,L21893_at,L21934_at,L21936_at,L21954_at,L21993_at,L22005_at,L22009_at,L22075_at,L22206_at,L22214_at,L22342_at,L22343_at,L22548_at,L22650_at,L23116_at,L23808_at,L23852_at,L23959_at,L24203_at,L24470_at,L24559_at,L24564_at,L24783_at,L24804_at,L25080_at,L25081_at,L25085_at,L25119_at,L25270_at,L25441_at,L25444_at,L25798_at,L25851_at,L25876_at,L26081_at,L26234_at,L26247_at,L26336_at,L26339_at,L26494_at,L26953_at,L27050_at,L27071_at,L27080_at,L27476_at,L27479_at,L27560_at,L27586_at,L27706_at,L27841_at,L27943_at,L28010_at,L28175_at,L28821_at,L28957_at,L28997_at,L29008_at,L29217_at,L29218_at,L29277_at,L29339_at,L29376_at,L29433_at,L31529_at,L31573_at,L31584_at,L31801_at,L31860_at,L31881_at,L32137_at,L32140_at,L32163_at,L32164_at,L32179_at,L32866_at,L32976_at,L32977_at,L33243_at,L33404_at,L33477_at,L33798_at,L33799_at,L33801_at,L33842_rna1_at,L33881_at,L34059_at,L34060_at,L34075_at,L34081_at,L34155_at,L34219_at,L34357_at,L34409_at,L34587_at,L34600_at,L34657_at,L34673_at,L34820_at,L34838_at,L35035_at,L35240_at,L35251_rna1_at,L35269_at,L35475_at,L35545_at,L35546_at,L35592_at,L35854_at,L36033_at,L36051_at,L36069_at,L36151_at,L36463_at,L36529_at,L36531_at,L36642_at,L36645_at,L36720_at,L36818_at,L36844_at,L36847_at,L36861_at,L36922_at,L36983_at,L37033_at,L37042_at,L37043_at,L37127_at,L37199_at,L37347_at,L37362_at,L37368_at,L37378_at,L37792_at,L37882_at,L37936_at,L38025_at,L38486_at,L38487_at,L38500_at,L38503_at,L38517_at,L38608_at,L38616_at,L38696_at,L38707_at,L38810_at,L38820_at,L38928_at,L38929_at,L38932_at,L38933_rna1_at,L38935_at,L38941_at,L38951_at,L38961_at,L38969_at,L39009_at,L39059_at,L39060_at,L39061_at,L39064_rna1_at,L39211_at,L39833_at,L39874_at,L40027_at,L40157_at,L40357_at,L40366_at,L40371_at,L40377_at,L40379_at,L40380_at,L40387_at,L40388_at,L40391_at,L40392_at,L40393_at,L40394_at,L40395_at,L40396_at,L40399_at,L40400_at,L40401_at,L40402_at,L40403_at,L40407_at,L40410_at,L40411_at,L40586_at,L40636_at,L40904_at,L40933_at,L40992_at,L41066_at,L41067_at,L41143_at,L41147_at,L41162_at,L41349_at,L41351_at,L41559_at,L41607_at,L41668_rna1_at,L41680_at,L41690_at,L41816_at,L41870_at,L41887_rna1_at,L41913_at,L41919_rna1_at,L41939_at,L42025_rna1_at,L42176_at,L42243_cds1_at,L42324_at,L42354_at,L42373_at,L42379_at,L42450_at,L42451_at,L42452_at,L42542_at,L42563_at,L42572_at,L42621_at,L43338_at,L43366_at,L43631_at,L43821_at,L43964_at,L47345_at,L47726_at,L47738_at,L48211_at,L48513_at,L48516_at,L48546_at,L48692_at,L48728_cds1_at,L49054_at,L49169_at,L75847_at,L76159_at,L76191_at,L76200_at,L76224_at,L76380_at,L76465_at,L76571_at,L76687_at,L76702_at,L76703_at,L76927_rna1_at,L76937_rna1_at,L77213_at,L77559_at,L77561_at,L77563_at,L77566_at,L77571_at,L77701_at,L77730_at,L77864_at,L77886_at,L78132_at,L78267_at,L78440_at,L78833_cds2_at,M10014_cds1_at,M10050_at,M10058_at,M10612_at,M10901_at,M10950_cds2_at,M11058_at,M11119_at,M11147_at,M11186_at,M11321_at,M11353_at,M11433_at,M11437_cds1_at,M11437_cds2_at,M11567_rna1_at,M11591_at,M11717_rna1_at,M11718_at,M11722_at,M11726_at,M11749_at,M11973_cds1_at,M12036_at,M12174_at,M12529_at,M12625_at,M12759_at,M12886_at,M13143_at,M13149_at,M13194_at,M13207_at,M13241_at,M13450_at,M13666_at,M13699_at,M13755_at,M13792_at,M13903_at,M13934_cds1_at,M13934_cds2_at,M13955_at,M13982_at,M14016_at,M14058_at,M14091_at,M14113_at,M14123_xpt2_at,M14123_xpt3_at,M14123_xpt4_at,M14158_cds4_at,M14159_cds2_at,M14200_rna1_at,M14218_at,M14219_at,M14338_at,M14539_at,M14565_at,M14636_at,M14648_at,M14660_at,M14676_at,M14764_at,M14949_at,M15059_at,M15182_at,M15205_at,M15353_at,M15517_cds5_at,M15656_at,M15661_at,M15780_at,M15796_at,M15841_at,M15856_at,M15881_at,M15958_at,M15990_at,M16038_at,M16279_at,M16282_at,M16404_at,M16405_at,M16424_at,M16441_cds1_at,M16447_at,M16505_at,M16801_at,M16937_at,M16961_at,M16967_at,M16973_at,M17219_at,M17262_at,M17316_at,M17466_at,M17733_at,M17754_at,M17885_at,M17886_at,M18000_at,M18079_at,M18185_at,M18533_at,M18728_at,M18731_at,M18737_rna1_at,M19159_at,M19283_at,M19301_at,M19481_at,M19483_at,M19507_at,M19645_at,M19684_at,M19720_rna1_at,M19720_rna2_at,M19722_at,M19961_at,M19989_cds1_at,M19989_cds2_at,M20137_at,M20218_at,M20471_at,M20530_at,M20543_at,M20681_at,M20777_at,M20786_at,M20902_at,M20919_at,M21005_at,M21056_at,M21121_at,M21154_at,M21186_at,M21188_at,M21259_at,M21389_at,M21494_at,M21551_rna1_at,M21574_at,M21624_at,M21812_at,M21904_at,M21934_at,M21984_at,M21985_at,M22005_at,M22092_at,M22324_at,M22382_at,M22430_at,M22489_at,M22490_at,M22538_at,M22632_at,M22638_at,M22760_at,M22877_at,M22898_at,M22919_rna2_at,M22960_at,M22976_at,M22995_at,M23114_at,M23161_at,M23197_at,M23254_at,M23294_at,M23379_at,M23533_at,M23613_at,M23668_at,M24194_at,M24248_at,M24351_cds2_at,M24364_at,M24398_at,M24400_at,M24439_at,M24461_at,M24470_at,M24594_at,M24899_at,M24902_at,M25077_at,M25164_at,M25269_at,M25280_at,M25322_at,M25393_at,M25629_at,M25753_at,M25756_at,M25809_at,M25897_at,M26061_at,M26062_at,M26167_rna1_at,M26576_cds2_at,M26602_at,M26679_at,M26682_at,M26683_at,M26880_at,M27160_at,M27161_at,M27281_at,M27288_at,M27492_at,M27543_at,M27819_at,M27826_at,M27878_at,M27891_at,M28209_at,M28210_at,M28211_at,M28212_at,M28214_at,M28215_at,M28219_at,M28249_at,M28713_at,M28825_at,M28826_at,M28827_at,M28879_at,M28983_at,M29064_at,M29194_at,M29204_at,M29273_at,M29458_at,M29474_at,M29536_at,M29540_at,M29550_at,M29551_at,M29580_at,M29581_at,M29696_at,M29877_at,M29927_at,M29960_at,M29971_at,M30135_at,M30185_at,M30269_at,M30496_at,M30773_at,M30818_at,M30894_at,M30938_at,M31013_at,M31153_at,M31158_at,M31165_at,M31166_at,M31210_at,M31303_rna1_at,M31328_at,M31520_at,M31525_at,M31606_at,M31627_at,M31642_at,M31651_at,M31659_at,M31661_at,M31682_at,M31899_at,M31951_at,M31994_at,M32011_at,M32053_at,M32313_at,M32315_at,M32334_at,M32373_at,M32402_at,M32405_at,M32598_at,M32639_at,M32886_at,M33195_at,M33308_at,M33336_at,M33374_at,M33478_at,M33518_at,M33521_at,M33552_at,M33653_at,M33680_at,M33764_at,M33882_at,M33987_at,M34041_at,M34057_at,M34065_at,M34079_at,M34175_at,M34181_at,M34182_at,M34192_at,M34309_at,M34344_at,M34423_at,M34455_at,M34539_at,M34667_at,M34668_at,M34677_at,M35128_at,M35198_at,M35252_at,M35296_at,M35416_at,M35531_at,M35878_at,M36067_at,M36089_at,M36200_at,M36205_at,M36341_at,M36803_at,M37033_at,M37104_at,M37190_at,M37197_at,M37245_at,M37400_at,M37435_at,M37583_at,M37721_at,M37763_at,M37766_at,M37815_cds1_at,M37825_at,M37984_rna1_at,M38591_at,M38690_at,M54927_at,M54951_at,M54968_at,M54992_at,M54995_at,M55040_at,M55047_at,M55067_at,M55131_at,M55150_at,M55153_at,M55172_at,M55210_at,M55265_at,M55267_at,M55268_at,M55284_at,M55420_at,M55531_at,M55542_at,M55543_at,M55593_at,M55621_at,M55671_at,M55905_at,M57230_at,M57293_at,M57399_at,M57471_at,M57506_rna1_at,M57567_at,M57609_at,M57710_at,M57730_at,M57732_at,M57763_at,M57892_at,M58028_at,M58285_at,M58297_at,M58378_cds1_at,M58459_at,M58583_at,M58597_at,M58600_rna1_at,M58603_at,M59371_at,M59465_at,M59488_at,M59499_at,M59807_at,M59815_at,M59820_at,M59829_at,M59830_at,M59911_at,M59916_at,M59941_at,M59964_at,M59979_at,M60047_at,M60052_at,M60091_at,M60092_at,M60094_rna1_at,M60165_cds1_at,M60278_at,M60298_at,M60299_at,M60314_at,M60315_at,M60331_at,M60459_at,M60527_at,M60556_rna2_at,M60626_at,M60721_at,M60724_at,M60748_at,M60749_at,M60752_at,M60830_at,M60854_at,M60858_rna1_at,M60922_at,M61156_at,M61176_at,M61199_at,M61733_at,M61764_at,M61906_at,M61916_at,M62302_at,M62324_at,M62397_at,M62400_at,M62402_at,M62424_at,M62486_at,M62505_at,M62762_at,M62783_at,M62800_at,M62810_at,M62831_at,M62840_at,M62843_at,M62958_at,M62982_at,M62994_at,M63138_at,M63154_at,M63167_at,M63175_at,M63180_at,M63256_at,M63262_at,M63379_at,M63391_rna1_at,M63483_at,M63488_at,M63573_at,M63582_at,M63589_at,M63603_at,M63623_at,M63835_at,M63896_at,M63904_at,M63928_at,M63959_at,M63962_rna1_at,M63967_at,M64082_at,M64098_at,M64099_at,M64108_at,M64174_at,M64347_at,M64358_at,M64497_at,M64554_rna1_at,M64571_at,M64572_at,M64590_at,M64595_at,M64673_at,M64676_at,M64716_at,M64788_at,M64925_at,M64929_at,M64930_at,M64934_at,M64936_at,M64992_at,M65066_at,M65085_at,M65131_rna1_at,M65199_at,M65217_at,M65254_at,M65290_at,M65291_at,M67439_at,M68516_rna1_at,M68520_at,M68840_at,M68864_at,M68874_at,M68891_at,M68895_rna1_at,M68941_at,M69023_at,M69039_at,M69043_at,M69066_at,M69177_at,M69225_at,M69238_at,M73047_at,M73077_at,M73481_at,M73482_at,M73489_at,M73547_at,M73720_at,M73780_at,M74002_at,M74047_at,M74089_at,M74091_at,M74093_at,M74096_at,M74099_at,M74161_at,M74290_at,M74297_at,M74447_at,M74491_at,M74524_at,M74525_at,M74542_at,M74558_at,M74719_at,M74826_at,M75099_at,M75106_at,M75110_at,M75126_at,M76180_at,M76231_at,M76378_at,M76424_at,M76446_at,M76482_at,M76558_at,M76559_at,M76665_at,M76766_at,M77016_at,M77140_at,M77142_at,M77232_rna1_at,M77235_at,M77349_at,M77698_at,M77810_at,M77836_at,M79462_at,M80244_at,M80254_at,M80333_at,M80335_at,M80359_at,M80478_at,M80482_at,M80563_at,M80629_at,M80647_at,M80783_at,M80899_at,M81057_at,M81118_at,M81379_at,M81601_at,M81637_at,M81750_at,M81757_at,M81758_at,M81780_cds3_at,M81780_cds4_at,M81780_cds5_at,M81829_at,M81830_at,M81882_at,M81933_at,M82809_at,M82882_at,M82919_at,M82962_at,M83088_at,M83181_at,M83186_at,M83221_at,M83233_at,M83308_at,M83363_at,M83554_at,M83651_at,M83738_at,M83751_at,M83772_at,M83822_at,M83941_at,M84332_at,M84349_at,M84526_at,M84605_at,M84711_at,M84739_at,M85085_at,M85164_at,M85165_at,M85169_at,M85217_at,M85220_at,M85247_at,M85276_at,M86400_at,M86406_at,M86407_at,M86528_at,M86546_at,M86667_at,M86699_at,M86707_at,M86737_at,M86752_at,M86808_at,M86826_at,M86849_at,M86852_at,M86868_at,M86917_at,M86934_at,M87284_at,M87338_at,M87339_at,M87434_at,M87499_at,M87503_at,M87860_at,M88108_at,M88163_at,M88279_at,M88282_at,M88338_at,M88458_at,M88468_at,M88579_at,M89473_at,M89796_rna1_at,M89955_at,M89957_at,M90299_at,M90359_at,M90366_at,M90516_at,M90656_at,M90657_at,M90696_at,M90820_at,M91029_cds2_at,M91036_rna1_at,M91083_at,M91196_at,M91432_at,M91438_at,M91467_at,M91585_at,M91592_at,M91670_at,M92287_at,M92303_at,M92357_at,M92424_at,M92432_at,M92439_at,M92449_at,M92934_at,M93036_at,M93056_at,M93107_at,M93119_at,M93221_at,M93283_at,M93284_at,M93405_at,M93415_at,M93425_at,M93426_at,M93650_at,M93718_at,M94065_at,M94077_at,M94151_at,M94167_at,M94250_at,M94345_at,M94362_at,M94547_at,M94556_at,M94630_at,M94633_at,M94856_at,M94893_at,M95167_at,M95178_at,M95549_at,M95610_at,M95623_cds1_at,M95627_at,M95678_at,M95712_at,M95724_at,M95767_at,M95787_at,M95809_at,M95925_at,M95929_at,M96326_rna1_at,M96684_at,M96739_at,M96740_at,M96759_rna1_at,M96789_at,M96803_at,M96859_at,M96944_at,M96980_at,M96982_at,M97287_at,M97388_at,M97496_at,M97639_at,M97675_at,M97815_at,M97856_at,M97925_rna1_at,M97936_at,M98045_at,M98343_at,M98447_rna1_at,M98528_at,M98539_at,M98776_rna1_at,M98833_at,M99063_at,M99487_at,M99564_at,M99701_at,S34389_at,S39329_at,S42303_at,S42457_at,S43646_at,S45630_at,S46622_at,S48983_at,S50223_at,S53911_at,S55606_at,S57235_at,S57887_at,S58544_at,S58733_at,S59049_at,S59184_at,S61953_at,S62539_at,S63912_at,S65583_rna1_at,S65738_at,S66431_at,S66793_at,S67070_at,S67156_at,S67325_at,S67798_at,S67970_at,S68616_at,S69115_at,S69189_at,S69232_at,S69790_at,S69965_at,S70004_at,S70348_at,S70585_rna1_at,S70609_at,S71018_at,S71129_at,S71824_at,S72008_at,S72370_at,S72487_at,S72869_at,S72904_at,S73149_at,S73205_at,S73591_at,S73813_at,S74017_at,S74221_at,S74445_at,S74683_at,S74728_at,S75168_rna1_at,S75174_at,S75295_at,S75313_at,S75463_at,S75989_at,S76067_at,S76475_at,S76617_at,S76965_at,S76992_at,S77094_at,S77356_at,S77361_at,S77393_at,S77415_at,S77575_at,S77576_at,S77583_at,S77763_at,S77812_at,S78085_at,S78187_at,S78203_at,S78296_at,S78432_xpt1_at,S78569_at,S78653_at,S78723_rna2_at,S79048_at,S79267_at,S79281_at,S79522_at,S79639_at,S79781_at,S79854_at,S80050_at,S80335_at,S80343_at,S80562_at,S81003_at,S81083_cds1_at,S81221_at,S81294_at,S81419_at,S81439_at,S81578_at,S81893_at,S81914_at,S81916_at,S81944_at,S81957_at,S82024_at,S82075_at,S82185_at,S82198_at,S82240_at,S82470_at,S82472_at,S82592_at,S83198_at,S83249_at,S83308_at,S83364_at,S83365_at,S83366_cds1_at,S83366_cds3_at,S83549_at,S85655_at,S85963_at,S87759_at,S90469_at,S94421_at,S95936_at,U00115_at,U00238_rna1_at,U00672_at,U00921_at,U00930_at,U00943_at,U00944_at,U00946_at,U00951_at,U00952_at,U00954_at,U00957_at,U00968_at,U01038_at,U01062_at,U01102_at,U01120_at,U01147_at,U01157_at,U01160_at,U01212_at,U01317_cds1_at,U01317_cds6_at,U01824_at,U01833_at,U01877_at,U01922_at,U01923_at,U02019_at,U02020_at,U02031_at,U02081_at,U02082_at,U02310_at,U02493_at,U02556_at,U02570_at,U02609_at,U02619_at,U02632_at,U02680_at,U02687_at,U03056_at,U03057_at,U03090_at,U03100_at,U03105_at,U03187_at,U03270_at,U03272_at,U03274_at,U03398_at,U03399_at,U03486_at,U03634_at,U03642_at,U03644_at,U03688_at,U03851_at,U03877_at,U03886_at,U03891_at,U03905_at,U03911_at,U04209_at,U04270_at,U04313_at,U04325_cds3_at,U04343_at,U04520_at,U04735_at,U04810_at,U04811_at,U04840_at,U04847_at,U04898_at,U05040_at,U05227_at,U05237_at,U05259_rna1_at,U05291_at,U05321_at,U05340_at,U05589_at,U05659_at,U05875_at,U06088_at,U06233_at,U06452_at,U06454_at,U06631_at,U06632_at,U06681_at,U06698_at,U06863_at,U07000_cds4_at,U07132_at,U07151_at,U07158_at,U07223_at,U07225_at,U07231_at,U07349_at,U07358_at,U07418_at,U07424_at,U07550_at,U07559_at,U07563_cds1_at,U07620_at,U07664_at,U07681_at,U07695_at,U07794_cds2_at,U07802_at,U07807_at,U07856_at,U07857_at,U07882_at,U07919_at,U08015_at,U08023_at,U08049_at,U08096_at,U08198_rna1_at,U08316_at,U08336_at,U08377_at,U08438_at,U08471_at,U08815_at,U08989_at,U08998_at,U09002_at,U09117_at,U09196_at,U09210_at,U09278_at,U09284_at,U09303_at,U09366_at,U09367_at,U09368_at,U09410_at,U09411_at,U09412_at,U09413_at,U09414_at,U09477_at,U09550_at,U09564_at,U09578_at,U09579_at,U09584_at,U09607_at,U09646_at,U09759_at,U09770_at,U09813_at,U09825_at,U09848_at,U09850_at,U09860_at,U09877_at,U09953_at,U10117_at,U10323_at,U10324_at,U10362_at,U10439_at,U10485_at,U10492_at,U10550_at,U10685_at,U10686_at,U10693_at,U10868_at,U10991_at,U11036_at,U11037_at,U11090_at,U11292_at,U11313_at,U11690_at,U11701_at,U11732_at,U11791_at,U11861_at,U11870_rna1_at,U11872_at,U11877_at,U11878_at,U12139_at,U12255_at,U12404_at,U12465_at,U12471_cds1_at,U12535_at,U12595_at,U12622_at,U12775_at,U12778_at,U12779_at,U12897_at,U12978_at,U13044_at,U13045_at,U13061_rna1_at,U13219_at,U13220_at,U13369_at,U13395_at,U13616_at,U13666_at,U13680_at,U13695_at,U13706_at,U13737_at,U13896_at,U13948_at,U13991_at,U14193_at,U14383_at,U14391_at,U14407_at,U14417_at,U14518_at,U14528_at,U14550_at,U14575_at,U14588_at,U14603_at,U14747_at,U14910_at,U14968_at,U14969_at,U14970_at,U14971_at,U14972_at,U14973_at,U15008_at,U15009_at,U15085_at,U15128_at,U15131_at,U15172_at,U15173_at,U15174_at,U15177_at,U15197_at,U15306_at,U15422_cds2_at,U15460_at,U15552_at,U15555_at,U15590_at,U15655_at,U15782_at,U15932_at,U16031_at,U16126_at,U16127_at,U16129_at,U16258_at,U16261_at,U16282_at,U16296_at,U16306_at,U16660_at,U16861_at,U16954_at,U16997_at,U17032_at,U17033_at,U17034_at,U17077_at,U17163_at,U17195_at,U17280_at,U17327_at,U17418_at,U17566_at,U17579_rna1_at,U17714_at,U17760_rna1_at,U17886_at,U17894_at,U17977_at,U17989_at,U18004_at,U18009_at,U18018_at,U18062_at,U18235_at,U18237_at,U18242_at,U18244_at,U18271_cds1_at,U18288_at,U18291_at,U18300_at,U18321_at,U18467_at,U18543_at,U18548_at,U18549_at,U18671_rna1_at,U18914_at,U18919_at,U18932_at,U18937_at,U18985_at,U18991_at,U19107_rna1_at,U19142_at,U19180_at,U19261_at,U19345_at,U19487_at,U19517_at,U19523_at,U19718_at,U19796_at,U19878_at,U19906_at,U19948_at,U19977_at,U20158_at,U20230_at,U20240_at,U20285_at,U20325_at,U20350_at,U20362_at,U20391_rna6_at,U20428_at,U20530_at,U20582_at,U20647_at,U20648_at,U20657_at,U20758_rna1_at,U20860_at,U20908_at,U20979_at,U20980_at,U20998_at,U21049_at,U21051_rna1_at,U21090_at,U21128_at,U21551_at,U21858_at,U21931_at,U21936_at,U21943_at,U22055_at,U22233_at,U22377_at,U22398_at,U22526_at,U22662_at,U22897_at,U22963_at,U23028_at,U23070_at,U23143_at,U23752_at,U23803_at,U23942_at,U23946_at,U24105_at,U24152_at,U24166_at,U24169_at,U24186_at,U24266_at,U24576_at,U24577_at,U24704_at,U25029_at,U25041_at,U25128_at,U25138_at,U25165_at,U25182_at,U25265_at,U25433_at,U25435_at,U25750_at,U25789_at,U25801_at,U25826_at,U25849_at,U25956_at,U25997_at,U26032_at,U26174_at,U26398_at,U26403_at,U26591_at,U26648_at,U26710_at,U26712_at,U26726_at,U26727_at,U26914_at,U27109_at,U27185_at,U27193_at,U27330_at,U27459_at,U27655_at,U27699_at,U27768_at,U27831_at,U28042_at,U28043_at,U28131_at,U28150_at,U28249_at,U28251_cds2_at,U28281_at,U28368_at,U28369_at,U28386_at,U28413_at,U28686_at,U28687_at,U28727_at,U28811_at,U28831_at,U28833_at,U28963_at,U29091_at,U29171_at,U29195_at,U29343_at,U29589_at,U29607_at,U29615_at,U29656_at,U29680_at,U29700_at,U29725_at,U29953_rna1_at,U30185_at,U30245_at,U30246_at,U30255_at,U30313_at,U30521_at,U30610_at,U30825_at,U30828_at,U30872_at,U30888_at,U30894_at,U30930_at,U30998_at,U30999_at,U31099_at,U31116_at,U31120_rna1_at,U31176_at,U31201_cds1_at,U31248_at,U31342_at,U31382_at,U31383_at,U31384_at,U31449_at,U31501_at,U31628_at,U31799_at,U31814_at,U31875_at,U31930_at,U31986_at,U32114_at,U32315_at,U32324_at,U32331_at,U32376_at,U32439_at,U32519_at,U32576_rna1_at,U32581_at,U32645_at,U32659_at,U32680_at,U32849_at,U32907_at,U32944_at,U32989_at,U33017_at,U33053_at,U33054_at,U33147_at,U33267_at,U33286_at,U33317_rna1_at,U33429_at,U33447_at,U33761_at,U33818_at,U33821_at,U33822_at,U33837_at,U33839_at,U33849_at,U33920_at,U33921_at,U34038_at,U34044_at,U34252_at,U34343_at,U34360_at,U34605_at,U34683_at,U34844_at,U34877_at,U34879_rna1_at,U34880_at,U34962_at,U34976_at,U35048_at,U35100_at,U35113_at,U35139_at,U35246_at,U35340_at,U35407_at,U35451_at,U35459_at,U35735_at,U36221_at,U36448_at,U36500_at,U36501_at,U36601_at,U36621_cds2_at,U36764_at,U36787_at,U36798_at,U36922_at,U37012_at,U37022_rna1_at,U37122_at,U37139_at,U37143_at,U37219_at,U37221_at,U37248_at,U37251_at,U37283_at,U37352_at,U37359_at,U37408_at,U37431_at,U37518_at,U37519_at,U37529_at,U37547_at,U37673_at,U37689_at,U37690_at,U37707_at,U38175_at,U38268_at,U38372_at,U38480_at,U38545_at,U38810_at,U38846_at,U38847_at,U38864_at,U38896_at,U38904_at,U38980_at,U39196_at,U39226_at,U39231_at,U39317_at,U39318_at,U39400_at,U39412_at,U39447_at,U39487_at,U39573_at,U39576_at,U39657_at,U39817_at,U39840_at,U39905_at,U40038_at,U40215_at,U40223_at,U40282_at,U40343_at,U40369_rna1_at,U40370_at,U40371_at,U40372_at,U40380_at,U40391_rna1_at,U40434_at,U40462_at,U40490_at,U40572_at,U40622_at,U40714_at,U40990_at,U40992_at,U40998_at,U41060_at,U41344_at,U41371_at,U41387_at,U41515_at,U41635_at,U41668_at,U41737_at,U41745_at,U41763_at,U41804_at,U41813_at,U41815_at,U41816_at,U41898_at,U42031_at,U42359_at,U42360_cds2_at,U42387_at,U42390_at,U42408_at,U42412_at,U43030_at,U43077_at,U43083_at,U43142_at,U43148_at,U43177_at,U43279_at,U43286_at,U43292_at,U43318_at,U43328_at,U43374_at,U43408_at,U43431_at,U43519_at,U43522_at,U43527_at,U43586_at,U43672_at,U43753_cds2_at,U43843_at,U43885_at,U43899_at,U43923_at,U43959_at,U43965_at,U44059_at,U44060_at,U44111_at,U44378_at,U44429_at,U44754_at,U44755_at,U44772_at,U44839_at,U44848_at,U44975_at,U45285_at,U45880_at,U45955_at,U45973_at,U45974_at,U45975_at,U45976_at,U45982_at,U45983_at,U46023_at,U46024_at,U46025_at,U46116_at,U46194_at,U46461_at,U46499_at,U46569_at,U46570_at,U46571_at,U46689_at,U46692_rna1_at,U46751_at,U46752_at,U46767_at,U46901_at,U47007_at,U47011_cds1_at,U47050_at,U47054_at,U47101_at,U47105_at,U47334_at,U47414_at,U47621_at,U47634_at,U47635_at,U47742_at,U47926_at,U47927_at,U47928_at,U47931_at,U48213_at,U48231_at,U48250_at,U48251_at,U48263_at,U48296_at,U48405_at,U48408_at,U48437_at,U48697_at,U48707_at,U48736_at,U48807_at,U48861_at,U48936_at,U48959_at,U49065_at,U49070_at,U49082_at,U49089_at,U49114_at,U49187_at,U49188_at,U49248_at,U49250_at,U49260_at,U49278_at,U49352_at,U49379_at,U49395_at,U49436_at,U49742_at,U49785_at,U49837_at,U49844_at,U49857_at,U49869_rna1_at,U49928_at,U49973_xpt1_at,U49973_xpt2_at,U50062_at,U50078_at,U50136_rna1_at,U50146_at,U50315_at,U50330_at,U50383_at,U50523_at,U50531_at,U50534_at,U50535_at,U50553_at,U50708_at,U50733_at,U50743_at,U50839_at,U50928_at,U50929_at,U50939_at,U50950_at,U51004_at,U51095_at,U51096_at,U51127_at,U51166_at,U51205_at,U51240_at,U51241_at,U51269_at,U51334_at,U51336_at,U51432_at,U51477_at,U51478_at,U51561_at,U51586_at,U51587_at,U51678_at,U51711_at,U51903_at,U51920_at,U51990_at,U52100_at,U52101_at,U52111_rna3_at,U52111_rna4_at,U52112_rna1_at,U52112_rna5_at,U52152_at,U52153_at,U52154_at,U52155_at,U52426_at,U52427_rna1_at,U52513_at,U52518_at,U52521_at,U52522_at,U52682_at,U52700_at,U52827_at,U52830_at,U52840_at,U52960_at,U52969_at,U53003_at,U53174_at,U53209_at,U53225_at,U53347_at,U53442_at,U53445_at,U53446_at,U53468_at,U53476_at,U53506_at,U53786_at,U53830_at,U54617_at,U54778_at,U54804_at,U54999_at,U55054_at,U55206_at,U55209_at,U55258_at,U55764_at,U55766_at,U55853_at,U55936_at,U56085_at,U56102_at,U56244_at,U56417_at,U56418_at,U56637_at,U56814_at,U56816_at,U56833_at,U56976_at,U56998_at,U57057_at,U57092_at,U57093_at,U57094_at,U57099_at,U57316_at,U57317_at,U57342_at,U57352_at,U57450_at,U57452_at,U57592_at,U57629_at,U57650_at,U57721_at,U57796_at,U57877_at,U57911_at,U58032_at,U58033_at,U58034_at,U58048_at,U58087_at,U58089_at,U58090_at,U58091_at,U58096_at,U58130_at,U58331_at,U58334_at,U58522_at,U58658_at,U58681_at,U58682_at,U58766_at,U58970_at,U59057_at,U59111_at,U59228_at,U59286_at,U59289_at,U59302_at,U59309_at,U59321_at,U59325_at,U59423_at,U59736_at,U59748_at,U59752_at,U59863_at,U59878_at,U59913_at,U59914_at,U59919_at,U60060_at,U60062_at,U60115_at,U60116_at,U60205_at,U60269_cds1_at,U60269_cds2_at,U60269_cds3_at,U60276_at,U60319_at,U60325_at,U60415_at,U60519_at,U60521_at,U60644_at,U60665_at,U60666_at,U60800_at,U60805_at,U60873_at,U60975_at,U61145_at,U61166_at,U61167_at,U61232_at,U61234_at,U61262_at,U61263_at,U61374_at,U61538_at,U61741_at,U61836_at,U61849_at,U62015_at,U62136_at,U62317_rna3_at,U62317_rna6_at,U62317_rna7_at,U62325_at,U62389_at,U62431_at,U62433_at,U62437_at,U62531_at,U62739_at,U62800_at,U62801_at,U62961_at,U62962_at,U62966_at,U63090_at,U63139_at,U63289_at,U63295_at,U63312_at,U63329_at,U63332_at,U63336_at,U63455_at,U63541_at,U63542_at,U63717_at,U63743_at,U63824_at,U63825_at,U63842_at,U64105_at,U64197_at,U64198_at,U64444_at,U64520_at,U64675_at,U64863_at,U64871_at,U64998_at,U65002_at,U65011_at,U65092_at,U65093_at,U65402_at,U65404_at,U65406_rna4_at,U65410_at,U65437_rna1_at,U65579_at,U65581_at,U65676_at,U65785_at,U65928_at,U65932_at,U66033_at,U66036_at,U66048_at,U66052_at,U66059_cds7_at,U66075_at,U66083_at,U66088_at,U66198_at,U66359_at,U66406_at,U66464_at,U66468_at,U66469_at,U66497_at,U66559_at,U66561_at,U66578_at,U66580_at,U66581_at,U66615_at,U66616_at,U66617_at,U66618_at,U66619_at,U66661_at,U66669_at,U66702_at,U66838_at,U66879_at,U67156_at,U67171_at,U67191_at,U67319_at,U67369_at,U67611_at,U67614_at,U67674_at,U67733_at,U67784_at,U67849_at,U67934_at,U67963_at,U67988_at,U68018_at,U68019_at,U68030_at,U68031_at,U68063_at,U68111_at,U68133_at,U68142_at,U68233_at,U68385_at,U68485_at,U68488_at,U68494_at,U68536_at,U68566_at,U68723_at,U68727_at,U69108_at,U69127_at,U69141_at,U69263_at,U69546_at,U69645_at,U69961_at,U70063_at,U70136_at,U70321_at,U70322_at,U70323_at,U70370_at,U70426_at,U70451_at,U70660_at,U70663_at,U70671_at,U70732_rna1_at,U70735_at,U70862_at,U70867_at,U70981_at,U70987_at,U71087_at,U71088_at,U71092_at,U71207_at,U71300_at,U71364_at,U71374_at,U71598_at,U71601_at,U72066_at,U72206_at,U72209_at,U72342_at,U72507_at,U72508_at,U72511_at,U72512_at,U72514_at,U72515_at,U72517_at,U72621_at,U72661_at,U72671_at,U72761_at,U73167_cds3_at,U73167_cds4_at,U73167_cds5_at,U73167_cds7_at,U73191_at,U73304_rna1_at,U73328_at,U73330_at,U73338_at,U73377_at,U73379_at,U73499_at,U73514_at,U73524_at,U73682_at,U73704_at,U73737_at,U73799_at,U73824_at,U73843_at,U73960_at,U74612_at,U74667_at,U75308_at,U75362_at,U75370_at,U75679_at,U75968_at,U76010_at,U76189_at,U76272_at,U76369_at,U76421_at,U76456_at,U76638_at,U76992_at,U77129_at,U77180_at,U77396_at,U77413_at,U77456_at,U77594_at,U77604_at,U77643_at,U77664_at,U77665_at,U77718_at,U77735_at,U77827_at,U77845_at,U77948_at,U77949_at,U77968_at,U77970_at,U77975_at,U78027_rna3_at,U78027_rna4_at,U78095_at,U78107_at,U78180_at,U78190_rna1_at,U78313_at,U78521_at,U78524_at,U78525_at,U78551_at,U78556_at,U78575_at,U78628_at,U78678_at,U78722_at,U78735_at,U78793_at,U78798_at,U78876_at,U79241_at,U79242_at,U79245_at,U79246_at,U79247_at,U79248_at,U79249_at,U79251_at,U79252_at,U79253_at,U79254_at,U79255_at,U79256_at,U79257_at,U79258_at,U79259_at,U79260_at,U79262_at,U79263_at,U79265_at,U79266_at,U79267_at,U79270_at,U79271_at,U79272_at,U79273_at,U79274_at,U79275_at,U79277_at,U79280_at,U79282_at,U79285_at,U79286_at,U79287_at,U79288_at,U79289_at,U79290_at,U79291_at,U79293_at,U79294_at,U79295_at,U79296_at,U79297_at,U79298_at,U79299_at,U79300_at,U79301_at,U79302_at,U79303_at,U79304_at,U79526_at,U79716_at,U79718_at,U79725_at,U79734_at,U79751_at,U80017_rna1_at,U80017_rna2_at,U80017_rna3_at,U80034_at,U80040_at,U80073_at,U80184_rna1_at,U80456_at,U80457_at,U80628_at,U80669_at,U80811_at,U81001_at,U81006_at,U81262_at,U81375_at,U81523_at,U81554_at,U81556_at,U81599_at,U81600_at,U81607_at,U81787_at,U81802_at,U81984_at,U82010_rna1_at,U82130_at,U82169_at,U82256_at,U82275_at,U82303_at,U82306_at,U82310_at,U82311_at,U82313_at,U82319_at,U82320_at,U82321_at,U82468_at,U82532_at,U82535_at,U82613_at,U82668_rna1_at,U82671_cds2_at,U82759_at,U82818_at,U82970_at,U82987_at,U83115_at,U83192_at,U83246_at,U83303_cds2_at,U83410_at,U83411_at,U83461_at,U83463_at,U83600_at,U83601_at,U83843_at,U83908_at,U84487_at,U84540_at,U84551_cds2_at,U84569_at,U84573_at,U84720_at,U85193_at,U85245_at,U85265_at,U85267_at,U85430_at,U85611_at,U85658_at,U85707_at,U85767_at,U85943_at,U85946_at,U85992_at,U86070_at,U86136_at,U86214_at,U86358_at,U86409_at,U86529_at,U86602_at,U86782_at,U87223_at,U87269_at,U87309_at,U87408_at,U87459_at,U87460_at,U87964_at,U87972_at,U88047_at,U88629_at,U88666_at,U88667_at,U88726_at,U88871_at,U88892_at,U88964_at,U89012_at,U89278_at,U89326_at,U89335_cds2_at,U89336_cds1_at,U89336_cds3_at,U89336_cds4_at,U89336_cds6_at,U89336_cds7_at,U89336_cds8_at,U89355_at,U89505_at,U89606_at,U89717_at,U89896_at,U89916_at,U89942_at,U89995_at,U90268_at,U90304_at,U90306_at,U90313_at,U90336_at,U90426_at,U90437_at,U90544_at,U90547_at,U90549_at,U90550_at,U90551_at,U90651_at,U90716_at,U90878_at,U90902_at,U90904_at,U90905_at,U90907_at,U90908_at,U90909_at,U90910_at,U90911_at,U90912_at,U90913_at,U90914_at,U90915_at,U90916_at,U90918_at,U90919_at,U91316_at,U91327_at,U91521_at,U91616_at,U91618_at,U91903_at,U91930_at,U91931_at,U91932_at,U91985_at,U92014_at,U92015_at,U92436_at,U92458_at,U92459_at,U92971_at,U93049_at,U93091_at,U93205_at,U93237_rna2_at,U93553_at,U93867_at,U94319_at,U94320_at,U94332_at,U94333_at,U94585_at,U94586_at,U94592_at,U94747_at,U94831_at,U94855_at,U95006_at,U95020_at,U95040_at,U95090_at,U95626_rna1_at,U95740_rna1_at,U95740_rna2_at,U96094_at,U96113_at,U96114_at,U96115_at,U96191_at,U96629_rna1_at,U96629_rna2_at,U96769_rna1_at,U96781_cds1_at,U96915_at,U96922_at,U97018_at,U97105_at,U97188_at,U97502_rna1_at,V00503_at,V00563_at,V00571_rna1_at,V00572_at,V01510_rna1_at,V01512_rna1_at,V01514_at,V01515_cds1_at,X00129_at,X00237_at,X00274_at,X00368_xpt2_at,X00371_rna1_at,X00588_at,X00734_at,X01057_at,X01059_at,X01060_at,X01388_at,X01630_at,X01715_at,X02152_at,X02158_rna1_at,X02317_at,X02404_at,X02530_at,X02544_at,X02596_at,X02612_at,X02750_at,X02751_at,X02874_at,X02910_at,X03066_at,X03072_at,X03100_cds2_at,X03168_at,X03342_at,X03473_at,X03484_at,X03635_at,X03656_rna1_at,X03663_at,X03934_at,X04011_at,X04085_rna1_at,X04106_at,X04143_at,X04145_at,X04201_at,X04297_at,X04325_at,X04327_at,X04366_at,X04391_at,X04412_at,X04434_at,X04500_at,X04571_at,X04688_at,X04707_at,X04741_at,X04828_at,X04898_rna1_at,X05153_rna1_at,X05196_at,X05232_at,X05246_at,X05276_at,X05299_at,X05323_at,X05360_at,X05409_at,X05608_at,X05615_at,X05908_at,X05997_at,X06256_at,X06272_at,X06290_at,X06323_at,X06389_at,X06482_at,X06562_at,X06614_at,X06617_at,X06661_at,X06745_at,X06948_at,X06985_at,X07024_at,X07109_at,X07173_at,X07290_at,X07315_at,X07384_at,X07495_at,X07695_at,X07696_at,X07732_at,X07743_at,X07767_at,X07820_at,X07834_at,X07876_at,X07948_at,X07979_at,X07994_at,X12433_at,X12447_at,X12451_at,X12453_at,X12458_rna1_at,X12492_at,X12517_at,X12556_at,X12662_rna1_at,X12791_at,X12794_at,X12901_at,X13227_at,X13238_at,X13255_at,X13293_at,X13334_at,X13444_at,X13482_at,X13546_rna1_at,X13589_at,X13794_rna1_at,X13839_at,X13916_at,X13956_at,X13967_at,X13973_at,X14046_at,X14329_at,X14346_at,X14362_at,X14445_at,X14448_at,X14675_at,X14787_at,X14789_at,X14813_at,X14830_at,X14850_at,X14894_at,X14968_at,X14975_at,X15088_at,X15183_at,X15187_at,X15217_at,X15218_at,X15306_rna1_at,X15341_at,X15357_at,X15376_at,X15393_rna1_at,X15414_at,X15525_rna1_at,X15573_at,X15722_at,X15822_at,X15875_at,X15880_at,X15882_at,X15940_at,X15943_at,X15949_at,X16064_at,X16135_at,X16282_at,X16316_at,X16354_at,X16396_at,X16416_at,X16560_at,X16662_at,X16663_at,X16665_at,X16667_at,X16706_at,X16707_at,X16832_at,X16901_at,X16983_at,X17025_at,X17042_at,X17094_at,X17098_at,X17206_at,X17254_at,X17576_at,X17620_at,X17622_at,X17648_at,X17651_at,X51405_at,X51408_at,X51417_at,X51420_at,X51466_at,X51521_at,X51602_at,X51630_at,X51688_at,X51730_at,X51757_at,X51801_at,X51804_at,X51952_xpt1_at,X51953_at,X51954_at,X51956_rna1_at,X51985_at,X52001_at,X52003_at,X52005_at,X52008_at,X52011_at,X52056_at,X52142_at,X52151_at,X52192_at,X52221_at,X52425_at,X52479_at,X52520_at,X52541_at,X52599_at,X52638_at,X52730_rna1_at,X52773_at,X52851_rna1_at,X52882_at,X52943_at,X52947_at,X52966_at,X53331_at,X53414_at,X53416_at,X53586_rna1_at,X53587_at,X53742_at,X53777_at,X53793_at,X53795_at,X53961_at,X54131_at,X54150_at,X54162_at,X54232_at,X54304_at,X54326_at,X54380_at,X54637_at,X54673_at,X54816_at,X54870_at,X54871_at,X54925_at,X54936_at,X54938_at,X54941_at,X54942_at,X55079_rna1_at,X55330_at,X55448_cds2_at,X55544_at,X55666_at,X55668_at,X55715_at,X55733_at,X55740_at,X55777_cds2_at,X55885_at,X55889_at,X55954_at,X56199_at,X56253_rna1_at,X56411_rna1_at,X56465_at,X56468_at,X56494_at,X56654_at,X56667_at,X56677_at,X56692_at,X56741_at,X56807_at,X56932_at,X56997_rna1_at,X57025_at,X57129_at,X57206_at,X57303_at,X57346_at,X57398_at,X57522_at,X57766_at,X57830_at,X57959_at,X58022_at,X58079_at,X58234_at,X58255_at,X58288_at,X58377_at,X58521_at,X58529_at,X58723_at,X58964_at,X58987_at,X59065_at,X59131_at,X59350_at,X59372_at,X59373_at,X59405_at,X59417_at,X59434_at,X59543_at,X59618_at,X59656_at,X59710_at,X59711_at,X59727_at,X59766_at,X59770_at,X59798_at,X59812_at,X59834_at,X59841_at,X59871_at,X59892_at,X60036_at,X60188_at,X60221_at,X60382_rna1_at,X60483_at,X60484_at,X60486_at,X60489_at,X60592_at,X60655_at,X60673_rna1_at,X60708_at,X60957_at,X60992_at,X61070_at,X61072_at,X61079_at,X61100_rna1_at,X61118_rna1_at,X61123_at,X61177_at,X61373_at,X61587_at,X61615_at,X61970_at,X62025_rna1_at,X62048_at,X62055_at,X62078_at,X62320_at,X62466_at,X62535_at,X62573_at,X62654_rna1_at,X62691_at,X62744_at,X62822_at,X63097_at,X63187_at,X63337_at,X63359_at,X63380_at,X63417_at,X63422_at,X63454_at,X63469_at,X63527_at,X63546_at,X63563_at,X63578_rna1_at,X63597_at,X63629_at,X63657_at,X63679_at,X63692_at,X63753_at,X63755_at,X63759_at,X64037_at,X64044_at,X64229_at,X64269_at,X64330_at,X64364_at,X64559_at,X64594_at,X64643_at,X64707_at,X64728_at,X64810_at,X64838_at,X64878_at,X65233_at,X65293_at,X65550_at,X65614_at,X65633_at,X65644_at,X65663_at,X65724_at,X65867_at,X65873_at,X65977_at,X66079_at,X66114_rna1_at,X66141_at,X66171_at,X66358_at,X66360_at,X66362_at,X66363_at,X66364_at,X66365_at,X66397_at,X66401_cds1_at,X66403_at,X66417_at,X66436_at,X66503_at,X66533_at,X66534_at,X66610_at,X66839_at,X66867_cds1_at,X66899_at,X66922_at,X66945_at,X67081_at,X67098_at,X67155_at,X67247_rna1_at,X67318_at,X67325_at,X67337_at,X67594_at,X67683_at,X67697_at,X67698_at,X67734_at,X67951_at,X68149_at,X68194_at,X68242_at,X68264_rna1_at,X68277_at,X68314_at,X68486_at,X68487_at,X68560_at,X68561_at,X68733_rna1_at,X68742_at,X68836_at,X68994_at,X69089_at,X69090_at,X69111_at,X69141_at,X69150_at,X69391_at,X69398_at,X69433_at,X69550_at,X69636_at,X69699_at,X69819_at,X69838_at,X69878_at,X69908_rna1_at,X69910_at,X69978_at,X70040_at,X70070_at,X70083_at,X70218_at,X70297_at,X70340_at,X70394_at,X70476_at,X70649_at,X70683_at,X70991_at,X71125_at,X71129_at,X71135_at,X71348_at,X71428_at,X71490_at,X71874_cds1_at,X71877_at,X71973_at,X72012_at,X72177_rna1_at,X72308_at,X72755_at,X72790_at,X72841_at,X72879_at,X72882_at,X72925_at,X72964_at,X73079_at,X73113_at,X73460_at,X73501_at,X73608_at,X73874_at,X73882_at,X74008_at,X74039_at,X74104_at,X74262_at,X74295_at,X74328_rna1_at,X74330_at,X74331_at,X74496_at,X74570_at,X74614_at,X74764_at,X74794_at,X74795_at,X74801_at,X74819_at,X74837_at,X75042_at,X75208_at,X75252_at,X75304_at,X75308_at,X75315_at,X75342_at,X75535_at,X75546_at,X75593_at,X75756_at,X75861_at,X75917_at,X75958_at,X75962_at,X76013_at,X76029_at,X76040_at,X76057_at,X76059_at,X76061_at,X76092_at,X76104_at,X76105_at,X76132_at,X76180_at,X76228_at,X76302_at,X76342_at,X76383_at,X76498_at,X76534_at,X76538_at,X76648_at,X76717_at,X76732_at,X76770_at,X77094_at,X77166_at,X77197_at,X77307_at,X77366_at,X77383_at,X77533_at,X77548_at,X77584_at,X77737_at,X77744_at,X77748_at,X77794_at,X77909_at,X78031_at,X78121_at,X78136_at,X78342_at,X78520_at,X78549_at,X78565_at,X78578_at,X78627_at,X78669_at,X78678_at,X78687_at,X78706_at,X78710_at,X78817_at,X78924_at,X78925_at,X78926_at,X78933_at,X78992_at,X79066_at,X79067_at,X79201_at,X79204_at,X79234_at,X79353_at,X79439_at,X79440_at,X79483_at,X79510_at,X79536_at,X79568_at,X79780_at,X79781_at,X79865_at,X79882_at,X79888_at,X79981_at,X79984_at,X80026_at,X80062_at,X80198_at,X80199_at,X80200_at,X80230_at,X80343_at,X80497_at,X80507_at,X80590_at,X80692_at,X80695_at,X80754_at,X80822_at,X80907_at,X80909_at,X80910_at,X80915_rna1_at,X80923_at,X81003_at,X81198_at,X81333_at,X81372_at,X81420_at,X81438_at,X81479_at,X81636_at,X81788_at,X81817_at,X81882_at,X81889_at,X81892_at,X81895_at,X82018_at,X82068_at,X82103_at,X82125_at,X82153_at,X82200_at,X82207_at,X82224_at,X82240_rna1_at,X82324_at,X82434_at,X82456_at,X82494_at,X82539_at,X82554_rna1_at,X82629_at,X82634_at,X82676_at,X82693_at,X82877_at,X82895_at,X83107_at,X83127_at,X83218_at,X83368_at,X83378_at,X83412_at,X83425_at,X83441_at,X83543_at,X83572_at,X83573_at,X83618_at,X83703_at,X83928_at,X83973_at,X84002_at,X84003_at,X84194_at,X84195_at,X84373_at,X84707_rna1_at,X84709_at,X84740_at,X84746_at,X84908_at,X85106_at,X85133_at,X85134_rna1_at,X85178_at,X85237_at,X85372_at,X85373_at,X85545_at,X85740_at,X85750_at,X85753_at,X85785_rna1_at,X85786_at,X86012_at,X86018_at,X86019_at,X86098_at,X86163_at,X86400_at,X86564_at,X86570_at,X86681_at,X86691_at,X86693_at,X86779_at,X86809_at,X86816_at,X87159_at,X87160_at,X87176_at,X87212_at,X87237_at,X87241_at,X87342_at,X87613_at,X87767_at,X87838_at,X87843_at,X87852_at,X87870_at,X87904_at,X89059_at,X89066_at,X89067_at,X89211_at,X89267_at,X89398_cds2_at,X89416_at,X89426_at,X89576_at,X89750_at,X89894_at,X89960_at,X89984_at,X89985_at,X90568_at,X90761_at,X90763_at,X90780_rna1_at,X90828_at,X90840_at,X90857_at,X90858_at,X90872_at,X90908_at,X90978_at,X90999_at,X91103_at,X91117_rna1_at,X91141_at,X91148_at,X91220_at,X91247_at,X91249_at,X91257_at,X91348_at,X91504_at,X91648_at,X91788_at,X91809_at,X91868_at,X91992_at,X92098_at,X92106_at,X92110_at,X92396_at,X92475_at,X92521_at,X92689_at,X92715_at,X92720_at,X92744_at,X92762_at,X92814_at,X92896_at,X92972_at,X93017_at,X93036_at,X93498_at,X93499_at,X93510_at,X93512_at,X93920_at,X93921_at,X93996_rna1_at,X94232_at,X94333_at,X94453_at,X94612_at,X94629_at,X94703_at,X94754_at,X94910_at,X95073_at,X95095_at,X95152_rna1_at,X95190_at,X95191_at,X95237_at,X95239_at,X95289_at,X95384_at,X95404_at,X95406_at,X95586_at,X95592_at,X95648_at,X95654_at,X95715_at,X95735_at,X95826_at,X96381_rna1_at,X96401_at,X96484_at,X96584_at,X96586_at,X96698_at,X96719_at,X96752_at,X96753_at,X96783_rna1_at,X96849_at,X96924_rna1_at,X96969_at,X97058_at,X97064_at,X97065_at,X97074_at,X97160_rna1_at,X97198_at,X97249_at,X97301_at,X97302_at,X97303_at,X97324_at,X97335_at,X97544_at,X97630_at,X97671_at,X97674_at,X97675_rna1_at,X97795_at,X98001_at,X98085_at,X98172_at,X98176_at,X98206_at,X98248_rna1_at,X98258_at,X98260_at,X98261_at,X98263_at,X98266_cds2_at,X98307_at,X98311_at,X98330_at,X98411_at,X98507_at,X98743_at,X98801_at,X98833_rna1_at,X98834_rna1_at,X99050_rna1_at,X99076_rna1_at,X99101_at,X99140_at,X99141_at,X99142_at,X99209_at,X99226_at,X99268_at,X99296_xpt1_at,X99325_at,X99350_rna1_at,X99459_at,X99584_at,X99585_at,X99656_at,X99657_at,X99664_at,X99687_at,X99688_at,X99699_at,X99720_rna1_at,X99728_at,X99802_at,X99894_at,X99920_at,X99947_at,X99961_at,Y00062_at,Y00064_at,Y00067_rna1_at,Y00281_at,Y00282_at,Y00291_at,Y00317_at,Y00318_at,Y00433_at,Y00486_rna1_at,Y00503_at,Y00636_at,Y00705_at,Y00757_at,Y00764_at,Y00796_at,Y00815_at,Y00970_at,Y00971_at,Y00978_at,Y07512_at,Y07595_at,Y07596_at,Y07604_at,Y07683_at,Y07701_at,Y07707_at,Y07755_at,Y07759_at,Y07828_at,Y07829_xpt3_at,Y07829_xpt4_at,Y07846_at,Y07847_at,Y07867_at,Y08134_at,Y08136_at,Y08200_at,Y08223_at,Y08263_at,Y08302_at,Y08319_at,Y08374_rna1_at,Y08409_at,Y08564_at,Y08612_at,Y08613_at,Y08614_at,Y08639_at,Y08836_at,Y08837_at,Y08915_at,Y08976_at,Y08991_at,Y08999_at,Y09022_at,Y09216_at,Y09267_at,Y09305_at,Y09306_at,Y09321_at,Y09443_at,Y09561_at,Y09615_at,Y09616_at,Y09836_at,Y09858_at,Y09912_rna1_at,Y09980_rna4_at,Y10032_at,Y10055_at,Y10202_at,Y10204_at,Y10205_at,Y10207_at,Y10209_at,Y10210_at,Y10256_at,Y10260_at,Y10275_at,Y10313_at,Y10376_at,Y10505_at,Y10506_at,Y10510_at,Y10511_at,Y10512_at,Y10515_at,Y10517_at,Y10518_at,Y10571_at,Y10615_at,Y10659_at,Y10812_at,Y10871_at,Y10936_at,Y11174_at,Y11180_at,Y11215_at,Y11251_at,Y11306_rna1_at,Y11416_at,Y11651_at,Y11681_at,Y11709_at,Y11710_rna1_at,Y11897_at,Y11999_at,Y12394_at,Y12478_at,Y12556_at,Y12670_at,Y12711_at,Y12812_at,Y12856_at,Y13115_at,Y13153_at,Y13247_at,Y13620_at,Y13896_at,Y14140_at,Z11502_at,Z11559_at,Z11695_at,Z11697_at,Z11737_at,Z11793_at,Z11850_at,Z12173_at,Z12830_at,Z12962_at,Z14000_at,Z14093_at,Z14244_at,Z14982_rna1_at,Z15005_at,Z15108_at,Z15114_at,Z17227_at,Z18859_rna1_at,Z18948_at,Z18951_at,Z18954_at,Z19002_at,Z19574_rna1_at,Z19585_at,Z21488_at,Z21507_at,Z21707_at,Z21966_at,Z22534_at,Z22535_at,Z22536_at,Z22548_at,Z22551_at,Z22555_at,Z22780_at,Z22865_at,Z22970_at,Z23064_at,Z23090_at,Z23115_at,Z24459_xpt5_at,Z24680_at,Z24724_at,Z24725_at,Z24727_at,Z25535_at,Z25749_rna1_at,Z25884_at,Z26256_at,Z26317_at,Z26634_at,Z26653_at,Z26876_at,Z27113_at,Z28339_at,Z28407_at,Z29064_at,Z29067_at,Z29074_at,Z29077_xpt1_at,Z29083_at,Z29090_at,Z29331_at,Z29481_at,Z29505_at,Z29572_at,Z29574_at,Z29678_at,Z30425_at,Z30426_at,Z31357_at,Z32684_at,Z32765_at,Z33642_at,Z33905_at,Z34897_at,Z34918_at,Z34975_at,Z35093_at,Z35102_at,Z35227_at,Z35278_at,Z35307_at,Z35309_at,Z35491_at,Z36531_at,Z36714_at,Z36715_at,Z37166_at,Z37976_at,Z37986_at,Z38026_at,Z46376_rna1_at,Z46629_at,Z46788_at,Z46967_at,Z46973_at,Z47043_at,Z47087_at,Z47553_at,Z47727_at,Z48042_at,Z48051_rna1_at,Z48054_at,Z48199_at,Z48475_at,Z48481_at,Z48510_at,Z48511_at,Z48512_at,Z48520_at,Z48541_at,Z48570_at,Z48579_at,Z48605_at,Z48633_at,Z48804_at,Z48923_at,Z48950_at,Z49099_at,Z49155_at,Z49194_at,Z49205_at,Z49208_at,Z49254_at,Z49269_at,Z49878_at,Z49989_at,Z49995_at,Z50022_at,Z50053_at,Z50194_at,Z50749_at,Z50781_at,Z50853_at,Z56281_at,Z67743_at,Z68129_cds1_at,Z68204_at,Z68747_at,Z69720_at,Z69881_at,Z69915_at,Z69923_at,Z70219_at,Z70220_at,Z70222_at,Z70295_at,Z70723_at,Z70759_at,Z71389_at,Z71460_at,Z72499_at,Z73497_at,Z73677_at,Z73903_at,Z75330_at,Z78289_at,Z78290_at,Z78291_at,Z79581_at,Z80776_at,Z80777_at,Z80788_at,Z81326_at,Z83741_at,Z83742_at,Z83745_at,Z83799_at,Z83800_at,Z83802_at,Z83803_at,Z83804_at,Z83805_at,Z83806_at,Z83821_cds2_at,Z84483_at,Z84718_cds1_at,Z84721_cds1_at,Z84721_cds2_at,Z84722_at,Z93784_at,Z95624_at,Z96810_at,Z97054_xpt2_at,Z97074_at,AB002332_at,AB002533_at,AB006782_at,AF001548_rna1_at,D00860_at,D10040_at,D10925_at,D13146_cds1_at,D16105_at,D16480_at,D16481_at,D17532_at,D21235_at,D25304_at,D26070_at,D28791_at,D29805_at,D31889_at,D38073_at,D38081_at,D38122_at,D38502_at,D43968_at,D45132_at,D50405_at,D50550_at,D64108_at,D80000_at,D82347_at,D83646_at,D86550_at,D86958_at,D86988_at,D87002_cds2_at,HG162-HT3165_at,HG2465-HT4871_at,HG2743-HT2845_at,HG2841-HT2970_at,HG2846-HT2983_at,HG3543-HT3739_at,HG3859-HT4129_at,HG4679-HT5104_at,HG651-HT4201_at,J00220_cds4_at,J02783_at,J02986_cds1_at,J03027_at,J04168_at,J04182_at,J04449_at,J04513_at,J05633_at,K01900_at,K02766_at,L00058_at,L00205_at,L04282_at,L04569_at,L04731_at,L04751_at,L06133_at,L07615_at,L07648_at,L07919_at,L08895_at,L10413_at,L11066_at,L11284_at,L11702_at,L12052_at,L13744_at,L13773_at,L20688_at,L20860_at,L20965_at,L21998_at,L22454_at,L22569_at,L33075_at,L35263_at,L36870_at,L40397_at,L43576_at,L46353_at,L49380_at,L76517_at,L76569_at,L76627_at,L78833_cds1_at,M12783_at,M13577_at,M14123_xpt1_at,M14745_at,M14758_at,M15169_at,M16276_at,M16342_at,M19154_at,M20566_at,M21535_at,M24283_at,M24900_at,M27691_at,M31724_at,M34276_at,M34715_at,M37712_at,M38258_at,M55683_at,M58026_at,M60503_at,M60828_at,M61853_at,M64231_rna1_at,M65062_at,M69013_at,M69181_at,M73548_at,M76729_at,M81883_at,M83664_at,M84424_at,M85289_at,M87770_at,M91463_rna1_at,M93651_at,M94046_at,M94055_at,M96843_at,M97252_at,M97676_at,S41458_at,S60415_at,S66427_at,S66896_at,S68805_at,S69369_at,S76638_at,S77410_at,S78234_at,U04636_rna1_at,U07139_at,U08021_at,U09279_at,U09609_at,U10886_at,U11287_at,U12767_at,U13022_at,U14394_at,U16307_at,U17838_at,U17969_at,U18259_at,U18422_at,U18550_at,U20760_at,U20938_at,U22680_at,U22815_at,U22816_at,U25771_at,U25988_at,U26424_at,U28049_at,U28055_at,U31556_at,U33632_at,U33841_at,U34587_at,U35376_at,U36341_rna1_at,U37146_at,U37426_at,U38276_at,U38291_rna1_at,U40571_at,U40705_at,U41518_at,U41654_at,U41740_at,U43653_at,U47077_at,U47292_at,U49516_at,U50196_at,U53204_at,U57627_at,U58675_cds1_at,U58675_cds2_at,U60061_at,U61500_at,U61981_at,U62438_at,U67615_at,U72649_at,U73936_at,U74324_at,U82467_at,U83171_at,U94832_at,U94836_at,U95626_rna3_at,U96131_at,U96136_at,V00536_rna1_at,X02160_at,X02883_at,X03350_at,X04526_at,X05309_at,X05610_at,X06268_at,X07203_at,X12671_rna1_at,X14766_at,X15422_at,X15675_at,X16281_at,X16323_at,X16866_at,X17360_rna1_at,X52022_at,X52075_rna1_at,X52228_at,X54741_at,X55005_rna1_at,X55990_rna1_at,X56841_at,X57985_rna2_at,X58072_at,X59739_at,X63468_at,X63717_at,X64994_at,X65463_at,X65488_at,X65857_at,X66087_at,X66785_at,X70811_at,X71661_at,X72727_at,X72889_at,X73478_at,X74142_at,X75918_at,X77753_at,X78338_at,X78686_at,X78932_at,X80818_at,X81625_at,X82209_at,X82835_at,X83228_at,X89430_at,X90392_at,X92368_at,X95525_at,X95677_at,X99975_at,Y00264_at,Y07909_at,Y09445_at,Z15115_at,Z18956_at,Z23091_rna1_at,Z31695_at,Z48482_at,Z74615_at,D86974_at,HG2157-HT2227_at,J03060_at,L41390_at,M37485_cds1_at,S62907_s_at,AB000381_s_at,AB000410_s_at,AB000816_s_at,AB005535_s_at,AB002356_s_at,X95808_s_at,Y12393_s_at,AB006781_s_at,Z49107_s_at,AC000063_s_at,AC002045_xpt2_s_at,S62027_s_at,AC002477_s_at,AD000092_cds7_s_at,D10667_s_at,AF001787_s_at,S76853_s_at,AF012024_s_at,AJ000099_s_at,D00408_at,D00408_s_at,D00003_at,D00003_s_at,X83416_s_at,M23178_s_at,D00097_s_at,X02419_rna1_s_at,M18700_s_at,Y00097_s_at,M37271_s_at,D00749_s_at,X15331_s_at,L09229_s_at,X62429_s_at,L32832_s_at,D10326_s_at,D10537_s_at,L24893_s_at,D10922_s_at,L06797_s_at,L09230_s_at,D11327_s_at,D12620_s_at,D12775_s_at,M19650_s_at,S50017_s_at,M15465_s_at,D79206_s_at,HG1686-HT4572_s_at,D13413_rna1_s_at,D13631_s_at,D13638_s_at,D13666_s_at,D13705_s_at,D13720_s_at,D13814_s_at,HG1400-HT1400_s_at,HG2348-HT2444_s_at,HG3362-HT3539_s_at,HG1699-HT1704_s_at,U41766_s_at,D14826_s_at,S68271_s_at,HG2075-HT2137_s_at,X52213_s_at,Z49835_s_at,HG4541-HT4946_s_at,D16611_s_at,D16688_s_at,D16827_s_at,D17408_s_at,X83929_s_at,U00802_s_at,Z11685_s_at,S69231_s_at,D17570_s_at,X91653_s_at,D21241_xpt1_s_at,U23850_s_at,D26155_s_at,D26156_s_at,U62293_rna1_s_at,X77922_s_at,D87716_s_at,D26535_s_at,L15326_s_at,D28235_s_at,D28473_s_at,D28539_s_at,X59842_rna1_s_at,S78467_s_at,D29640_s_at,D29675_at,D29675_s_at,U34380_rna1_s_at,U10473_s_at,X14085_s_at,L00190_s_at,L27624_s_at,D30715_xpt5_s_at,D31628_s_at,X68688_rna1_s_at,D31833_s_at,L10377_s_at,D31840_s_at,S79862_s_at,X82279_s_at,D32002_s_at,HG4312-HT4582_s_at,D37781_s_at,HG4169-HT4439_s_at,D37984_s_at,X62153_s_at,U27325_s_at,U11821_s_at,D38163_s_at,D38251_s_at,S68874_s_at,D38496_s_at,U38964_s_at,D38537_s_at,S78771_s_at,D42040_s_at,Z84497_s_at,D43682_s_at,X90976_s_at,X89109_s_at,U23736_s_at,M19311_at,M19311_s_at,D45917_s_at,D49354_s_at,D49372_s_at,D49487_s_at,D49824_at,D49824_s_at,L38593_s_at,U50079_s_at,D50477_s_at,X86371_s_at,Z75190_s_at,D50855_s_at,U58046_s_at,D55643_s_at,D63479_s_at,D63861_s_at,D63882_s_at,D63940_s_at,S82447_s_at,M96954_s_at,Z79693_s_at,Y10807_s_at,D78132_s_at,D78577_s_at,D79984_s_at,S78271_s_at,U50822_rna1_s_at,D83017_s_at,D83260_s_at,D85131_s_at,D85425_s_at,D85759_s_at,U52373_s_at,D86043_s_at,Y10375_s_at,D86062_s_at,D86096_cds1_s_at,HG3238-HT4861_s_at,X83857_s_at,D86331_s_at,U19713_s_at,Z35085_s_at,U65533_s_at,X51755_cds5_s_at,U52191_s_at,L33930_s_at,Y08682_rna1_s_at,D88155_s_at,D89377_at,D89377_s_at,Z74792_s_at,X17059_s_at,D90070_s_at,J03260_s_at,HG1728-HT1734_at,HG1728-HT1734_s_at,D90279_s_at,M64710_s_at,HG2271-HT2367_at,HG2271-HT2367_s_at,X55448_cds1_s_at,HG110-HT110_s_at,HG1140-HT4817_s_at,HG1227-HT1227_s_at,M19828_s_at,HG1322-HT5143_s_at,HG1327-HT1327_s_at,M25079_s_at,HG1428-HT1428_s_at,HG1437-HT1437_s_at,HG1471-HT3923_s_at,HG1496-HT1496_s_at,X57351_at,X57351_s_at,HG1595-HT4788_s_at,M76125_s_at,HG167-HT167_s_at,HG1747-HT1764_s_at,HG1751-HT1768_at,HG1751-HT1768_s_at,U19247_rna1_s_at,HG1761-HT1778_s_at,HG1763-HT1780_s_at,J03915_s_at,U47025_s_at,M14199_s_at,U43901_rna1_s_at,HG1783-HT1803_s_at,HG1827-HT1856_s_at,U24183_s_at,M29874_s_at,HG1877-HT1917_s_at,Z26248_s_at,HG2007-HT2056_s_at,HG2090-HT2152_s_at,HG210-HT210_s_at,HG2175-HT2245_s_at,HG2197-HT2267_s_at,HG2238-HT2321_s_at,HG4069-HT4339_s_at,HG2259-HT2348_s_at,HG2260-HT2349_s_at,HG2261-HT2351_s_at,M86757_s_at,HG2358-HT4858_s_at,L14778_s_at,HG2367-HT2463_s_at,HG2379-HT3996_s_at,HG2379-HT3997_s_at,HG2380-HT2476_s_at,HG2383-HT4824_s_at,HG2414-HT2510_s_at,HG243-HT243_s_at,HG2441-HT2537_s_at,X52611_s_at,U10099_s_at,HG2479-HT2575_at,HG2479-HT2575_s_at,L08835_rna2_s_at,M87313_s_at,S52028_s_at,L26584_s_at,X06182_s_at,HG2562-HT2658_s_at,X13451_s_at,HG2564-HT2660_s_at,X16666_s_at,X52009_s_at,HG2591-HT2687_s_at,U22376_cds2_s_at,M29037_s_at,X55019_s_at,HG2639-HT2735_s_at,HG2649-HT2745_s_at,U48705_rna1_s_at,M90391_s_at,HG2705-HT2801_s_at,HG273-HT273_at,HG273-HT273_s_at,HG2730-HT2827_s_at,HG2730-HT2828_s_at,M58569_s_at,X16609_s_at,HG274-HT274_s_at,HG2743-HT2846_s_at,HG2743-HT3926_s_at,M83216_s_at,HG2797-HT2906_s_at,HG2797-HT2905_at,HG2797-HT2905_s_at,M91556_s_at,M13452_s_at,HG2809-HT2920_s_at,X04654_s_at,HG2815-HT2931_at,HG2815-HT2931_s_at,HG2815-HT4023_s_at,M58509_cds1_s_at,HG2841-HT2969_s_at,U22961_s_at,HG2841-HT2968_s_at,J00139_s_at,HG2850-HT4814_s_at,HG2868-HT3012_s_at,M89914_s_at,HG2981-HT3127_s_at,HG2981-HT3938_s_at,HG2981-HT3125_s_at,HG2987-HT3136_s_at,HG2994-HT4850_s_at,X52896_s_at,U77846_rna1_at,U77846_rna1_s_at,HG2999-HT4756_s_at,L07807_s_at,HG3044-HT3742_s_at,X02761_s_at,HG3075-HT3236_s_at,HG3076-HT3238_s_at,HG3085-HT3254_s_at,X75755_rna1_s_at,HG3105-HT3281_s_at,HG3107-HT3283_s_at,HG3125-HT3301_s_at,HG3148-HT3324_s_at,HG3187-HT3366_s_at,M31520_rna1_at,M31520_rna1_s_at,HG3242-HT4231_s_at,HG3242-HT3419_s_at,U05572_s_at,HG3319-HT3496_s_at,HG3327-HT3504_s_at,HG3342-HT3519_s_at,M97016_s_at,HG3395-HT3573_s_at,X68505_s_at,HG3412-HT3593_s_at,HG3417-HT3600_s_at,HG3426-HT3610_s_at,HG3431-HT3616_s_at,HG3432-HT3620_s_at,HG3437-HT3628_s_at,HG3484-HT3678_s_at,HG3523-HT4899_s_at,M13929_s_at,J03242_s_at,M17863_s_at,HG36-HT4101_s_at,HG3638-HT3849_s_at,HG3638-HT3993_s_at,HG3703-HT3915_s_at,J04093_s_at,HG371-HT1063_s_at,HG371-HT26388_at,HG371-HT26388_s_at,HG3725-HT3981_s_at,HG3730-HT4000_s_at,S80267_s_at,U10687_s_at,HG3914-HT4184_s_at,HG3920-HT4521_s_at,HG3925-HT4195_at,HG3925-HT4195_s_at,HG3928-HT4198_at,HG3928-HT4198_s_at,HG3954-HT4224_s_at,X77588_s_at,HG4011-HT4804_s_at,HG4020-HT4290_s_at,M74509_s_at,HG4063-HT4333_s_at,HG4094-HT4364_s_at,HG4099-HT4369_s_at,M13150_s_at,HG4116-HT4386_s_at,HG4113-HT4383_s_at,HG4120-HT4392_s_at,HG4155-HT4425_s_at,HG417-HT417_s_at,L13266_s_at,U09937_rna1_s_at,M20867_s_at,HG4264-HT4534_s_at,HG4318-HT4588_s_at,HG4334-HT4604_s_at,HG4517-HT4920_s_at,HG4535-HT4940_s_at,U19251_s_at,HG4668-HT5083_s_at,M57464_s_at,HG4683-HT5108_s_at,HG4755-HT5203_s_at,HG4757-HT5207_s_at,M79463_s_at,M82827_s_at,HG627-HT5097_s_at,HG627-HT5098_s_at,X54867_s_at,X57110_s_at,L07261_s_at,HG651-HT5209_s_at,Z68280_cds2_s_at,X07618_s_at,HG721-HT4828_s_at,HG721-HT4827_s_at,HG759-HT759_s_at,HG855-HT855_s_at,HG862-HT862_s_at,HG880-HT880_at,HG880-HT880_s_at,HG884-HT884_s_at,L08096_s_at,HG944-HT944_s_at,S76942_s_at,HG945-HT945_s_at,X54457_s_at,X77777_s_at,HG982-HT982_s_at,HG998-HT998_s_at,M10277_s_at,M97935_s_at,X01038_rna1_s_at,J00105_s_at,J00116_s_at,V00535_rna2_s_at,J00219_s_at,L00022_s_at,S71043_rna1_s_at,M87789_s_at,J00268_s_at,V00594_at,V00594_s_at,V00574_s_at,M29386_s_at,V00599_s_at,J02621_s_at,J02683_s_at,J02758_s_at,X05130_s_at,M27436_s_at,J02871_s_at,M13232_s_at,M22403_s_at,J02947_s_at,J02960_cds1_s_at,M29610_at,M29610_s_at,U05255_at,U05255_s_at,M17446_s_at,Y00339_s_at,U50327_s_at,J03077_s_at,J03241_s_at,U07804_s_at,U07806_s_at,J03263_s_at,Z74616_s_at,X51441_at,X51441_s_at,L25878_s_at,Y00285_s_at,M26004_s_at,S62696_s_at,M17183_s_at,M24351_cds3_s_at,M31551_s_at,J03626_rna1_s_at,X57579_s_at,U01691_s_at,X04729_s_at,J03778_s_at,M21119_s_at,M24349_s_at,M26958_s_at,J03805_s_at,M96233_s_at,U72648_s_at,J05253_s_at,J03934_s_at,J04029_s_at,J04046_s_at,M69203_s_at,J04130_s_at,J04152_rna1_s_at,M61827_rna1_s_at,X14684_s_at,J04430_s_at,U75272_s_at,M27968_s_at,X17567_s_at,X52979_rna1_s_at,S40719_s_at,J04617_s_at,X03689_s_at,J04810_s_at,J05016_rna1_s_at,J05036_s_at,J05200_rna1_s_at,J05252_s_at,J05582_s_at,M32304_s_at,X53002_s_at,M34996_s_at,K01160_s_at,S77835_s_at,X00695_s_at,X02176_s_at,K02777_s_at,M13058_s_at,M69197_xpt2_s_at,K03494_s_at,K03498_xpt1_s_at,M26901_s_at,M21642_at,M21642_s_at,X69920_s_at,L00634_s_at,X66113_s_at,L03411_s_at,L03840_s_at,U09851_s_at,L04483_s_at,L05072_s_at,L12760_s_at,M26665_at,M26665_s_at,L05624_s_at,L05628_s_at,Z94753_s_at,U50360_s_at,Z31560_s_at,M88461_s_at,U06643_s_at,U51003_s_at,L08044_s_at,S57212_s_at,L09209_s_at,L10333_s_at,L10338_s_at,X70940_s_at,M30607_s_at,X13766_s_at,L10615_s_at,L10955_cds1_s_at,U89922_s_at,L15189_s_at,L11238_s_at,L11244_s_at,L11701_s_at,U40002_s_at,U37055_rna1_s_at,U67932_s_at,L12060_s_at,L12711_s_at,U03397_s_at,X65727_cds2_s_at,L13939_s_at,X68285_s_at,X69886_s_at,L14848_s_at,L15296_s_at,U58837_s_at,X67235_s_at,L17075_s_at,L17418_cds2_s_at,U33838_at,U33838_s_at,Z22951_rna1_s_at,U23430_s_at,M67468_s_at,L19493_s_at,U11875_s_at,X64624_s_at,L20469_s_at,U59632_s_at,S75213_s_at,U18088_s_at,X63575_s_at,U24389_s_at,U02683_s_at,U18383_s_at,L22524_s_at,L23333_s_at,M27394_s_at,M60974_s_at,L24774_s_at,L25286_s_at,M89470_s_at,U45255_s_at,L25931_s_at,U35005_s_at,S69265_s_at,L27213_s_at,M62782_s_at,L27559_s_at,L27584_s_at,X69962_s_at,L29306_s_at,M96995_s_at,S77893_s_at,L32831_s_at,S75578_s_at,U80226_s_at,L33262_s_at,L34363_s_at,L35249_s_at,L35253_s_at,L46720_s_at,U19495_s_at,X95097_rna1_s_at,X95425_s_at,U17743_s_at,L37036_s_at,X94628_rna1_s_at,L37360_s_at,M34458_rna1_s_at,L37868_s_at,L38490_s_at,U15637_s_at,U32986_s_at,L40384_s_at,L40386_s_at,U61734_s_at,U43185_s_at,M97347_s_at,L49209_s_at,L42374_s_at,L43575_s_at,L43579_at,L43579_s_at,L44140_cds4_s_at,U28749_s_at,X92518_s_at,L47125_s_at,Z37987_s_at,L47276_s_at,Y08765_s_at,Y08766_s_at,U37546_s_at,U45878_s_at,L76528_s_at,U48436_s_at,X95463_s_at,U31215_s_at,U31216_s_at,L77567_s_at,U64315_s_at,U64805_s_at,U72882_s_at,V00565_s_at,M10051_s_at,M10321_s_at,M11025_s_at,X62891_s_at,M11313_s_at,X05855_at,X05855_s_at,X07438_s_at,X03363_s_at,X02875_s_at,M12963_s_at,X83705_s_at,M12959_s_at,M13560_s_at,M13690_s_at,M13686_s_at,M13829_s_at,M34353_s_at,M13928_s_at,X04445_rna1_s_at,X81851_s_at,M13994_s_at,M60891_s_at,U59058_s_at,M14328_s_at,M16336_s_at,M14483_rna1_s_at,X04602_s_at,Y00081_s_at,M26708_s_at,X64072_s_at,M15517_cds3_s_at,M27396_s_at,M16364_s_at,M16474_s_at,M36429_s_at,M16591_s_at,M16652_at,M16652_s_at,M16707_rna1_at,M16707_rna1_s_at,M16750_s_at,M16938_s_at,M31423_s_at,U08006_s_at,M28130_rna1_s_at,Y00787_s_at,M17236_at,M17236_s_at,M26856_s_at,M17254_s_at,Y00414_s_at,M18255_cds2_s_at,M18391_s_at,Z19554_s_at,Y00083_s_at,X54667_at,X54667_s_at,M19267_s_at,M19309_s_at,M19508_xpt3_s_at,M19878_at,M19878_s_at,M27783_s_at,M20203_s_at,X58298_s_at,M20642_s_at,M20747_s_at,M20778_s_at,M26311_s_at,M84371_rna1_s_at,M21142_cds2_s_at,M54914_s_at,M26692_s_at,Z20656_rna1_s_at,M21665_s_at,M35851_s_at,M33772_s_at,M26730_s_at,M22348_s_at,M23234_s_at,M23323_s_at,Z68228_s_at,M23892_s_at,X95325_s_at,M24122_s_at,M55024_s_at,M24485_s_at,M24486_s_at,M24736_s_at,M24748_cds2_s_at,M24766_s_at,M54915_s_at,X12876_s_at,X72632_s_at,U16799_s_at,M31776_s_at,S66541_s_at,M26041_s_at,Z80345_rna1_s_at,M26657_s_at,M27093_s_at,M27504_s_at,M27533_s_at,X60003_s_at,M28213_s_at,S72493_s_at,M29277_at,M29277_s_at,M28882_s_at,U20734_s_at,M29335_at,M29335_s_at,Z47055_s_at,M29932_s_at,M29994_s_at,M33493_s_at,M31516_s_at,M30257_s_at,M30448_s_at,X57152_rna1_s_at,M30625_s_at,M30703_s_at,M74587_rna1_s_at,X97748_s_at,M31169_s_at,M31211_s_at,M31241_s_at,M65214_s_at,M33684_s_at,U05681_s_at,M31774_s_at,X68090_s_at,X51435_s_at,X54199_s_at,M65292_s_at,M32879_at,M32879_s_at,M58286_s_at,M86873_s_at,M34338_s_at,U22178_s_at,M34376_s_at,M35093_s_at,S37730_s_at,U50648_s_at,M36118_s_at,X13955_s_at,M36284_s_at,M36542_s_at,X13810_s_at,M36653_s_at,Z38133_s_at,M57731_s_at,X53800_s_at,M37238_s_at,M37457_at,M37457_s_at,M86383_s_at,M38449_s_at,M55409_s_at,M86933_at,M86933_s_at,M55513_s_at,M60450_s_at,X54993_s_at,M55682_s_at,M55998_s_at,M57466_s_at,U16720_rna1_s_at,M57703_s_at,M65134_s_at,X13461_s_at,M58525_s_at,M59216_s_at,X52282_s_at,M60284_s_at,M60483_rna1_s_at,X69950_s_at,M60784_s_at,S81661_s_at,M61826_s_at,M61832_s_at,X65962_s_at,S82362_s_at,M62403_s_at,S38742_s_at,M62628_s_at,X53595_s_at,M73746_s_at,M63438_s_at,M92843_s_at,M63838_s_at,M64269_s_at,X51823_at,X51823_s_at,M81886_s_at,Z26491_s_at,M68907_s_at,S67247_s_at,M72885_rna1_s_at,M73239_s_at,M74088_s_at,X63131_s_at,M74715_s_at,U04285_s_at,Z31690_s_at,M75715_s_at,M76732_s_at,X74929_s_at,M77348_rna1_s_at,X90824_s_at,M77829_s_at,M80397_s_at,X62083_s_at,M81181_s_at,X58528_s_at,M81182_s_at,M81695_s_at,M81778_s_at,X80763_s_at,M83652_s_at,X62534_s_at,M83667_rna1_s_at,M83712_s_at,M84820_s_at,U84011_s_at,X15673_s_at,X62515_s_at,M87507_s_at,M91368_s_at,M91669_s_at,X03794_s_at,S54005_s_at,U33202_s_at,U33203_s_at,S57132_s_at,X57348_s_at,X56088_s_at,X75091_s_at,M94172_s_at,Y10141_s_at,M95585_s_at,X68985_s_at,S49592_s_at,M96738_s_at,M97796_s_at,X14253_s_at,X60299_s_at,X59303_s_at,M98399_s_at,S76978_s_at,S38953_s_at,X63741_s_at,X66142_s_at,X57809_at,X57809_s_at,S62028_s_at,S52969_cds1_s_at,X65784_s_at,S56151_s_at,S57153_s_at,U95019_s_at,U12387_s_at,S62904_s_at,S68134_s_at,X86401_s_at,S69272_s_at,S69370_s_at,X51362_s_at,S72024_s_at,S72503_s_at,U24056_s_at,S73885_s_at,U31929_s_at,U15641_s_at,S75256_s_at,U33052_s_at,S75881_s_at,S76473_s_at,U05012_s_at,U20816_s_at,S76756_s_at,S77154_s_at,U00001_s_at,S78798_s_at,S78873_s_at,S79219_s_at,S79873_s_at,S80437_s_at,X58199_s_at,S81243_s_at,S81264_s_at,S81737_s_at,S82471_s_at,S82597_rna1_s_at,S83309_s_at,S83325_s_at,S83362_s_at,S83390_s_at,S83513_s_at,U22322_s_at,X04347_s_at,U00947_s_at,U12259_cds2_s_at,U02566_s_at,U04806_s_at,X73358_s_at,U06155_at,U06155_s_at,U08854_s_at,Z48314_s_at,U29463_s_at,U07969_s_at,U51010_s_at,U08191_s_at,U09087_s_at,U18271_cds3_s_at,U09178_s_at,U09510_s_at,U09716_s_at,U72935_cds3_s_at,U09820_s_at,Z29066_s_at,U11717_s_at,U13913_s_at,U28758_s_at,U11862_s_at,U27516_s_at,U12424_s_at,U29943_s_at,U12707_s_at,X75346_s_at,U13021_s_at,U13696_s_at,U14577_s_at,U15642_s_at,U16120_s_at,X91911_s_at,U16812_s_at,U16811_s_at,X84213_s_at,X74301_s_at,U18297_s_at,U19147_s_at,U19252_s_at,U19557_s_at,U31973_s_at,U20536_s_at,U20759_s_at,U22314_s_at,U22431_s_at,U22970_rna1_s_at,X78416_s_at,U23435_s_at,U23852_s_at,U24488_s_at,U25034_s_at,U32499_s_at,U26173_s_at,U26266_s_at,U26312_s_at,U60206_s_at,Z16411_s_at,U27333_at,U27333_s_at,U27326_s_at,U28488_s_at,U75276_s_at,Z50115_s_at,U30827_s_at,U31201_cds2_s_at,U45328_s_at,U31903_s_at,U41068_cds2_s_at,U32674_s_at,U33448_s_at,U90065_s_at,U40271_s_at,U43203_s_at,X82850_s_at,U67092_at,U67092_s_at,X91196_s_at,X85116_rna1_s_at,U33936_s_at,U34070_s_at,X89986_s_at,U40317_s_at,U35637_s_at,U35835_s_at,U41163_s_at,U36759_s_at,Z69030_s_at,X85137_s_at,U38227_s_at,Z47038_s_at,X81832_s_at,U40152_s_at,U74382_s_at,X93511_s_at,U40763_s_at,U40846_s_at,U76366_s_at,U41315_rna1_s_at,X76942_s_at,U41767_s_at,X96506_s_at,U51333_s_at,U43189_s_at,U43747_s_at,U43916_s_at,U44799_s_at,U45448_s_at,U46746_s_at,X51698_s_at,U47686_s_at,U48865_s_at,U49020_cds2_s_at,Z49148_s_at,U49835_s_at,U49957_s_at,U50361_s_at,U50527_s_at,U52077_s_at,X99374_s_at,X92493_s_at,U52696_s_at,U52828_s_at,Z54367_s_at,U54644_s_at,U66711_rna1_s_at,U56402_s_at,U59877_s_at,U57623_s_at,U57971_s_at,X60787_s_at,U59831_rna1_s_at,U69140_s_at,U60808_s_at,U61276_s_at,U67122_s_at,X99586_s_at,U61397_s_at,U79261_s_at,Y08417_s_at,U72263_s_at,U67368_s_at,U64573_s_at,U65416_rna1_s_at,X56687_s_at,X00437_s_at,U66726_at,U66726_s_at,Z70276_s_at,U66828_s_at,U70064_s_at,U68105_s_at,Z48501_s_at,U68135_s_at,U68162_cds1_s_at,U69126_s_at,U86755_s_at,U70439_s_at,U71203_s_at,Y07565_s_at,U72509_s_at,Y09943_s_at,U72936_s_at,U73167_cds2_s_at,U73477_s_at,Y09392_s_at,U79528_s_at,U75309_s_at,U76764_s_at,U79115_s_at,U79667_s_at,X99897_s_at,U80987_s_at,Y10262_s_at,U82108_s_at,U83239_s_at,U83326_s_at,X99393_s_at,U83598_at,U83598_s_at,U86759_s_at,U90543_at,U90543_s_at,U90552_at,U90552_s_at,Y07827_s_at,U92314_s_at,U92457_s_at,Y08265_s_at,X17644_s_at,X58822_rna1_s_at,X05839_rna1_s_at,X04470_s_at,X04706_s_at,Z11518_s_at,X06700_s_at,X12530_s_at,X07619_s_at,X65965_s_at,X13100_s_at,X14885_rna1_s_at,X52426_s_at,X14690_s_at,X15954_rna1_s_at,X15729_s_at,X16260_s_at,X16504_s_at,X16660_cds1_s_at,X70944_s_at,X56681_s_at,X60955_s_at,X53296_s_at,X61755_rna1_s_at,X53390_s_at,X55037_s_at,Y00451_s_at,X58431_rna2_s_at,X59932_s_at,X60104_s_at,X63522_s_at,X74874_rna1_s_at,X83492_at,X83492_s_at,X83490_s_at,X89101_s_at,X64877_at,X64877_s_at,X66276_s_at,X66894_s_at,X98337_s_at,X69116_s_at,Z25521_s_at,X85781_s_at,X86428_s_at,X74987_s_at,X76223_s_at,X77567_s_at,X79200_at,X79200_s_at,Z34974_s_at,X79683_s_at,X97267_rna1_s_at,X81836_s_at,X82206_s_at,Z70218_s_at,X83301_s_at,X83535_s_at,X87871_s_at,Z49825_s_at,Z69043_s_at,X90846_at,X90846_s_at,X95240_s_at,X95632_s_at,X98178_s_at,X98534_s_at,X99886_s_at,Y10514_s_at,Y10508_s_at,Z11899_s_at,Z35402_rna1_s_at,Z48519_s_at,AF000424_s_at,D83174_s_at,U46006_s_at,HG3546-HT3744_s_at,HG4677-HT5102_s_at,K02882_cds1_s_at,M36430_s_at,M95936_s_at,S82297_at,X89399_s_at,HG3996-HT4266_at,M21305_at,M58460_at,S77582_at,U33880_at,X14474_at,HG2147-HT2217_at,HG2147-HT2217_r_at,HG2171-HT2241_at,HG2171-HT2241_r_at,HG2239-HT2324_at,HG2239-HT2324_r_at,HG2365-HT2461_at,HG3033-HT3194_at,HG3033-HT3194_r_at,HG3115-HT3291_at,HG3565-HT3768_at,HG3565-HT3768_r_at,HG3731-HT4001_at,HG3731-HT4001_r_at,HG3991-HT4261_at,HG3991-HT4261_r_at,HG4340-HT4610_at,HG4518-HT4921_at,HG4518-HT4921_r_at,HG4557-HT4962_at,HG4557-HT4962_r_at,L11672_at,L11672_r_at,M21388_at,M21388_r_at,M55422_at,M96132_at,U57341_at,U57341_r_at,U90546_at,U90546_r_at,X87344_cds10_at,X87344_cds10_r_at,X98482_at,X98482_r_at,HG1067-HT1067_r_at,HG2566-HT4792_r_at,HG2702-HT2798_r_at,HG2887-HT3031_at,HG2887-HT3031_r_at,U34301_at,U34301_r_at,X94563_xpt2_r_at,Z46632_at,Z46632_r_at,AF001359_f_at,HG1034-HT1034_f_at,HG2148-HT2218_f_at,HG3141-HT3317_f_at,HG3236-HT3413_f_at,HG3576-HT3779_f_at,HG3597-HT3800_f_at,HG3635-HT3845_f_at,HG3729-HT3999_f_at,HG3921-HT4191_f_at,HG4417-HT4687_f_at,HG688-HT688_f_at,J02982_f_at,J03801_f_at,L05514_f_at,L49173_f_at,L49219_f_at,L49229_f_at,L76670_f_at,M19045_f_at,M23575_f_at,S78693_f_at,X14008_rna1_f_at,X59244_f_at,X97230_f_at,D16154_at,D17793_at,D38024_at,D49728_at,D87017_cds3_at,D90042_at,HG1980-HT2023_at,HG1996-HT2044_at,HG2149-HT2219_at,HG2160-HT2230_at,HG2600-HT2696_at,HG3491-HT3685_at,HG3513-HT3707_at,HG3636-HT3846_at,HG4108-HT4378_at,HG4109-HT4379_at,HG4115-HT4385_at,HG4322-HT4592_at,HG4593-HT4998_at,HG491-HT491_at,HG881-HT881_at,J00146_at,J00207_rna2_at,J00210_rna1_at,J00220_cds5_at,J03910_rna1_at,J05412_at,K03431_cds1_at,L05187_at,L08010_at,L13740_at,L14430_at,L20433_at,L32606_at,L34035_at,M10942_at,M10943_at,M12125_at,M13485_at,M14306_at,M16714_at,M19888_at,M21302_at,M21539_at,M23263_at,M30838_at,M31523_at,M31932_at,M32578_at,M35999_at,M36072_at,M37075_at,M37981_at,M38180_rna1_at,M55418_at,M55419_at,M60746_at,M60751_at,M61855_at,M68519_rna1_at,M77144_rna1_at,M81650_rna1_at,M90354_at,M92642_at,M93311_at,M99435_at,M99436_at,M99438_at,M99439_at,S68287_at,S72043_rna1_at,S73840_at,S74720_at,S78774_at,U00928_at,U01317_cds4_at,U02388_at,U03858_at,U05861_at,U12140_at,U19765_at,U21556_at,U24153_at,U24683_at,U24685_at,U25975_at,U27460_at,U28014_at,U28015_at,U40279_at,U43944_at,U44103_at,U44105_at,U49441_at,U62432_at,U66061_cds3_at,U66077_at,U76388_at,U82279_at,U82979_at,U83117_at,U84388_at,U92027_at,X00088_at,X00948_at,X00949_at,X01703_at,X02956_at,X02958_at,X06825_at,X16546_at,X17093_at,X54489_rna1_at,X55989_rna1_at,X58399_at,X58401_at,X60487_at,X69115_at,X69654_at,X72304_at,X72475_at,X78712_at,X87211_at,X90530_at,X98225_at,X98296_at,X99133_at,Y07566_at,Y13618_at,Z00010_at,Z30643_at,Z30644_at,Z46261_at,Z47556_rna2_at,Z49105_at,Z68274_at,Z80779_at,Z80781_at,Z80783_at,Z80787_at,Z83336_at,Z83735_at,D17427_at,D17547_at,D29992_at,D64053_at,D86096_cds6_at,J00277_at,J00314_at,J03634_at,L05144_at,L08904_at,L11931_at,L13943_at,L32961_at,L35594_at,L36644_at,L37112_at,M15395_at,M16594_at,M16653_at,M17252_at,M24069_at,M25296_at,M25667_at,M28170_at,M28439_at,M36634_at,M60614_at,M62303_at,M64752_at,M95740_at,M96956_at,U01337_at,U01828_at,U03494_at,U04241_at,U09587_at,U14187_at,U18934_at,U20499_at,U21689_at,U35234_at,U46744_at,U47677_at,U62434_at,U69611_at,X00038_at,X00540_at,X05345_at,X06318_at,X07496_at,X07730_at,X12953_at,X14767_at,X16105_at,X51345_at,X52889_at,X53683_at,X78711_at,X80878_at,X81637_at,X95876_at,X96754_at,X98253_at,Y00477_at,Z11933_at,Z14978_at,Z68193_at,Z86000_at,M27749_at,M27749_r_at,M33318_r_at,M34516_at,M34516_r_at,U22028_at,U22028_r_at,U88898_at,U88898_r_at,X97261_at,X97261_r_at,D32129_f_at,D38437_f_at,D38498_f_at,HG1515-HT1515_f_at,HG2139-HT2208_f_at,HG2255-HT2344_f_at,HG2915-HT3059_f_at,HG2917-HT3061_f_at,HG3527-HT3721_f_at,HG3707-HT3922_f_at,HG4027-HT4297_f_at,HG4236-HT4506_f_at,HG4490-HT4876_f_at,HG458-HT458_f_at,HG67-HT67_f_at,J00117_f_at,J00148_cds2_f_at,J00209_f_at,J00212_f_at,J03071_cds3_f_at,K02405_f_at,K03183_f_at,K03189_f_at,K03192_f_at,K03204_f_at,K03207_f_at,L00389_f_at,L02326_f_at,L05188_f_at,L18877_f_at,L18920_f_at,L42583_f_at,L42601_f_at,L42611_f_at,L76568_xpt3_f_at,M20030_f_at,M22612_f_at,M27318_f_at,M28585_f_at,M33317_f_at,M33600_f_at,M37755_f_at,M57423_f_at,M60750_f_at,M77481_rna1_f_at,M90356_f_at,M92269_f_at,U03735_f_at,U10689_f_at,U10690_f_at,U22029_f_at,U49974_f_at,U65918_f_at,V00532_rna1_f_at,V00533_rna1_f_at,V00542_f_at,V00551_f_at,V01516_f_at,X00090_f_at,X13930_f_at,X53065_f_at,X64177_f_at,X67491_f_at,X71345_f_at,X97444_f_at,Z80780_f_at,X00351_f_at,X01677_f_at,M31667_f_at,L41268_f_at,X99479_f_at,HG658-HT658_f_at,M94880_f_at,S80905_f_at,X03068_f_at,Z34822_f_at,U87593_f_at,U88902_cds1_f_at,AC002076_cds2_at,D64015_at,HG2510-HT2606_at,L10717_at,L34355_at,L78833_cds4_at,M13981_at,M21064_at,M93143_at,S78825_at,U11863_at,U29175_at,U48730_at,U58516_at,U73738_at,X06956_at,X16699_at,X83863_at,Z17240_at,L49218_f_at,M71243_f_at,Z78285_f_at
39,-342,-200,41,328,-224,-427,-656,-292,137,-144,48,-591,-622,-342,294,241,-7,-108,45815,57,422,-185,-48,-181,-4,-132,-2,115,41,-50,-202,113,-557,-687,-289,-195,135,267,57,-238,-337,6339,5199,9045,19541,27768,24477,149,19,229,6418,27707,456,622,72,267,-70,-299,193,241,-38,251,98,-260,149,275,2573,168,1151,-885,-883,-106,-685,147,-328,-77,301,111,1016,-60,190,1233,207,0,43,767,195,1214,461,48,311,115,494,473,82,-70,-14,226,111,-74,260,-45,79,161,-19,115,3089,996,-936,325,154,74,214,-456,-591,-378,118,-55,16,-243,-31,-65,439,1050,-137,-485,-62,-217,140,786,224,7,19,26,43,630,-4,2044,922,432,103,415,135,214,-103,403,36,1373,-24,540,627,123,24,2539,685,-200,1585,-511,511,-340,55,14,1023,337,-45,-43,328,456,794,395,905,-103,-251,-16,258,185,200,-111,-21,642,1122,-50,12,171,-166,60,0,-118,-786,28,2768,-7,-43,-113,340,1366,135,74,-31,330,229,359,-9,115,31,195,161,456,1105,760,272,-1484,125,-53,3225,-1303,569,2293,-135,1479,231,-130,205,-45,65,13361,-410,436,444,-12,-82,400,417,598,101,50,354,557,1431,296,2920,238,2404,0,36,-325,-79,164,238,547,-21,473,369,41,407,-393,190,89,-19,79,1494,1837,-999,502,-265,14,7,-1332,-24,-207,-572,388,1163,523,1945,557,-12,21,-487,147,-14,243,5305,57,132,130,140,412,398,-101,11541,1897,2819,-38,1573,799,330,482,323,668,181,-207,-79,50,627,-70,280,3314,202,-21,-212,456,-98,181,313,-12,193,-70,144,33,318,1764,1537,1204,707,342,586,378,120,284,1612,2575,475,202,118,369,9,429,2317,765,98,306,726,168,55,94,1129,149,-226,1187,521,156,5798,446,120,147,1310,125,67,-12,514,1141,615,2071,108,432,-86,1520,176,1226,465,-284,275,292,1040,842,-106,1079,975,296,316,31,-161,1704,608,1013,-748,538,-238,275,-135,12,168,-354,33,415,65,260,982,354,840,280,490,176,137,-74,48,-246,-231,304,591,1532,26,-28,572,195,222,-152,-130,-9,-77,-113,627,615,311,144,1643,284,41,260,2179,313,-159,149,125,354,654,132,241,-7,1583,243,477,-55,-111,-212,108,7,156,1141,898,127,1033,671,-154,-668,1025,-873,101,-965,214,9,844,3558,-352,84,-463,-98,159,639,36,24,-4,-289,24,-125,188,-552,-135,1136,171,258,724,605,-345,234,292,-103,140,147,-103,265,-154,-311,202,357,202,36,45,813,-632,-226,885,946,-444,1050,436,-4,970,48,-555,415,347,337,350,9,946,586,-28,813,48,835,178,55,-692,1035,398,263,82,265,799,5726,164,864,1062,601,371,166,347,246,516,953,19135,869,337,-12,50,-313,72,16,96,2331,185,378,1894,1528,263,-123,376,-28,91,-132,11954,159,-60,101,272,25069,26,-876,984,-345,79,-125,246,736,395,176,173,188,630,-103,-490,835,-4,2066,132,140,-9,231,555,171,272,74,-120,350,41,555,195,-38,12,50,103,26,432,142,506,207,-878,272,173,1395,53,-147,38,82,282,-642,-26,337,-212,883,3106,45,-140,-255,-79,-258,190,-164,589,-77,123,65,258,509,388,55,-260,808,43,567,82,9,-168,1178,-123,772,835,171,313,-38,60,1202,267,275,55,62,19,152,127,-57,605,989,490,926,902,2928,-912,19,1088,-207,137,241,-202,1378,429,253,808,-7,-62,294,878,-178,-60,-106,-113,-308,791,794,-200,424,60,429,294,-4,152,475,161,-84,222,12,704,-593,-260,-627,207,603,111,1351,898,7,936,38,-12,178,91,398,-48,84,21,960,294,178,-2710,161,-70,2,188,1151,101,1262,171,313,243,154,280,386,330,89,523,-120,72,253,-33,7367,127,229,118,-33,1139,-330,120,555,-347,-94,502,2006,149,62,-115,96,724,-1600,188,229,-24,-2,-226,709,91,212,434,1458,236,111,-4,427,789,-43,2295,-113,485,21,-24,77,-173,270,1472,-200,318,48,-7,1120,378,57,-197,1682,2273,96,12,704,-304,4057,2677,1392,357,552,48,-14,-82,14445,707,82,2189,417,1796,340,362,91,888,-388,-509,468,-72,-1322,-451,-808,-212,91,-371,407,12,2807,1223,659,-94,789,994,1245,-374,284,-142,159,733,21,721,540,-318,-323,395,-94,154,3065,72,-446,-98,-89,391,-716,38,953,-135,-241,-487,-149,-617,123,98,975,-43,178,-154,383,164,123,-210,697,20564,724,383,-350,1764,-267,255,-934,7022,-125,-251,-55,53,-16,357,490,301,30146,499,241,53,318,357,-178,1327,219,-340,14862,-67,-140,53,-28,2602,17086,-67,-910,53,-33,154,195,680,-777,1962,38,289,-111,91,3901,41,576,644,23575,3225,-482,704,449,412,712,45,-287,562,12,-33,5887,60,-178,-31,94,26,304,774,77,-161,-284,183,48,304,48,127,33,-615,620,1117,33,-823,222,1588,-398,-159,94,207,-724,453,354,238,731,-149,-260,65,-436,108,-48,490,178,91,-405,142,108,842,-53,96,-178,924,96,383,-374,-535,13327,-111,1098,323,330,0,-502,-555,-67,77,-96,-424,659,9378,89,391,-94,487,-593,91,265,41,-19,-2,417,395,-678,-2771,10894,898,178,-183,4704,-176,67,-164,13363,-753,835,434,596,-43,-28,-1706,613,-103,429,-212,123,-284,197,1221,-267,60,149,-506,-74,197,304,-260,-197,-33,-67,-770,357,412,2148,811,531,330,132,-229,62,449,2216,328,591,-212,6290,-260,473,523,1001,-393,-82,57,5907,1776,968,569,6109,142,41,53,4823,485,-74,84,828,-65,125,118,-248,72,-57,89,427,57,1342,1711,-120,-33,193,7,1542,516,-601,-26,-72,164,74,1219,231,555,2264,-164,53,-202,-270,704,569,1204,736,36,159,-14,5738,772,96,86,345,-4,7,38,45,-82,-101,-38,786,1187,1853,1165,-43,-7,-345,-132,103,26,3394,202,564,289,4,946,183,178,111,125,-31,135,1293,0,-251,120,144,342,48,444,456,-197,1590,236,98,-9,519,400,-24,161,222,142,111,395,873,-231,572,-115,243,-642,125,53,-26,2853,400,-354,-210,43,38,318,-398,453,-333,799,-415,152,-511,217,-267,-74,-77,-321,543,569,-60,-1040,-26,-137,36200,5175,43,-183,-519,436,26,50,111,299,-342,9,545,65,-671,-89,-31,5453,-345,210,212,-31,21,-101,1272,-96,939,1018,-74,21,183,1185,166,-41,190,350,519,19,43,-48,-50,-190,4,26,1728,113,569,-79,902,-118,265,-246,31,217,-178,3287,57,427,-33,72,989,-1530,263,0,1344,-123,1515,10206,-21,287,-125,357,1571,86,1313,98,86,164,311,207,115,1549,905,67,67,-41,-101,-84,786,24,258,-7,-1011,-185,236,41,663,2761,424,586,181,-306,502,171,-144,101,-514,898,84,439,2276,144,651,77,-646,246,260,-335,432,-1407,-33,1419,671,296,999,1593,156,-164,79,147,4147,-171,267,149,-62,881,560,1774,224,-135,572,680,111,847,26,531,214,1105,12364,48,1429,1337,-77,7,19693,74,1028,-55,678,311,1380,28,-41,65,-4,864,55,760,65,67,-106,86,4272,144,-210,613,12,634,1052,-521,-475,4185,200,103,226,760,350,-463,-28,-21,-67,171,-1354,-188,125,1730,-238,760,675,6177,1240,436,152,-736,12,376,226,238,316,-439,9,7905,123,-333,236,31,-98,-19,-1163,125,405,-50,130,241,-48,562,813,-188,176,98,263,101,-1689,424,1006,-144,-12,-156,-103,74,659,1042,-2,304,224,65,19,301,91,43,125,941,354,-415,-185,-608,299,292,1395,166,424,514,386,57,-12,67,185,-16,666,-43,154,-65,57,-543,98,690,21,265,1445,82,38,287,26,195,28,-757,2462,376,24,1013,-21,123,127,1330,195,-74,292,1006,760,659,429,683,608,229,-53,362,1552,70,712,176,337,-156,678,439,171,173,-125,74,161,1228,458,888,-86,181,72,1494,-45,639,11852,446,-89,-91,-98,214,-154,108,330,108,-33,497,890,24,449,-222,137,-415,-200,127,333,-38,108,366,-9,197,432,-31,7,197,432,-226,-74,-14,410,393,-12,246,-24,-236,195,-154,407,-789,-62,-697,-86,347,-171,152,173,-451,687,-453,111,296,-89,-461,26,86,-26,-55,473,842,550,864,111,494,-19,188,533,236,400,234,111,449,28,36,386,101,837,212,-120,-313,1330,-12,178,-33,3700,-19,284,1052,700,632,342,16,62,9,492,210,-84,24,362,-258,567,-43,-168,-176,-1677,337,-729,690,4,43,671,-12,205,-185,-907,166,480,-106,14,1612,6288,301,-181,7794,-45,41,164,-451,-84,125,197,8700,779,-111,301,-156,1035,-127,36,67,137,487,217,1081,321,-65,999,333,-120,381,4142,96,-393,12229,96,-547,417,289,98,224,140,125,-120,294,-352,407,-120,-98,-118,-144,323,-48,-62,108,861,120,-289,328,984,716,-19,-19,-963,861,-166,147,284,140,236,-750,287,164,7126,453,55,931,0,-222,190,-14,57,156,149,-190,-33,33,345,-410,181,27495,415,18486,13566,15087,60,-142,31,-74,-451,407,854,5870,21,-313,1808,490,939,-700,434,-371,473,1124,-149,161,214,193,340,207,-21,371,-547,-1460,400,-84,934,-190,9,545,6387,-98,963,-494,557,2,24,125,605,-1277,255,-178,407,-135,-342,729,745,12,-12,762,135,-383,453,873,144,642,417,-178,159,84,246,202,168,514,130,57,-308,7925,159,20417,2464,94,171,-1277,74,161,-28,461,164,-683,43,-299,323,340,-84,308,60,149,50,72,-135,-2,246,-354,-28,477,453,-106,405,458,6406,316,168,-94,-801,-26,101,12,1086,-16,-65,465,-395,-140,176,-231,120,-700,171,492,439,-123,-292,280,200,866,-74,275,516,82,506,806,-43,166,-19,-53,632,939,589,31,168,330,-190,210,246,-2,19,316,7,398,2080,-888,224,226,91,-43,5308,825,9969,1158,-391,3321,188,142,96,-123,-876,96,-910,321,308,55,383,453,586,84,9,4591,-45,-123,2,-2,188,335,-60,-9,386,1670,178,-212,3005,1279,140,16,755,-137,-115,1151,547,101,3512,154,113,873,212,301,574,398,-123,154,12,214,-55,43,159,342,762,253,427,166,-111,260,444,2203,625,205,74,622,43,255,1351,118,144,388,-125,-108,482,21,371,31,-176,4,123,70,347,65,632,224,627,519,2,-31,381,115,1344,-41,299,494,-96,9,675,-241,226,149,-53,33,284,-82,14,777,328,-219,65,-28,651,-113,2640,1453,188,847,43,197,-28,-205,318,-345,2544,231,74,1969,567,-43,292,200,383,-200,79,-202,-318,-142,120,468,154,-4,774,724,-31,-1216,4,94,-79,644,96,-28,82,731,21,1347,130,3859,154,20347,2708,651,-130,-176,101,-60,-190,176,7,284,251,31,2,-12,96,147,-374,1738,499,-289,48,8786,-627,-26,-19,-412,241,951,-67,656,202,296,-173,207,403,-395,1269,84,712,748,347,77,-53,-214,31,1057,-828,444,-164,84,-108,248,12,267,340,171,-171,31,-33,634,-383,53,255,-137,-111,12943,-1202,1426,-84,-103,200,4,581,33,337,224,-465,67,506,79,31,-212,-135,579,-214,538,26,965,193,207,111,224,7285,3538,84,-38,-70,-70,-321,-492,-137,241,26,197,57,922,33,-38,-2,137,140,410,94,-214,41,-106,1557,-28,195,-335,135,2739,304,417,-246,190,333,-149,-417,683,103,-210,178,-195,236,149,181,-82,67,33,10442,-144,111,666,-584,550,132,528,-135,610,118,-67,-2414,296,-241,335,-243,234,391,214,7,-106,847,41,9,20016,598,140,-263,523,393,898,108,94,260,697,161,-16,777,854,-53,1202,-45,-1185,38,-164,120,-38,465,-255,-123,-89,2708,57,-323,72,13721,1962,24,342,251,-144,-236,-391,642,270,3215,-166,-111,14,709,1267,74,207,569,82,72,-1472,-202,-48,-560,144,147,700,-26,347,646,45,955,-294,1682,246,1235,-7,441,127,2022,82,188,-57,-89,2751,543,-308,267,70,197,-36,57,-7,849,-4,405,149,335,205,308,429,504,579,3633,736,-84,72,-547,185,509,3418,197,125,644,45,147,861,292,745,-137,183,72,729,1981,74,-434,-41,-434,7184,1409,1134,-41,446,1610,195,345,-567,-82,477,470,321,311,1289,1165,861,120,197,60,222,-36,-67,627,-485,830,31,53,-603,1643,420,132,514,1100,1356,108,45,127,-36,663,1245,572,-753,1158,-154,337,-135,832,777,195,555,-159,-60,634,224,33,28,149,272,168,337,-91,43,869,-7,-1474,-79,45,388,550,-24,-207,79,799,808,200,135,-7,835,91,144,178,9,1182,267,164,96,-74,-123,-113,149,-260,354,-231,67,410,719,-185,50,-12,120,1781,67,6124,140,-118,465,989,265,480,516,-113,62,-62,1301,111,16,31,-241,173,509,-284,907,86,-123,301,-41,217,62,188,907,253,166,147,449,335,26,337,108,142,330,-159,10039,200,-12,-519,185,-19,-234,45,439,108,-415,-62,468,366,-260,253,183,33,-120,70,234,-357,-60,1349,-70,876,4,16,-482,-200,31,106,-613,101,159,-567,306,62,321,439,-844,82,289,190,234,352,106,550,45,-137,-212,639,-251,36,685,960,282,-7,115,364,217,48,1692,-485,123,704,21,53,-417,-24,140,43,-214,248,304,284,4210,422,366,-282,671,468,98,-171,-24,1793,142,547,803,-253,605,376,-1812,924,0,393,301,251,89,16,434,-130,118,57,-308,24,-62,214,2,248,251,159,36,-333,330,127,-9,-74,953,-96,552,12968,700,-149,1788,-118,1141,-439,465,147,238,-41,96,7,241,-74,354,103,62,108,258,362,-205,-31,-485,451,485,680,164,296,-106,111,1419,255,1202,-168,1911,43,-33,1385,9,359,-82,65,-9,60,-357,183,395,28,-1013,-357,154,57,-156,345,296,936,-197,45,132,680,-164,248,-21,243,149,277,38,296,342,-905,270,0,929,526,287,77,248,1011,1351,871,374,598,-57,-731,11396,265,3374,-41,154,779,260,444,91,125,282,26,453,164,-33,564,1192,82,2,-43,-38,0,183,2266,118,301,89,89,277,10071,10718,9257,-14,-2,50,231,101,48,593,149,-113,21,28,111,275,378,-108,620,-255,393,-62,212,473,-45,-127,12,313,238,67,444,-9,267,79,48,84,352,666,1923,84,149,12994,21552,17547,12934,10278,28844,4212,313,2273,50,-654,712,-9,251,659,159,65,-395,-222,424,19,-62,248,458,98,161,-130,267,-43,149,-70,451,280,14,359,168,79,-195,50,-12,-72,91,656,202,-127,444,-82,19,354,108,-168,-2,1129,-238,33,-55,253,441,589,-388,195,350,-168,535,296,94,608,108,185,229,852,140,-9,101,-111,-207,258,26,53,-14,120,72,1158,383,149,7,-57,-168,980,98,55,439,509,217,-381,55,1192,497,70,-125,-673,540,-84,193,183,-14,267,89,-62,1035,453,-470,359,-48,-33,-415,36,173,325,350,33,-36,907,7,200,96,-38,-38,193,371,171,125,195,120,1771,36,284,2172,704,1322,-176,96,115,-101,-65,359,36,-195,38,207,280,125,497,-9,260,526,3176,219,-132,185,72,-214,-14,127,106,-86,-383,446,140,2,-634,202,-135,7,-33,-86,350,38,115,-755,-79,794,149,-267,251,94,-120,-224,-12,-101,24,441,-118,700,569,-719,0,275,236,779,-125,540,-53,166,-70,2981,888,453,50,639,272,342,-294,94,219,412,-108,1308,-323,984,-19,147,364,270,325,106,4,96,-168,50,480,-130,217,712,294,77,620,130,837,-171,-231,374,453,1221,190,-50,14,-16,31,-118,171,427,200,140,-183,226,74,282,-108,306,-72,-598,709,-91,185,147,289,183,-243,-538,197,304,724,376,-260,395,-784,166,115,183,161,-7,477,-328,178,185,222,234,-185,709,550,123,560,-1190,-28,-475,9,-142,-24,181,149,-21,569,-115,-407,132,-31,-38,861,178,62,166,1373,395,1441,45,111,1349,-683,101,226,-74,50,57,374,36,26,400,16,156,-540,1004,1424,1021,-453,374,-137,188,125,33,1156,212,-902,-2,224,1356,-38,-130,-24,519,1127,538,424,-132,-41,-57,-519,-125,-152,72,470,55,94,-60,369,424,400,89,77,-642,-308,808,2,185,210,166,31,321,340,135,608,26,135,1165,132,89,2582,395,166,-82,-750,65,-2,231,207,-456,96,84,-224,-176,-325,311,601,101,509,241,-376,535,306,-31,449,243,398,41,120,86,-654,-217,576,755,205,4,226,-60,140,-19,432,-374,127,1004,-77,7,72,-168,38,378,135,3915,178,3748,808,-130,-2,531,970,1687,-41,1158,-50,449,45,2887,-45,234,243,91,289,2336,50,-265,231,687,57,137,14,53,-253,9,-2,60,586,308,195,-176,468,94,799,-499,446,-113,1436,-1095,82,-79,656,528,470,357,1098,441,-277,19,96,101,-946,1487,108,96,786,398,337,-89,-147,135,190,212,168,400,164,50,687,156,118,639,680,190,301,14551,-67,1670,-222,374,84,1122,-154,675,-347,-214,1013,94,-43,760,323,-55,366,480,265,354,-91,308,-26,721,140,98,1530,113,50,11027,176,760,1062,1035,86,605,1733,50,1006,299,427,-74,313,36,289,111,306,-200,-736,1257,902,-280,-137,86,45,625,1305,422,294,289,1134,-98,-48,21,543,-743,-72,89,-9,33,1240,-229,36,-101,4,226,-14,226,-241,335,350,149,1228,120,-132,9,-53,127,482,219,77,125,111,-166,-79,487,965,308,504,185,1108,106,-135,7,-82,70,-74,313,-106,591,-318,1431,-490,0,9,292,-36,1134,255,4,675,9,70,36,98,755,690,417,21,86,48,337,-57,946,-12,123,596,9366,690,1069,183,173,140,-222,-19,258,72,16,-26,236,164,-2,972,2,231,36,14,0,74,164,1069,222,-120,12,337,475,-910,-113,214,-118,2,-304,-36,-243,164,-1209,-103,-519,675,243,400,-234,214,610,-91,644,7,-26,-185,-352,-14,-86,195,2218,-473,-193,118,79,-125,325,328,103,1648,-190,335,9,1549,-26,427,79,-113,82,-393,-424,-113,45,434,552,-65,36,176,-60,697,757,1651,226,-67,955,57,-231,222,-38,-2,33,-38,57,1042,975,-103,9,-113,19,265,1670,120,1255,168,465,-82,229,280,284,796,-106,301,195,-67,-335,405,560,-55,103,28,171,38,366,-106,-24,1231,509,1100,555,-1122,178,-127,-43,485,1576,-21,654,-55,156,603,-48,214,337,-185,31,-284,292,366,-7,173,-31,-96,-24,1310,-2,7,637,634,53,362,193,28,0,680,422,-38,-45,45,197,164,340,275,-67,77,-43,1482,391,465,-205,407,1013,-21,207,1388,-383,1136,14,934,-67,-185,53,398,-395,33,154,-144,125,111,130,523,1503,492,4,67,432,449,2223,-94,74,2220,108,-166,-41,347,-251,-205,106,53,86,-7,301,4,57,101,1074,-74,-284,164,149,-24,366,-168,2563,574,26,-272,-166,53,222,-84,108,955,1028,-67,412,282,-140,57,251,458,123,-337,149,-118,-28,9,1093,-313,48,84,340,253,487,323,856,-79,-405,-195,190,5776,156,1465,306,-224,311,91,1880,234,113,-535,499,432,-132,1025,120,231,687,791,-366,-55,205,-98,-7,-4,72,0,176,214,65,173,-388,311,77,185,166,757,936,-9,316,531,36,26,-118,-106,1303,429,847,125,251,118,106,-166,721,321,62,-16,-31,106,1103,77,79,-21,-62,183,12,21,-21,480,-123,-60,376,538,282,-238,-28,149,159,135,-127,243,446,-659,-140,482,36,-292,-178,142,140,-70,308,-325,130,953,287,547,60,31,622,219,852,-106,108,31,946,634,103,347,1404,-14,67,-282,31,-1252,164,149,67,-115,101,67,72,-458,311,125,236,1767,-103,57,-531,212,50,-574,-45,591,89,77,103,-118,1547,-31,-57,265,374,74,-132,94,243,490,-181,33,106,241,-246,724,226,205,-436,504,837,238,142,183,-292,-45,842,463,4,-340,381,275,212,171,-272,-50,-45,-161,2290,-16,1361,-82,337,1257,905,1441,77,197,318,62,864,-255,-509,275,48,-57,-14,-120,-164,284,837,60,972,-7,-67,393,113,936,386,181,243,958,-111,323,147,521,45,557,74,246,108,-352,-12,1552,-4,82,-4,-164,190,43,-304,-185,45,407,345,417,181,234,381,313,14,-70,948,154,-60,3592,543,21,96,480,-45,-4,-444,823,1004,1361,-43,325,3326,306,-306,9450,366,-4,147,-125,226,328,362,101,21,-84,190,-352,-173,1197,-101,89,813,72,-28,202,15978,14,2315,-707,6319,-26,181,60,84,21598,12,2,-89,-545,-21,-41,212,878,4,519,989,-147,523,62,-45,-132,1354,231,514,-67,89,270,475,89,4690,-572,20622,461,608,-181,28,-127,465,-12,847,1455,-207,-38,176,14,166,31,528,514,753,-7,987,-2,-57,224,-248,1774,-41,-354,509,7,28,403,-1045,318,65,-70,45,43,-24,72,-185,115,12,98,-371,127,-26,-540,21250,24,154,125,900,519,1443,43,613,236,-330,-43,456,-24,-142,77,284,55,84,120,255,731,-103,506,3232,222,-132,0,813,-801,-224,7,509,668,43,306,1021,55,724,-1219,1153,400,3304,-113,815,-113,193,258,492,678,2073,994,-26,-26,200,970,584,-45,581,195,-16,1214,-57,-224,-9,152,5021,777,-77,-337,115,2867,786,65,673,1076,403,-890,-181,1870,-70,243,147,15068,57,171,31379,2196,65,2334,89,-65,272,2121,-36,1110,115,214,-267,-1308,251,-50,82,799,33,296,-43,21262,345,-65,719,292,45,531,77,275,-926,65,6500,1870,-67,12,321,-16,-41,-70,120,-514,-306,-43,-12,-859,-79,55,108,316,183,-574,14,376,589,-248,173,323,91,453,-16,-55,1170,142,4627,504,446,2,5474,449,-14,-43,53,-675,-620,8627,86,325,-678,-103,-57,-41,1088,287,94,4,251,94,50,318,-2,86,60,642,330,1122,490,-26,-62,33,685,-333,14143,2252,24,-393,79,36,12164,359,422,427,-108,2013,2771,-248,352,130,231,289,82,23717,8263,53,922,-171,270,803,625,666,999,-214,5846,-84,-214,-132,487,-57,50,453,13407,72,-388,0,86,-127,1375,-120,60,-53,4646,589,36,144,-552,70,166,36,98,181,-241,-79,366,164,-50,2090,2515,1248,1018,-43,115,-98,936,3063,321,-477,168,-62,333,-50,-123,427,-12,-2,267,1547,74,137,62,132,490,482,24,593,-12,282,2824,784,453,649,14911,3645,-243,38,226,161,67,115,-89,514,77,321,20415,41,21,16,-41,-123,-14,869,407,219,352,7,963,70,354,620,574,615,-217,-103,-48,5803,560,45,-168,26,-16,-43,-156,357,65,33,-28,115,340,755,-36,917,-86,362,-893,-166,-38,91,576,786,137,509,1815,634,634,760,-12,-28,-28,-38,292,125,789,41,140,26,70,195,15372,-229,-1132,16,318,745,176,813,-540,4907,-214,176,234,318,14056,-147,970,296,193,217,871,-106,-130,263,-154,-567,1960,96,15015,7251,149,2068,3826,521,1445,395,866,777,2348,702,108,992,354,-36,1187,299,120,306,96,84,7312,-50,38,576,-84,-236,4637,502,4246,212,3213,-72,531,308,422,144,386,217,-289,-161,697,45,1028,16869,-214,55,45,43,499,152,572,176,292,98,94,0,16,50,1165,1170,977,2307,243,24,57,197,427,1132,388,2,253,98,-219,263,738,94,511,-333,7,226,924,96,149,65,24,77,-173,680,-231,376,-260,439,581,16,-31,-140,-4,446,637,579,132,815,774,14,43,226,195,-77,-89,38,485,243,-45,16,267,424,306,-62,6232,-193,-137,14,-12,-45,294,120,-168,65,-127,-168,1803,267,84,152,43,9129,296,774,91,7,13013,400,557,-140,-226,-219,1827,-210,9,236,231,-106,67,424,111,376,-62,195,1105,1443,859,-444,318,101,403,854,714,1496,25158,832,5793,132,666,246,207,405,176,67,-77,-659,16,60,70,1342,118,115,60,-72,-16,-234,393,-70,142,533,509,-275,2302,137,989,1132,-222,-74,202,89,357,-57,-156,308,1115,-41,386,1079,234,251,-50,519,132,347,4,-84,-265,-135,103,593,50,-12,118,33,231,-289,-94,193,-98,-7,-45,-72,-7,-453,142,325,135,154,-393,55,-7,856,637,458,323,159,82,-111,-101,-106,272,965,-246,4,1146,74,-103,-62,166,-62,-173,16,38,-140,-38,-60,687,-272,-144,166,736,142,-16,123,378,2841,217,-567,14,-415,801,226,615,106,700,24,458,371,-666,-33,207,-168,178,214,65,492,-246,224,335,9,-149,4,1016,106,958,-111,791,-67,79,893,7,-36,202,130,212,-137,449,289,-178,296,453,101,340,60,270,-234,-45,-381,79,21,-745,584,977,241,642,354,-347,-2,60,-36,-31,700,31,137,-21,86,-1038,200,28,26,9,-181,13129,16,613,33,86,41,-106,178,-231,193,301,975,7,277,296,108,130,-103,417,345,1684,461,2,53,-156,900,482,856,716,94,784,-147,1112,94,719,60,14,-736,53,-50,275,1103,149,89,-72,521,84,634,994,210,12,-84,190,-72,576,376,550,965,55,113,125,-1554,398,106,364,977,828,-147,-422,-625,642,-89,808,190,499,-103,-673,422,487,1907,108,24,306,-439,-118,-120,-260,94,176,89,-21,883,1136,-106,-94,-101,8149,963,-89,-36,-270,-181,1057,-195,125,-405,-60,38,82,-241,38,702,299,-26,-38,147,-89,-26,2,127,-801,106,-60,463,48,1296,202,564,135,120,289,333,-123,333,-407,354,41,26,-7,412,1742,55,-683,19,1081,-36,-67,127,-60,173,-185,38,1409,-173,137,-695,55,229,492,-106,219,111,-301,-41,-243,-420,-130,36,142,671,219,115,62,120,-28,-132,-12,-19,14,185,-55,7,1021,378,-103,12,352,294,28,-427,9,941,-224,803,634,-468,-45,-178,-511,465,98,-72,289,176,38,388,154,91,1139,-214,219,-118,84,-526,31,-55,-53,207,29371,2237,-272,692,782,149,-253,456,36,243,-374,16,185,-521,-345,-164,330,2619,-60,-41,-7,-62,586,642,229,1684,149,67,132,992,12475,581,41,195,-60,106,70,33,5636,388,-576,-200,125,-214,12675,753,4,10078,142,79,-366,113,-67,60,-38,538,1643,231,82,311,552,837,494,31,1409,7,-115,195,316,-82,475,456,900,36,224,197,127,183,-79,794,3024,195,1243,-231,-251,-72,202,-183,188,-210,301,48,337,697,161,294,449,-1694,463,-70,115,451,-144,50,82,67,84,166,-57,267,15447,963,205,757,-31,26,656,-123,572,168,-142,222,62,-294,217,4074,613,926,755,584,260,74,277,2131,898,161,485,-451,-263,-171,53,26442,-492,1520,637,-391,369,-545,4,183,-26,38,98,159,-48,-70,-79,77,1151,7,-538,-72,57,-579,111,-65,-36,-36,366,-1134,57,4876,-521,277,113,-36,299,-132,185,20963,6271,202,321,65,-405,2010,1233,-813,77,210,866,-173,103,16,547,14,335,21,-24,-115,-210,741,417,142,-103,265,82,352,444,84,1508,-371,-231,193,111,53,243,514,77,-4,634,-101,-21,241,144,125,598,-144,12,241,70,-31,72,144,528,-446,26,137,96,74,79,41,613,610,569,137,241,-106,12,398,9762,164,485,-311,193,-202,506,-28,231,101,202,74,3283,417,43,-19,111,-405,-181,26,193,79,217,101,849,-26,-98,330,185,354,-72,465,246,185,207,275,-292,91,89,226,28,200,-260,318,557,91,-598,48,504,147,-4,185,135,1226,4598,-21,649,-166,531,241,-101,161,24,2,-234,16,147,62,-48,171,-509,-7,181,7,-111,41,154,697,2,287,-258,178,-86,-181,72,41,-57,-19,-154,125,350,-4,48,72,205,53,248,328,-7,494,721,154,700,-16,108,-287,231,415,154,-16,57,0,-113,152,864,-214,33,231,41,137,-4,36,-115,3258,-28,-202,60,721,376,41,-67,403,82,137,277,-19,164,2059,-57,130,195,-7,5832,830,36,-33,-14,74,48,178,50,0,354,-456,499,234,1501,1395,-33,65,82,98,115,43,1127,236,21,468,226,-96,1375,21,801,-50,-26,113,569,57,-74,3295,304,-4,-28,-98,258,-36,-50,16,-19,106,70,-89,-420,4101,108,70,-470,-555,861,15874,-4,-161,-43,-103,-111,130,-296,-255,7,1467,494,86,50,2491,316,2018,-45,750,-485,-125,-168,28,111,1764,82,89,-984,72,96,127,-176,340,523,436,514,958,1062,434,89,50,-1484,308,38,-43,6199,-190,277,45,185,140,567,666,972,132,13120,43,-212,-9,811,137,234,91,236,84,-91,12,79,4,-26,-89,741,2766,60,-118,-255,152,19,854,-4,-762,-347,161,55,272,4,4048,243,45,-36,337,-161,-50,301,-111,-72,19,171,-60,446,393,48,1397,-19,-197,403,7,458,-321,-72,38,-55,62,-468,1897,-21,70,-41,572,1252,7,-38,456,335,321,497,-96,1484,900,1219,2059,-490,634,108,-231,1207,120,135,207,304,-1062,42904,178,1163,7,521,260,391,57,366,796,98,-82,-130,98,591,12,1996,168,1544,936,362,-255,60,362,439,-111,-135,-224,98,62,-166,48,53,16,-2,818,231,-50,-569,84,3099,217,265,16,200,-41,31,651,357,-241,2445,301,-605,-316,-439,1127,1605,316,-113,-627,2488,-74,9233,10351,335,137,-171,989,4137,608,-60,-427,328,1117,-299,173,67,371,441,480,14474,19768,210,142,-74,188,427,-451,-2,236,144,412,289,1204,490,-106,-60,45,-627,-506,630,9,-393,-31,284,24,-876,434,195,393,313,-299,2,922,-362,50,36,48,123,-21,-24,-229,70,-248,2037,120,649,304,113,26,-79,683,255,557,357,91,-77,-19,60,-2,-70,-60,137,-511,-154,144,429,231,3599,7975,2003,7925,-21,-41,212,137,2,41,1211,-205,91,-306,-132,270,791,67,111,533,202,-222,-140,-217,190,3068,-9,294,260,427,135,434,-224,149,4982,193,70,-328,579,-873,267,-519,463,86,214,62,200,-127,94,197,1158,28,2,311,354,98,197,275,-70,65,-96,-2452,72,412,214,86,103,-533,248,28,106,-403,-562,214,605,591,1436,634,217,86,-330,-77,-62,490,234,-60,294,243,958,350,292,101,-135,-89,1262,152,434,65,910,91,16,43,2,1095,299,77,362,200,115,1474,386,400,185,-111,9,-304,340,-395,193,485,-883,1013,50,-161,-321,596,364,21240,243,-420,18109,-21,149,-9,-376,-120,-267,584,-2339,630,-190,313,15140,2035,2503,14,649,77,-31,277,55,458,217,178,161,-144,-415,-485,-19,197,1228,321,-113,321,543,-171,-28,-444,0,726,9,-125,-12,45,-236,31,306,531,410,21,-33,50,-2,323,731,-222,376,-321,376,1537,154,709,12,1059,420,161,393,-12,2153,1646,1170,35196,22889,-101,236,82,-193,-197,-135,584,84,3577,123,-161,72,26,-270,345,325,-929,357,79,14,57,323,106,260,444,82,74,18665,1641,142,55,123,-89,-557,111,-156,277,140,-444,-637,79,1581,7,277,704,347,-16,-28,289,-185,1779,560,38,-168,166,-1035,231,98,224,2158,156,-306,2216,-120,55,144,-24,77,354,-106,7,-72,415,1752,147,-130,294,251,424,-101,181,663,-333,28,-41,159,-106,-16,586,82,579,321,0,-130,-260,490,171,987,-893,-497,-19,-1718,-36,94,1190,-398,828,342,449,-181,-154,137,154,154,-53,-96,-43,111,118,-391,434,202,53,615,659,748,-161,181,236,444,7,200,137,316,282,572,101,79,968,-111,96,313,782,910,31,533,-519,-50,-519,-168,-277,-680,270,48,161,-282,159,-226,207,-659,168,-2148,1009,241,72,168,70,741,753,24864,176,304,808,272,171,-716,-123,1083,-941,108,3495,-333,13624,82,-140,18988,0,463,-7,-719,4,905,-24,1629,-82,429,1494,2088,432,43,159,335,741,195,-152,-511,-48,625,794,135,6824,24,-207,1091,19,-229,1182,-231,9,108,-212,-140,7,470,84,422,1477,12089,-43,-38,-108,7,-45,-123,895,506,-103,1827,6271,19,1629,238,24,2998,9,111,-12,-70,3548,86,519,-74,502,-545,1216,337,-615,-60,243,-144,523,152,1033,832,-140,545,2947,-267,-241,441,905,388,57,135,140,1687,1648,-70,-41,156,144,-14,475,-9,1192,378,1385,-197,-45,130,-7,31,284,596,-161,4,992,45,-38,-1535,449,1441,19,-79,545,-555,-270,-219,60,-14,-60,473,1426,-275,-168,685,8700,65,299,181,-70,108,-337,441,3205,120,-45,96,560,395,166,-53,803,243,-378,1079,98,335,702,881,16,144,-41,644,219,-33,-207,1421,490,202,-984,60,-147,436,-57,89,-311,-41,9,-84,374,72,-19,115,-238,-224,526,1351,-473,366,2546,569,-4,-89,393,89,538,135,1738,-135,86,74,130,1286,374,36,130,137,74,9349,55,41,395,-422,7,924,516,135,103,253,931,-178,3041,-65,91,610,86,-84,316,0,581,-9,910,67,1226,584,1298,-67,2,202,-376,-16,-45,111,79,436,748,1824,799,-9,400,79,-135,164,-137,96,-33,-410,171,67,-4,236,-96,649,57,376,337,275,410,-120,118,316,164,-21,181,-362,806,-41,10493,5554,-393,328,149,1059,-41,21098,106,-632,-19,-393,-164,-265,94,282,-4,627,132,98,533,53,-183,28,82,-176,-149,-24,-144,1424,219,-547,-101,152,89,-2,38,451,-202,296,473,-111,142,154,318,-31,-84,-111,-53,441,-60,243,207,736,-656,342,-222,398,306,337,-130,127,-200,304,144,91,137,637,905,-282,926,1412,910,-57,-1339,9,-57,50,-393,-101,1769,103,41,120,-627,-144,-412,-7,24,-840,381,265,226,-195,724,-458,-94,77,50,70,306,748,-108,253,1062,1658,808,434,21,-229,31,1025,-115,-41,72,-415,222,10341,591,-24,-45,12,171,-36,161,3705,265,434,876,2652,-19,-492,422,183,-378,441,-113,-142,391,340,120,333,-156,53,-123,108,41,1018,260,103,-603,86,118,799,569,2319,4197,-31,79,738,-26,3251,280,111,427,-1856,207,-453,2,82,1047,-79,615,190,-181,-552,-671,212,120,1938,-65,144,178,79,-253,-289,550,-91,369,-2,-284,152,620,-364,-38,12,296,-127,89,57,161,53,1923,108,-72,422,9,-190,2290,202,-642,-895,1100,22228,-156,333,-403,424,579,166,311,1503,-168,-197,567,284,135,-2,323,57,-96,164,683,96,43,461,-24,-509,94,70,258,745,36,-144,120,1178,26,243,-94,-258,-1409,661,1537,1004,543,-3003,-67,33,113,-53,94,7,-161,811,398,147,226,473,214,-19,272,345,1542,898,23488,1182,-547,9721,-28,120,4,14,603,178,-1721,-2090,-837,729,135,-844,2237,-31,-1093,605,569,-492,-632,4914,-82,-185,144,477,313,6105,2824,2,1185,359,-299,241,5204,195,144,417,1960,137,20398,-374,-2423,-4041,-21984,576,-292,531,535,-238,-224,-67,-253,622,-248,1185,7377,6899,193,-84,-24,28,6751,441,663,14,16,275,181,-337,912,185,4,803,354,-156,-103,21,724,540,1175,53,4977,-190,316,60,-837,-113,-55,948,458,144,243,212,538,-238,598,123,161,-48,14,-171,432,1151,895,393,410,-12,-207,-451,-57,869,212,253,531,19,74,152,313,352,637,634,1484,1054,799,-147,16200,-234,65,14,86,-43,400,212,270,-564,48,101,-142,1812,36,-33,-224,98,1197,-108,697,231,-217,-316,147,152,-164,-2,31,311,57,-301,-154,255,207,461,412,65,16,497,7,188,-60,617,-120,301,31,461,-296,555,12,77,287,72,103,4,2039,84,144,24,284,4700,-12,84,-130,-166,48,494,4596,21,181,-253,118,287,156,16,-156,120,108,-224,1948,1163,-72,-154,596,28,516,675,190,1805,3104,494,108,123,-31,-16,38,-364,248,123,395,168,79,-31,19,-28,-118,1561,-98,-125,-374,-1209,453,318,533,67,197,125,-337,-33,12,171,127,1209,103,656,5083,695,591,-53,893,-1627,388,-152,335,-67,284,7,41,-176,388,-251,313,280,16,55,3719,1214,835,127,60,287,596,444,1054,917,-265,772,301,840,3782,716,-354,-977,403,-354,-277,-38,1511,156,-224,8540,183,-16,2754,4,36,6022,7159,893,-953,55,-36,900,-181,-36,-135,-103,-4,610,41,1581,-1226,260,137,-463,289,432,2218,449,526,19,663,661,977,31,-21,-388,41,-72,48,9885,977,-45,17858,50,70,-195,70,94,494,330,183,142,-9,-7,-84,-24,429,856,815,429,-605,-2,603,381,2435,20818,12869,835,388,-118,16456,12103,451,3239,-352,41,547,-50,156,41,19,323,420,231,246,533,-101,-451,2112,277,1023,67,214,-135,1074,475,48,168,-70
40,-87,-248,262,295,-226,-493,367,-452,194,162,207,-960,-622,175,171,-71,-163,-445,20958,21,137,-83,30,81,300,-76,-234,-49,24,-52,-370,-35,-616,-409,-417,-589,96,373,-175,-304,-371,10756,10207,21238,9857,13271,17671,218,-8,-61,92,2029,344,601,-68,257,440,-155,660,430,4,131,68,181,70,406,1963,81,1021,-1036,-800,16,-260,-891,114,-23,79,228,521,-202,-8,510,551,-266,-16,604,105,1080,537,187,1037,175,585,859,860,-77,30,632,286,-86,262,-223,216,-42,-58,76,2364,461,-950,0,-58,-155,243,1026,51,-291,111,140,39,-275,-20,-505,396,550,-74,-669,216,-131,303,458,390,774,43,-43,-74,1758,-76,1425,805,382,-898,83,-1,161,96,185,311,1133,30,-1076,172,150,49,540,382,-430,550,-305,708,-228,2245,-114,591,464,-40,38,229,447,529,376,1456,-228,-26,163,212,415,313,-49,106,402,1619,163,-5,51,-232,-60,-10,-98,-298,-313,4058,-23,-27,-26,187,1933,259,474,87,544,147,289,57,248,-43,23,137,3336,1204,458,150,-1300,57,131,4583,-781,1267,1077,-373,1264,1427,-136,127,57,-121,16673,-300,412,828,74,-36,272,863,202,74,-553,464,436,1155,206,3187,323,1305,48,36,-38,-45,187,346,379,-282,355,178,133,869,-7,213,33,226,-73,2491,1245,-475,243,-251,45,-13,-898,-49,-19,136,117,389,-174,379,613,200,13,-597,-215,-27,1424,6652,58,16,-35,117,426,588,-130,12003,1285,2037,-67,650,626,99,288,406,576,499,671,174,-10,522,-60,172,1950,162,-20,-221,513,-20,115,582,26,172,43,23,-27,376,1693,1856,954,439,499,1124,638,207,1,1522,401,553,11,289,276,298,445,2602,499,146,245,594,367,90,114,1447,193,-245,1155,426,70,3626,177,7,238,1159,303,292,2,-282,367,152,1910,93,147,96,1301,1311,1023,346,-237,450,80,1395,906,197,771,1081,219,204,-96,352,1660,843,852,-730,376,114,-327,-133,-68,106,191,-20,212,-79,264,405,218,1052,409,319,98,218,49,174,-856,-114,-152,963,1459,-165,-26,838,366,-13,131,46,155,-5,80,292,222,291,93,2453,395,-1,52,1585,96,-177,158,161,232,961,518,522,215,866,-710,1639,29,106,-786,149,-103,136,1007,630,83,680,333,335,-1521,825,-1004,-802,-768,234,70,898,2671,-127,26,-673,64,-745,219,207,67,27,38,528,-112,363,579,-39,60,418,177,846,354,-566,187,-13,62,273,650,120,317,92,-32,93,159,256,294,76,541,137,136,923,960,551,1046,500,-109,1193,243,-426,196,163,118,-216,61,267,849,177,581,207,428,84,61,-980,1219,159,-23,554,326,585,3358,279,752,335,966,161,-23,691,196,650,452,1046,720,235,-46,130,-840,62,84,-93,991,310,175,982,954,27,-20,241,-43,57,24,6137,190,-54,-4,215,28306,155,-1317,800,-1111,196,174,486,723,374,286,348,273,636,-46,-266,1119,32,2696,-5,401,588,592,-177,163,140,248,-124,827,54,115,393,89,-130,109,147,245,884,163,680,326,-1335,549,183,941,191,-363,122,111,147,281,46,405,-250,393,711,-307,5,-483,310,14,297,180,62,144,616,-55,291,149,-1010,-121,54,629,213,373,136,-336,-35,109,60,487,860,633,118,36,-26,748,250,289,106,33,-89,127,105,-102,831,607,46,469,1289,1057,-421,99,797,-131,196,96,87,765,600,360,714,23,98,202,3771,-120,-16,-188,-121,-395,338,579,352,455,13,55,472,32,363,161,149,39,115,163,490,-445,39,4,96,174,221,686,528,-109,1182,-20,204,207,272,117,115,0,139,313,319,408,-2340,333,-146,-38,144,2106,48,1554,156,98,92,344,603,-203,1136,101,568,76,187,390,133,8037,136,62,101,674,1068,-330,273,827,-301,-42,402,1803,142,84,-209,-65,792,-772,45,137,108,711,-144,633,286,98,459,1663,133,40,-26,427,794,96,1171,-8,778,80,8,-38,595,288,2250,-57,248,77,139,1011,569,-7,-240,4028,1560,449,-244,705,-266,1585,711,2155,181,576,-29,-223,-76,19456,426,304,1828,963,1247,313,601,125,815,-805,-2133,1049,-528,-917,10,-434,-405,-237,-447,474,257,2036,982,272,-137,-103,650,245,-414,358,-142,17,414,79,531,423,-689,-4,1143,-58,109,1668,71,184,163,-332,204,-437,-42,837,-190,-203,-144,-80,-570,367,-244,374,-143,-1406,-161,2521,241,278,469,1390,21816,259,79,166,522,-320,134,-1447,5853,-61,-267,-108,-21,-79,305,922,-213,26201,-109,241,127,377,424,156,278,180,-415,16269,-168,-263,326,-84,1373,18443,21,-717,184,98,95,131,734,-797,1822,36,-122,79,36,3017,112,655,325,19238,2622,-532,732,603,213,611,125,-421,204,263,-231,11624,-169,-379,114,-55,67,-46,279,-535,-654,-1089,221,102,76,-421,13,49,-550,755,964,64,-1434,431,1664,-206,-140,207,276,524,402,371,223,1147,266,-142,-159,-538,87,2,363,-330,122,-114,-130,62,-21,23,-314,-144,670,57,424,-446,-546,18352,-16,1753,106,622,58,-543,-305,-39,281,-90,-158,569,5760,184,433,-109,525,2275,319,216,-221,-64,-125,673,13,-229,-2898,14278,351,159,-139,3785,1,125,-83,13948,-563,772,58,639,-98,-241,-1655,371,300,320,-26,524,244,2239,569,147,121,231,-743,-247,487,953,259,-39,24,-27,-1297,4,404,1285,1005,714,187,284,-213,426,153,3045,297,547,223,6532,-203,111,1338,872,-531,30,2,6167,-102,1614,412,3545,142,-19,68,3544,-434,445,175,469,231,344,115,-83,143,-21,70,165,319,-237,60,-24,14,535,3226,1547,207,38,1856,183,427,90,1261,181,231,1102,128,60,-96,-345,1311,374,1835,323,-61,197,-20,6453,650,-19,366,-723,-150,23,-348,89,-17,51,64,994,1278,149,475,-114,13,-180,-364,680,181,361,127,455,106,-58,-98,106,115,-103,187,-13,-4,1415,616,108,294,185,639,61,169,540,95,812,187,292,-39,462,264,127,-156,-209,-21,-33,305,676,42,-133,187,103,-46,83,-60,-155,497,718,-480,603,35,308,273,-644,401,-368,308,-572,124,-367,629,-133,335,-23,-573,298,1064,-206,-953,159,-563,28622,11659,102,-288,-977,360,-229,-35,311,61,-912,8,585,232,-190,-14,320,2295,-33,497,291,-20,8,165,200,-181,585,128,-42,106,86,961,194,-23,49,486,2094,446,-7,-106,-139,-112,86,77,2336,206,282,-2,191,-73,-250,-339,367,5,-263,717,121,576,-55,-140,705,-825,-29,-335,1926,163,566,12307,46,248,13,161,2103,35,825,114,442,89,-13,229,-188,547,-857,-20,216,-45,52,-57,683,-161,531,-7,-1136,610,383,232,390,2933,406,464,180,-221,614,101,-46,-693,98,670,45,204,2932,109,818,42,-3042,177,-445,191,73,-1191,-52,701,200,70,382,1320,679,74,483,172,1320,-68,298,163,-120,1534,390,2642,202,-35,818,55,140,488,-190,202,222,1468,17493,42,1215,2052,-79,71,1033,42,108,411,890,1466,1276,51,11,-11,43,794,131,323,311,24,-86,61,461,292,-171,1409,38,550,682,-366,-433,1600,-70,-920,-199,958,169,-282,-46,-68,-193,221,-1074,-112,57,256,-856,291,412,4785,247,828,96,866,67,30,105,286,414,-248,58,3402,257,-857,102,35,-168,32,-35,92,165,-84,163,254,603,1171,626,-199,-336,207,73,732,-1323,793,732,-161,185,-453,-29,-488,513,874,5,150,-99,-29,76,-48,-39,269,238,638,-234,-553,-127,-724,49,221,834,241,326,209,184,-32,-17,70,199,125,146,-20,478,-152,207,-671,298,143,55,295,540,-40,118,243,171,51,-95,-601,1581,-51,86,314,-43,366,-764,565,180,93,-79,434,-197,1242,134,833,386,5,57,-349,1073,-16,437,19,235,-450,445,446,-1,289,68,52,547,500,512,973,-74,251,285,1447,177,332,16904,1043,35,-163,-11,215,-127,87,-106,-71,10,2790,535,58,465,-90,-77,-128,-26,121,278,-23,749,382,61,229,582,57,-357,389,295,-134,16,117,513,183,81,147,-89,-93,254,114,383,626,133,-592,-117,-355,174,80,115,-207,654,-748,305,250,10,17,-366,166,58,58,257,-654,589,269,-58,518,-89,579,396,245,588,-58,171,589,-270,-42,193,86,180,-130,502,64,396,-17,194,16,600,35,281,418,393,585,363,33,-80,13,-144,155,-130,-2,-64,-73,900,-155,-253,-923,-1430,165,-1147,5,76,108,446,-262,152,-137,-455,43,346,-17,-74,1250,3412,368,-172,9013,-7,2,33,-755,64,443,-322,4614,508,-57,-338,-633,414,-467,-581,5381,1316,222,27,229,705,120,1430,256,143,-581,1462,46,-81,15423,-77,-371,445,232,-43,20,218,115,-183,240,142,471,-792,251,-30,-163,-74,46,33,103,1847,393,-19,525,1166,462,24,-92,-1064,1049,-262,152,155,17,183,-426,216,797,3706,367,-30,310,-200,-1323,142,-68,42,39,178,-117,352,89,376,-105,166,10723,464,25880,23159,18982,-20,-112,4,-180,-449,424,1128,7440,43,-71,2538,-49,235,46,139,-80,846,767,-86,32,137,-17,2127,136,51,250,-333,-954,229,-307,-251,-282,55,81,1878,103,1453,-319,-629,363,70,137,815,-2034,245,-23,262,-168,-174,-203,2649,250,-46,1077,458,-153,445,718,191,569,1436,30,746,156,238,285,244,1111,-105,225,-529,7016,-156,17509,322,180,87,-723,-125,2001,20,385,21,-385,-5,7,257,314,267,-42,13,73,111,120,11,14,24,105,48,563,-70,-102,273,439,5197,-54,521,165,-1636,-204,40,57,351,-136,68,166,-1229,-332,87,-225,93,-1,43,279,-153,30,-267,122,150,1118,-89,442,418,60,54,655,5,23,-65,-114,565,502,443,57,125,70,-162,191,127,109,35,292,2377,957,1916,-827,259,488,-40,1,2364,800,15831,1586,-910,7208,443,177,70,-39,-789,155,-434,414,374,226,366,642,1319,-70,-26,6858,36,-285,183,95,1578,837,-114,49,161,718,294,39,2881,1220,-853,215,-508,73,-163,556,1023,411,3479,213,105,54,607,660,196,389,73,-251,-169,81,-45,177,127,288,339,185,344,295,48,509,-673,3336,521,11,99,1365,30,297,831,250,46,366,-114,-117,620,737,891,70,117,61,55,67,361,336,633,-109,503,130,-120,76,430,86,806,-168,149,2826,42,392,753,137,241,101,-183,80,163,5,-449,177,361,282,42,-272,13,-29,1805,1497,-620,696,142,204,240,-374,723,19,367,-286,21,1955,98,-251,487,128,-120,-582,20,-143,-193,-345,-458,764,125,122,664,-7,60,-1704,-285,156,-131,-95,231,-144,152,-313,115,-336,-32,14,417,20081,3611,677,-42,105,136,115,7,112,74,-30,260,90,-109,13,29,140,-547,708,686,-693,-57,1455,-342,-228,24,-96,765,1008,-118,576,374,175,-140,-190,276,55,568,64,-977,415,-23,203,54,-156,19,-142,-540,426,-614,92,-60,477,-408,856,354,52,11,95,-68,563,360,121,93,849,-120,12985,-1016,349,367,-155,609,46,377,112,250,223,-917,103,537,0,238,-721,-237,142,143,633,-8,478,150,127,307,1654,2210,5916,46,-43,102,14,-285,-74,36,355,521,308,174,1879,-122,74,61,-96,65,172,58,-297,67,-98,1888,373,163,-294,106,1856,196,600,27,74,494,-106,-140,630,248,-404,183,-516,125,14,172,-11,23,150,14654,-159,48,424,-137,471,103,398,45,295,171,101,-2641,171,2654,335,-824,225,2103,373,92,-90,639,117,-2,18686,-718,177,-122,1671,200,806,7,27,635,139,36,38,1074,572,99,660,54,-241,243,-307,-366,20,373,-38,-2,36,1556,96,-524,81,18701,477,-130,316,-93,780,-87,98,554,172,2639,-180,-232,-96,464,1707,117,396,664,-171,93,-272,-21,43,-702,87,196,491,-96,259,368,-52,1216,-156,1389,150,1654,11,96,471,1950,108,314,-4,-695,-270,925,-778,314,-46,-14,-62,153,-219,550,223,617,1,382,-5,172,-24,194,-27,522,357,33,247,45,159,970,221,90,1181,156,24,669,581,197,232,108,267,106,626,1364,197,-38,-17,-118,512,114,370,-746,849,1767,48,734,-23,-80,222,344,510,528,1288,1774,688,120,130,423,-2,-275,197,827,-243,442,150,420,-143,1027,301,-2,30,1140,1067,124,-127,-319,-95,576,456,732,-1029,486,-1007,304,-184,607,811,108,54,-114,-219,1089,54,-106,-48,16,427,447,218,-223,373,4712,131,-2721,19,49,40,30,81,-127,-40,311,582,569,-26,-76,33,103,216,89,-10,1256,295,139,-84,19,-323,33,237,-128,307,-16,310,335,477,-36,213,27,235,1540,32,3560,317,327,288,-219,161,234,440,-587,30,60,1402,54,-43,96,-125,159,630,40,9674,77,40,45,-147,490,-90,174,491,516,430,257,295,-49,-51,86,114,-109,169,-8,13597,152,-33,-390,175,-319,209,38,589,-204,-423,-26,165,134,2,149,-84,131,-109,-33,143,-477,13,1626,-118,1487,-1,96,-934,-149,89,165,-411,332,-17,-595,431,-212,178,-36,-478,139,-80,183,57,150,338,445,-114,-291,-316,767,-317,-77,727,834,-417,-342,691,341,-24,73,901,478,128,724,-74,98,-401,235,58,112,-344,529,-11,298,3292,333,1005,-557,661,276,55,-71,-200,718,180,121,392,-140,486,276,-936,1141,250,240,654,666,48,-17,317,-95,172,339,-603,-61,203,-254,131,45,180,46,13,-379,222,103,-4,58,516,-121,898,1813,578,-231,392,-133,481,190,39,64,291,-19,273,-4,330,-33,742,229,430,-80,467,380,-1,106,-1197,689,426,122,218,355,118,49,931,200,1043,35,710,-111,-52,2037,-42,382,155,124,168,115,-389,559,32,67,-1469,-423,149,184,-509,131,1698,595,-368,-108,172,377,412,122,-30,524,459,338,-43,282,317,-1017,453,-213,465,1,708,-54,174,2074,1446,734,781,-55,13,-951,14700,263,2067,-730,-367,609,175,81,86,54,667,-128,392,619,-468,232,1137,424,68,216,-276,300,222,923,163,510,-193,57,361,1787,12138,10785,411,-2,24,177,30,58,380,24,-48,14,131,32,106,155,-184,781,-67,273,-109,389,215,-54,74,36,146,636,112,323,29,938,42,77,90,106,215,1219,105,453,12840,21867,17910,7975,13117,23397,4829,512,2340,8,-1240,871,83,118,1218,-144,-52,-1118,-346,67,206,-188,114,632,-11,-62,-202,576,137,-2,-70,272,313,284,24,226,36,-161,-26,-7,23,-84,163,80,-142,317,108,-288,541,62,-228,200,966,-424,120,-42,623,35,402,-480,-30,406,-153,70,16,428,430,480,183,130,604,68,-40,40,169,-229,657,17,-103,74,275,-35,573,237,55,-238,-5,-210,471,-10,155,406,456,234,-424,-7,1017,647,389,-70,-67,417,-5,360,458,-2,177,108,-8,699,92,-385,805,213,-7,23,33,288,317,756,117,81,1240,54,79,180,-134,-32,478,352,221,40,276,-108,424,48,755,2371,1270,737,-251,131,118,-79,-11,234,166,-200,80,-904,284,114,449,133,188,292,4772,178,-209,218,-139,-120,81,27,79,98,-447,327,386,16,-199,-285,159,102,-38,17,325,146,389,-680,169,1117,83,-105,314,81,-206,-496,143,-36,-73,888,-54,651,300,-1086,500,1105,92,619,-215,568,-74,282,127,6065,382,358,124,510,-52,177,-325,-21,83,-199,-125,737,89,1286,84,256,828,303,95,80,282,-245,-52,86,623,-168,351,439,408,439,240,30,433,-509,-40,453,398,1199,572,152,127,118,102,-48,77,513,-431,231,-551,204,591,212,71,759,-143,-853,178,-346,554,117,319,180,-685,-714,45,487,746,-461,-442,456,39,105,142,651,106,38,998,-199,127,71,58,200,-90,67,515,21,383,-1639,-364,-440,-57,-206,-80,269,289,103,755,-222,-452,-127,-42,-366,852,199,317,213,890,360,768,367,-11,1206,-136,98,494,-40,172,106,190,55,87,254,-73,143,-150,1049,1452,370,426,475,-118,411,174,-80,594,292,-1098,-32,196,1488,7,-103,40,19,674,588,415,-1,-361,426,-499,-235,228,62,532,54,24,105,565,404,250,40,99,-1122,-405,1515,54,654,291,64,-2,223,518,190,1786,105,33,743,481,361,1260,171,-140,36,-1138,202,-2,124,121,-49,270,0,-292,-87,43,-881,745,469,610,377,-534,1360,111,61,284,423,43,-32,203,-241,-231,177,1437,421,-263,4,-5,120,295,73,705,-319,300,658,-125,76,139,-76,114,589,341,4602,234,765,825,57,80,955,1364,1152,279,895,-45,231,-2,2266,61,92,-202,70,847,1813,225,-112,1054,582,99,-49,386,83,-237,184,130,286,152,509,39,-84,562,327,1076,-954,105,33,1100,-562,-61,-89,830,850,250,431,891,404,-639,131,40,115,-73,1409,-162,17,423,1160,743,-62,-29,383,202,301,-559,161,364,-27,652,115,162,992,421,221,203,14339,-241,1500,146,210,286,1016,-229,137,-2,-121,2326,39,23,1155,193,-84,812,794,210,506,-4,177,143,3068,-253,120,740,65,229,3004,412,491,753,692,439,816,1190,89,-298,8,360,51,821,269,190,332,3326,-1138,-1261,1475,907,-162,8,152,8,527,762,300,938,300,828,-147,-81,0,774,-982,-20,-185,-70,-178,948,-566,329,-106,-10,450,29,122,-229,368,51,108,1810,62,226,247,17,-120,281,124,11,128,30,-235,-38,323,1029,232,1759,317,117,247,-106,-1603,29,149,64,185,-247,557,-344,1941,-200,263,-1,267,178,854,212,51,442,16,109,-4,-84,682,219,374,-8,45,197,491,39,566,51,172,985,8063,499,925,-175,87,-264,-98,70,607,225,2147,-11,1485,566,-67,547,68,275,-26,70,174,90,632,4055,402,-36,90,259,519,-774,-29,361,-13,730,-169,125,-472,531,-578,-24,155,966,23,478,-247,140,183,144,437,4,48,-257,859,-11,-42,144,1560,58,-505,26,279,-95,45,405,-1674,1772,-223,-884,207,2355,248,68,-26,174,51,-469,395,-7,-45,-17,521,-153,674,163,-87,481,395,1399,336,-101,496,-35,162,-718,11,-202,4,-4,150,-225,1358,303,67,-125,7,-248,1194,-153,629,259,3083,-103,96,401,440,557,-36,120,83,-146,-387,121,370,-80,210,45,556,26,335,-163,-203,541,1781,996,800,-1232,133,86,228,178,882,2,639,-178,304,661,-40,67,554,-231,20,-576,133,326,-57,595,-262,-108,-40,556,115,0,872,8,23,614,52,95,-29,1058,-298,-51,-7,52,281,204,1305,440,-196,238,55,1279,257,859,-658,518,803,92,-1529,1061,-111,818,61,1338,24,-222,130,510,-524,-60,115,-418,51,150,-33,450,1510,341,749,-124,257,2229,2175,80,573,1630,38,-196,-166,134,-297,-124,71,-99,124,5,368,4,125,-108,2131,-203,-717,149,168,118,163,-332,1414,326,-7,-191,80,-40,98,162,204,1111,860,86,187,210,-102,218,178,289,196,-424,121,516,90,-273,1581,89,207,213,693,-98,486,-263,761,-67,5,-292,197,9890,488,449,77,-247,-263,-21,2200,114,417,-1625,644,739,364,1392,112,177,370,200,-420,23,144,46,-26,-8,43,-32,136,316,-48,821,-175,-279,105,158,751,834,636,0,247,901,61,76,-121,112,710,813,512,11,390,92,406,-269,210,204,-35,-1,46,-45,907,105,114,291,-61,-52,-40,124,269,996,-36,-106,131,499,724,-338,-62,109,155,294,-377,691,421,-207,-472,-10,83,-178,-279,360,237,-127,363,-161,137,1207,450,232,60,181,333,216,919,124,562,206,58,319,45,197,1453,-58,39,-566,-73,-1491,-292,130,345,-43,440,68,225,-137,-2,163,-13,2261,-528,118,-894,125,103,-57,-264,456,-46,-188,-60,-79,647,301,-557,339,383,-36,112,178,464,178,-42,611,279,272,568,471,218,-40,-1017,975,888,292,108,279,-292,52,469,442,-20,389,551,270,854,165,90,163,-98,-430,503,1,1166,-278,300,805,879,329,218,-557,278,156,322,-459,-1295,323,-21,35,92,-147,46,475,1115,-569,1111,-10,-48,837,449,674,61,210,305,3030,-65,180,79,345,-431,442,130,330,133,-386,23,2622,223,109,146,43,383,-57,-92,109,90,275,325,824,137,333,366,159,-48,-125,361,-171,38,4364,734,-153,162,247,-99,155,-658,1144,1405,1421,-51,560,1175,392,-521,2421,263,-77,187,55,-944,162,442,247,-1,-109,-1,127,169,297,-61,4,566,14,267,14,929,5,1440,-664,387,-131,54,-8,298,25969,14,76,-8,-611,354,178,206,591,358,172,3800,-36,1313,165,51,-478,424,149,620,-2,120,-155,840,607,8939,-339,25681,26,518,-65,-95,144,386,226,784,1723,-367,-248,33,57,203,83,163,446,67,-142,223,0,-54,38,-93,-512,-689,86,155,13,14,966,-1324,398,40,313,-7,-133,939,-81,-456,285,-5,327,-49,-11,1,147,20250,17,61,81,257,367,2241,10,93,-19,-30,17,263,-106,-768,124,247,99,64,228,275,2059,89,147,2540,257,67,143,792,-1059,-52,17,496,925,10,585,976,159,-292,-1210,1295,320,1484,-64,2626,-79,-231,87,472,380,550,323,-228,-24,-357,1360,967,-38,185,-93,184,282,-8,-266,35,-30,2970,592,-102,86,101,4535,134,181,-45,992,159,-865,-193,2349,197,2187,284,19260,11,275,27912,1654,-81,931,84,152,868,3569,32,1223,443,445,-96,-799,234,-49,385,102,1269,-43,58,26504,-153,-1,2548,161,87,522,30,223,-272,191,11000,2771,-117,-26,-54,33,58,-118,402,-544,-139,52,-7,-904,17,61,-204,-152,61,-348,81,310,1138,-241,449,509,120,118,234,903,1081,86,8877,938,573,-57,7137,392,1037,765,1336,-500,-161,10133,301,392,-939,-62,-20,-269,-481,808,131,-114,345,-184,387,565,159,-46,11,549,169,222,651,5,-235,21,617,-332,14345,1216,174,-188,644,45,18304,496,989,-49,5,1524,2441,89,180,140,20,260,26,21940,9950,45,-163,-30,241,1010,982,1307,319,-133,7789,-16,-430,-71,133,36,60,423,1073,1,-525,-71,11,-443,415,-396,-64,204,2141,532,52,-125,-303,23,42,332,209,486,-464,142,484,595,52,1408,3244,606,2124,-90,-150,-13,834,6715,386,-749,301,52,604,-202,-316,465,159,103,652,108,-64,650,273,623,777,472,11,1071,-122,1092,3968,322,737,671,16811,3746,76,-4,140,183,300,-269,168,546,169,225,25795,156,335,73,60,42,121,335,304,486,-7,-35,843,-1,165,562,1374,300,-121,-20,11,11559,158,20,21,-83,21,-65,11,327,-115,130,-14,223,591,172,-26,878,385,592,-118,-300,-87,-307,471,859,720,547,1585,371,726,-112,32,-65,67,52,478,70,308,55,-118,-146,19,17,23731,-357,-792,-103,62,16,142,446,-904,3255,-60,114,17,288,767,-404,960,243,128,165,743,-20,234,314,101,-825,3200,199,26391,10196,212,770,3159,469,1137,614,-30,212,1875,386,357,541,263,-40,638,373,-68,515,535,80,917,-61,45,576,-191,-17,2376,926,830,-229,1942,264,349,51,327,320,276,303,-401,-206,462,122,835,12135,-163,48,90,-42,452,89,1345,490,661,103,257,159,396,68,663,197,509,1213,777,102,-96,125,721,1152,642,13,-4,532,83,46,1570,40,955,-223,10,352,1606,83,102,209,-93,199,-68,127,-291,456,89,212,393,-5,-13,131,-52,560,860,1787,122,945,368,7,84,64,222,-54,-292,215,1692,-105,29,65,209,-64,655,-115,5066,43,-140,515,155,-19,506,213,-361,-11,-423,-23,2229,7,17,86,16,2400,-973,143,45,243,9893,221,406,190,19,420,1146,-541,-313,-1,819,-171,168,759,103,630,62,691,1805,1125,300,-667,355,118,266,247,427,1390,20106,715,7195,222,399,146,240,619,131,286,61,-464,-115,65,159,1528,144,172,124,-58,-89,49,459,-125,39,1497,363,459,-111,-11,1302,1361,-187,-62,142,-90,240,-87,-127,-2,1179,-52,-61,1010,184,169,-101,792,67,-206,-1,165,-225,-174,305,286,49,-17,163,30,505,-42,-207,311,-76,155,607,30,99,-553,-166,387,333,178,70,-111,-251,673,751,194,7,166,58,-14,-20,-40,639,688,418,128,1067,723,-8,13,222,174,550,893,-20,-857,21,228,1109,-26,-532,-144,241,156,38,-48,213,1784,166,562,19,-325,704,67,124,114,327,149,966,447,-79,-62,260,194,393,163,7,478,-49,71,90,43,-139,35,948,-36,1317,-294,623,39,295,705,98,89,297,843,281,363,178,430,20,379,587,-96,398,68,185,-213,4,-771,62,124,-221,67,256,165,-200,264,-303,131,276,-155,-228,759,-366,70,54,96,-1035,-351,-109,-71,-184,55,7926,-93,584,10,57,-2,-11,105,-333,184,565,598,120,515,247,1625,387,38,-462,259,669,900,120,13,-345,1158,800,635,364,-162,859,-14,133,204,373,-73,48,-871,-33,-311,314,831,784,202,-65,395,-11,575,748,124,-13,79,250,-30,491,216,550,1320,-54,11,200,-2332,389,408,240,-178,464,-223,-300,38,693,-122,1083,54,821,-895,142,303,398,1240,443,156,409,-270,-557,120,-13,101,1427,35,-39,1005,1323,-254,-96,269,8741,1532,-68,240,-183,-71,1305,58,153,48,68,-8,48,23,-74,531,228,136,10,210,-49,-96,163,715,-759,238,-111,414,5,1199,363,267,40,36,313,733,-26,338,543,576,118,568,7,541,2160,204,-87,-346,636,122,46,153,-117,447,20,29,1692,111,342,-522,64,250,194,-87,-81,109,294,27,-169,-178,-49,43,172,1005,273,-134,-20,61,23,-184,5,131,-105,81,-8,-478,1115,345,-93,114,866,313,193,-193,11,323,-491,833,705,-565,46,-541,-787,639,-13,-45,83,428,102,491,-143,46,1117,76,147,-121,95,-62,67,-96,-45,272,20737,1283,-263,330,191,169,-146,657,175,191,-494,633,111,-481,-155,-165,800,1469,-61,-120,-4,-62,775,-326,183,133,259,67,111,707,7592,430,-102,513,58,140,174,260,6920,923,219,80,-207,-13,18102,632,49,6605,149,219,-159,120,263,90,0,595,2286,115,90,354,330,408,440,-16,2100,-62,-358,137,275,-73,609,346,266,-70,24,-215,124,155,-446,730,3387,136,786,-469,92,76,-106,-272,61,-80,177,33,775,853,112,301,461,-2020,693,-43,-13,-39,-77,-13,39,89,-17,692,366,370,4337,1213,326,0,-153,27,559,-806,417,-165,-80,374,266,-244,218,1184,297,691,349,297,35,95,273,320,320,-58,188,-183,-445,-32,-10,27044,-136,830,292,-578,109,-815,11,102,10,-259,223,-65,84,-83,-89,-118,-57,103,-370,-58,32,-844,133,374,-55,-106,256,-938,39,5289,-46,180,140,-122,556,165,423,13900,3419,301,234,45,-426,790,881,-840,392,-48,973,-124,240,24,824,90,472,175,-8,-556,311,98,647,-194,-71,180,5,357,153,83,800,-576,193,93,83,35,162,860,10,26,825,368,1095,288,144,237,559,-314,-1,-180,90,86,718,411,338,-641,-1,125,13,4,449,46,2018,1220,1004,339,188,-166,114,402,10798,43,481,657,29,-1200,1510,172,0,51,184,60,1608,392,-272,-48,90,23,-241,-1,408,84,-35,1427,1367,-2,35,288,270,396,178,262,478,159,62,-395,-118,213,17,64,118,238,-16,364,633,33,-724,19,311,174,139,196,142,1206,2114,134,226,-185,462,209,-149,81,17,-71,-60,-81,26,29,-115,-95,-408,38,165,19,-4,374,237,569,131,203,775,742,-114,-405,259,210,-247,-1,26,35,575,54,71,-23,96,23,36,90,-17,737,720,-16,1040,120,134,185,493,431,99,-74,203,-20,-32,326,540,-64,24,373,140,115,65,68,108,357,14,-289,-177,1178,326,-510,35,96,92,-35,108,-221,1,1774,149,114,-62,458,2730,275,33,-64,-102,65,-212,-16,128,48,-446,-1184,241,326,1354,-61,71,127,89,139,191,-285,508,305,102,1951,74,-27,945,363,263,-33,-36,137,758,48,-2,1594,200,-185,-106,-111,159,-161,-4,7,177,42,406,695,-607,2427,203,-77,-364,-958,803,19660,1307,-87,14,-193,-24,33,-282,71,-21,869,512,30,13,1264,76,3384,-2,235,-897,-137,-106,-27,5,317,40,399,-973,-49,117,64,-70,70,409,666,412,976,430,1037,84,349,-1832,181,-83,-19,310,-335,199,-497,165,234,518,89,165,-33,13752,32,-83,-2,620,180,76,218,121,-52,-42,36,64,68,106,216,767,1263,187,-95,-270,-65,-1,-461,102,-269,-174,-13,122,177,67,879,-120,93,165,303,57,68,355,-190,821,-30,168,418,745,259,-71,638,-1,-48,307,-26,1081,-33,-639,206,7,117,-427,2067,-87,16,29,497,1264,65,231,117,282,153,556,-156,953,115,1096,3318,-796,502,-127,-96,3184,244,70,105,295,-834,26196,38,629,-206,527,108,33,238,127,245,43,-43,8,-67,772,120,2302,389,1179,1661,323,-96,-180,323,27,-128,11,-204,-278,705,-314,67,2,-16,272,243,307,-262,-210,131,273,143,218,336,70,219,87,35,133,-226,975,-24,-925,-174,-850,743,1266,276,-221,-566,2336,77,10164,15736,-576,386,-162,1443,29136,237,-137,-847,215,575,-418,184,183,385,871,693,14398,17254,81,-24,-663,32,286,-250,-49,225,185,194,354,1316,496,-112,-109,-26,-942,-213,895,-36,-510,13,209,62,-931,758,134,-307,-322,-73,149,745,-866,86,-20,102,-17,-401,45,-518,-45,-1143,1497,38,532,496,109,-462,-109,310,-136,562,95,21,-93,-103,472,45,-40,-1,-376,-357,-194,36,727,376,2405,4405,622,9376,153,19,144,146,89,39,613,-361,-5,-830,95,194,821,147,142,805,39,-226,-150,-188,109,1881,77,461,27,-206,184,32,257,202,6003,174,40,-745,603,-1244,1604,-611,74,136,-45,33,161,-90,225,-194,285,1111,1125,521,187,55,231,40,-30,64,-203,-2222,149,426,212,-2,194,-294,367,95,-169,-183,-988,2,746,317,2245,1090,244,264,-278,226,-185,257,7,-169,149,-117,502,655,478,61,89,-8,1162,137,122,131,111,237,812,408,-5,1475,152,39,226,0,30,966,-222,480,111,-16,98,-351,1629,-7,130,-4,-691,1424,108,-297,-383,374,152,18237,332,-124,23728,-300,68,-51,-264,770,39,-500,-1292,4143,188,127,2809,597,1121,-106,922,-32,-137,256,0,363,221,125,313,-180,-947,-86,-42,245,2152,184,-68,893,420,-8,98,-474,-196,503,101,-153,46,112,-188,26,307,342,-35,-40,64,163,216,475,1144,-292,307,-114,127,673,5,486,-80,1436,884,-74,115,-7,2339,1207,1789,22123,21349,128,140,40,-221,48,-80,1226,-49,5478,64,-200,87,32,199,411,-260,-1018,383,115,-73,62,111,43,231,80,-121,313,22936,537,10,390,17,-652,-534,84,-30,121,360,-467,380,209,1267,360,134,1225,111,93,118,1355,-417,-377,380,-73,-114,178,-1468,-483,137,276,686,172,-93,469,-35,-196,424,-17,-140,505,-62,-62,99,122,1055,-1,-26,295,187,-38,152,-76,1354,-48,62,193,-76,-130,74,456,225,289,253,-7,163,-292,295,71,171,-879,-650,-74,-1294,20,83,1273,-250,480,642,515,-114,-36,207,301,671,52,-196,-84,73,218,-465,238,35,-579,484,264,1184,-266,-115,382,644,64,45,118,270,219,443,674,-10,1048,-124,-21,73,341,544,-4,976,-67,-5,-692,-74,-180,-323,344,-19,174,38,-13,-187,158,-1018,-48,-2093,1102,-101,234,169,-278,698,2941,20769,456,143,1408,341,-19,-462,-108,1007,-699,128,8754,-121,7442,-42,-42,11347,194,95,40,-64,175,364,-30,922,-163,-572,-139,308,677,-20,67,166,200,619,-450,-1005,279,568,695,96,15865,57,-197,856,21,-137,493,349,89,169,-360,-204,48,330,144,58,2758,2431,-35,-46,-128,49,-26,166,1212,351,-70,1916,598,140,1525,196,-124,2652,-262,67,-99,122,1418,199,373,-30,114,-712,751,-86,-562,79,19,-16,496,93,490,1153,80,1739,101,226,57,537,689,206,194,102,108,3043,1910,-664,-71,109,-554,385,251,62,1229,332,1570,90,-122,581,92,301,-2338,209,162,-215,834,130,61,-1368,-402,1042,-27,-24,2010,-344,755,-529,-40,-166,80,512,1289,-1300,-335,1496,12066,-8,229,812,-89,106,-461,442,4787,114,89,29,658,1037,257,58,540,193,-307,638,17,140,890,568,29,1545,-33,603,-17,-1,622,613,865,159,-1592,-38,-322,1950,-54,270,-96,38,-23,-124,550,114,257,159,21,-218,-178,472,-931,89,1259,231,190,38,802,-10,650,1030,674,-166,-73,-17,174,1289,70,58,159,-57,-670,5624,67,98,308,-58,-17,673,447,86,11,502,734,-278,849,20,-115,-250,87,-57,136,-62,635,-253,297,62,269,701,995,-165,-51,35,-468,-51,-43,1178,-30,152,1035,961,919,-120,863,-266,-270,601,-30,149,-134,-314,152,87,-7,93,-79,314,98,743,537,-26,1002,-289,184,-48,81,-206,-26,-758,598,5,5828,6396,-174,215,206,866,32,22267,158,-436,316,-7,-342,-650,5,149,380,355,178,253,734,7,-76,-13,-137,-54,-95,-8,181,1076,122,-254,-128,-458,140,-29,301,212,68,101,525,-70,76,244,272,-55,-42,-257,215,111,-650,10,86,247,-714,357,-98,191,136,200,-2,19,450,-76,360,-64,112,83,712,-434,499,1954,895,802,-480,-149,-215,120,-264,-71,1818,134,286,243,-761,-49,-207,24,108,-36,875,494,267,-147,972,-549,-30,177,99,55,248,-307,-325,67,799,881,136,341,300,393,33,1191,-65,-114,248,-1105,386,13413,409,19,-7,93,292,-90,115,7650,-29,199,1813,1455,-398,-575,418,354,-226,250,87,-177,13,361,89,297,-781,-24,29,136,38,792,196,-405,-464,23,-30,366,544,5785,7696,35,-29,701,193,2371,430,90,289,-2367,423,-505,506,90,989,-7,1809,74,-221,-521,-717,156,669,1869,-58,39,-256,55,1398,-248,159,-575,1526,-67,-240,316,1052,-412,-16,36,-301,-171,64,73,628,474,234,144,-105,-525,7,-81,3258,210,-712,-1522,578,8316,-225,202,-582,109,540,406,294,550,-532,-139,714,1112,161,8,490,92,-24,-68,635,52,39,616,266,-642,111,-27,-338,761,-500,-440,187,708,-30,433,54,-92,-2450,-30,975,862,1068,-3453,-2,125,144,519,39,16,-188,696,272,-29,117,931,325,292,705,453,635,-190,11477,759,-1235,1349,-26,77,-43,-21,3557,1185,-983,-1261,-601,1004,-11,-2075,1494,-74,-500,428,-150,-137,-390,3718,-298,-128,137,269,238,10431,3113,-244,3289,625,-483,-40,5261,206,452,423,4371,-2,12738,-843,-2453,-4400,-21296,-1838,-171,385,1809,166,-241,939,-209,663,-417,736,10460,5962,58,114,-168,-32,4907,458,443,14,156,-27,178,-794,541,-57,68,480,360,-73,-86,399,677,775,1483,61,1464,-161,516,-10,-547,45,24,503,307,367,-68,-42,408,-181,582,16,-13,46,76,-308,443,780,1668,411,762,-4,-414,-796,-199,1238,335,190,65,-49,43,-74,-174,461,264,784,606,1118,4599,93,12818,-153,29,2,103,7,-10,36,51,-607,-130,149,-54,2437,-55,-253,-55,-137,951,-115,1118,1,-222,-162,-42,401,-161,264,30,190,142,-206,2,-222,387,660,286,904,-101,70,174,-2,-61,575,-1,257,215,780,-166,-36,111,598,357,-234,83,17,1020,-10,86,-354,188,9530,10,203,-103,-13,-38,464,9516,-127,412,-401,222,342,-235,532,-674,105,142,35,841,1784,-288,-267,383,155,-13,8,540,320,1815,-90,199,77,122,-29,-14,-279,-90,-19,270,300,180,67,105,535,-27,1526,27,-125,-500,-821,936,241,253,437,23,61,206,-199,125,83,-49,1444,-17,165,1690,821,739,-162,1433,-1136,1026,-143,459,-10,281,-136,21,-89,344,-99,1196,232,-156,93,461,1420,-60,95,42,-23,1052,-74,780,529,-193,-1294,-262,691,519,-270,45,-878,1308,-1472,543,117,4074,61,-619,14975,231,257,4071,-140,-33,6078,6946,2449,-803,-10,216,999,-285,-543,-881,-304,0,354,55,4279,651,970,221,-723,370,304,529,275,212,74,557,368,1172,732,115,-338,7,-58,169,14307,871,70,338,45,130,-124,-87,144,185,-150,273,13,-51,-307,-245,-4,544,-262,617,111,-644,117,-96,288,-23,9499,17954,569,276,-229,18764,10349,204,9883,-304,-109,383,-13,303,117,87,-142,212,5,325,80,-518,-2406,1323,83,529,-295,352,-67,67,263,-33,-33,-21
41,-62,-23,-7,142,-233,-284,-167,-97,-12,-70,-89,-355,-173,-165,-139,144,-111,-161,28991,67,32,21,-43,-103,26,-86,-137,-68,-10,-29,-167,-62,-262,-189,-158,-56,14,165,104,53,-109,10171,17294,21971,9902,17778,20434,159,-90,81,281,765,-6,1668,133,220,183,-90,216,261,45,123,51,125,353,259,2548,566,181,-322,-781,767,62,-518,7,-112,89,258,475,145,50,410,3,18,46,403,82,1051,615,150,749,298,629,422,194,-54,14,137,167,-73,158,-211,93,-76,-267,23,3313,491,-571,488,-283,206,76,203,-463,-4,169,93,147,-115,51,101,469,305,-67,-485,220,15,167,262,37,-316,54,4,-12,258,54,809,817,383,-12,123,178,345,103,173,284,601,122,-25,136,111,352,220,943,36,494,-92,1194,-122,2883,370,2468,122,-4,90,180,571,1017,646,1895,100,306,273,187,228,42,203,17,242,1421,291,18,20,-65,89,29,-43,-1106,-187,2268,-20,-4,-324,696,2020,281,164,23,998,144,673,112,98,-7,386,136,37,945,818,36,-219,26,176,5425,-159,72,1745,-37,1402,893,-25,29,46,-28,17067,-97,842,857,67,104,355,826,402,84,252,212,784,1883,114,5546,316,2376,32,28,-39,-111,-18,718,111,48,432,1444,29,349,-23,377,14,516,165,2442,868,-330,435,-62,28,-187,-497,-20,39,-278,-37,200,225,1742,515,190,-28,-363,-98,-45,1169,5017,327,-76,67,100,541,1158,-118,20619,1546,2426,142,782,846,538,136,1482,377,97,574,450,1,43,330,195,2811,173,-156,-147,677,-15,244,756,21,56,-23,90,97,134,1936,1862,1566,126,399,535,605,131,118,1205,1617,258,93,68,306,605,206,1421,350,242,1335,900,313,54,-42,1020,126,45,618,131,100,3591,183,283,104,748,172,208,95,430,452,192,2318,-4,165,32,1185,435,555,1703,-82,-78,399,1469,767,89,477,1100,189,169,-3,-17,1898,1255,1695,-255,162,129,385,37,-4,56,-78,1,309,148,175,466,796,396,623,840,419,468,574,100,104,10,56,1037,1253,89,3,486,134,405,262,54,137,21,139,482,244,172,54,574,73,225,53,1512,117,-87,36,776,463,485,1106,479,277,1922,23,283,-21,144,-15,-68,3,209,1040,453,48,1660,-3,-39,-186,1430,-123,183,-117,-4,72,1175,2900,-336,-9,-244,115,-162,488,-173,70,57,59,627,1,680,428,-6,230,7,411,705,441,605,480,812,286,333,464,62,496,300,112,78,239,247,280,349,1015,468,-29,428,1665,-120,3216,259,137,2742,-10,-338,68,117,48,450,40,1020,626,236,518,151,823,264,-7,-165,532,541,543,591,56,208,8218,396,773,256,1335,226,867,734,115,358,547,6989,752,252,-7,536,-421,20,115,12,345,322,228,1174,1441,101,4,610,17,53,580,14290,283,-28,324,173,19968,45,-572,1238,327,460,108,438,757,641,270,178,-20,738,169,-126,1089,266,1172,289,668,829,724,248,320,197,175,-39,604,40,197,112,17,0,31,342,242,1264,718,198,773,-483,438,67,372,136,-32,126,53,485,-255,89,468,-233,560,947,519,70,-114,691,192,421,-61,164,34,53,147,579,278,-7,-90,-37,1346,111,330,23,225,-29,763,86,198,1358,419,-81,-46,28,1754,100,178,62,219,-25,92,59,-169,277,464,497,1216,793,1056,-81,125,1269,336,349,471,57,1875,727,453,433,-70,39,255,256,-79,338,-100,-75,-333,407,327,652,189,36,372,496,178,857,374,270,134,197,67,829,-266,3,-333,194,353,361,403,211,136,322,-43,-10,241,342,148,305,248,364,820,638,391,-1530,317,165,73,62,767,137,718,-48,125,61,117,125,89,336,25,544,90,86,374,205,9666,123,167,192,-73,1020,-195,233,782,-247,-9,178,3883,98,226,-97,-10,255,-372,76,117,144,546,-7,1025,208,4,53,1872,112,95,-1,748,801,18,1977,90,286,37,-205,-108,208,57,1534,-128,283,72,48,2218,729,3,-29,3093,818,242,-162,269,-300,3367,5073,892,57,206,48,-76,-92,18758,338,75,1812,751,571,173,278,67,530,-460,-732,508,-164,-608,-366,-820,-252,172,-241,298,513,3858,752,134,31,-176,267,477,-281,156,40,-28,46,9,320,233,-416,26,172,-10,95,1637,142,75,65,-158,164,-349,3,277,-90,-93,-150,-39,-205,137,-23,286,-206,-804,-43,502,117,380,172,2601,23404,632,25,-34,1759,-176,172,-896,7233,84,-266,123,4,-23,115,496,262,22283,173,18,28,28,292,-106,405,1,-245,14833,-31,-153,133,-59,778,23304,9,-613,98,-20,173,43,148,-317,986,36,10,10,37,3140,101,381,134,24625,1023,331,447,284,161,-150,67,-3,-10,225,32,8376,-4,-103,-57,61,37,309,111,-137,-51,-237,48,76,-97,131,-10,-14,-403,242,616,65,-513,203,978,-7,-114,39,350,86,599,1152,123,314,181,-46,-29,-173,164,15,108,67,111,-159,114,-14,34,-43,197,-137,338,73,740,-115,-220,19359,-140,468,15,216,68,-206,-225,-114,-70,-64,-471,208,10187,676,245,358,396,118,115,968,64,-114,236,-26,236,-190,-1947,16051,381,62,-264,5677,-39,103,126,14968,-324,330,92,247,-90,-192,-479,67,106,118,-3,386,-14,2925,533,54,261,164,-270,-6,277,457,793,154,-25,-62,-464,54,194,1892,416,760,181,225,-133,39,73,1443,192,743,82,7047,-72,297,1000,2158,-366,-15,297,15895,233,353,288,751,270,37,76,5831,-28,244,43,381,114,212,45,-29,300,29,-7,453,39,994,59,-59,56,147,151,1897,159,298,6858,-45,324,330,560,331,2288,1022,-98,17,-37,-125,2669,316,3486,328,15,613,-45,6328,302,-29,424,-380,4,42,-175,25,12,-20,-59,615,1318,4,1020,-134,32,54,-200,261,184,3495,76,236,62,-32,136,-65,-65,-32,18,-56,78,1482,-78,-46,34,86,538,167,245,1119,206,1967,148,164,-43,84,234,59,-133,-20,-20,36,-23,1532,87,-220,12,14,-37,118,-322,-76,1388,306,-665,699,72,56,228,-327,190,-189,558,72,453,-286,159,-56,93,-34,-291,167,958,-79,-1058,-36,-381,31076,14993,106,162,-468,231,54,37,428,433,-311,90,117,56,23,-10,745,2917,-352,521,216,14,-4,364,959,-57,582,961,176,-4,-12,829,68,-7,195,799,2236,95,23,-23,-34,-123,-34,28,1956,78,14,6,768,-20,40,-43,95,86,-75,1836,-150,516,28,-136,1015,-608,-195,208,690,61,1681,16198,-34,912,43,109,2185,6,494,59,131,86,217,46,21,333,-446,-20,118,18,46,259,511,57,324,-18,-471,616,289,239,879,1967,173,231,125,-165,743,3,39,184,-147,563,540,375,1782,1,458,48,-81,70,45,-580,197,-1235,-31,621,178,158,1238,1127,137,147,214,-32,4675,-23,242,87,25,768,341,912,-1,-46,911,381,319,386,-26,277,86,1673,15082,75,721,3581,205,32,3844,76,4,9,1687,1692,691,129,86,-26,57,644,32,234,100,-4,176,59,1623,25,-139,190,53,743,812,-485,-125,1772,-25,-568,236,446,156,-360,67,212,-32,64,-518,-82,-9,693,-644,320,349,7274,341,402,112,114,98,493,54,322,882,-178,-39,4037,98,334,126,56,-147,-57,-399,139,-223,-89,51,839,746,325,1343,-92,183,72,139,644,-284,624,292,-104,-25,151,-25,-108,201,450,-20,15,25,-21,3,86,36,914,180,947,341,-231,-42,-338,14,283,4910,159,67,162,23,14,57,98,98,-31,939,129,9,-14,170,-572,272,169,-48,136,305,29,15,81,65,156,76,-499,1801,112,172,200,62,-64,198,763,136,82,122,300,721,923,298,464,291,-151,131,-73,1421,-76,381,201,309,-9,369,222,76,162,-73,7,242,1466,345,823,-15,237,-75,817,128,270,15475,1117,405,-10,-15,356,97,133,67,62,14,460,756,36,1130,-153,78,79,21,59,236,26,1203,757,162,131,590,-18,-53,198,255,-106,-64,-100,511,36,109,46,21,-17,81,-100,701,-169,-118,-485,0,-128,48,-20,57,-231,288,-552,540,413,51,178,-200,92,-4,93,241,9,715,601,-36,519,-12,455,234,530,400,-54,87,967,-72,-64,164,4,770,67,31,31,734,28,48,-53,277,54,527,1590,680,128,178,53,-129,62,464,256,258,18,164,-97,136,-36,-183,-173,-585,142,-233,114,18,112,363,-153,28,-120,-471,25,510,56,65,1150,4639,-170,-87,11175,36,15,78,-413,-12,543,23,1487,264,106,95,-65,89,-360,-67,1,-82,118,78,604,-324,-20,1563,84,-70,275,4714,-23,-31,16093,234,-176,438,32,40,4,122,46,12,164,-237,1532,-192,198,18,6759,-76,48,-15,-50,918,86,-67,197,1149,1559,82,-189,-250,1399,-73,741,458,81,100,-530,89,491,2611,162,-7,212,219,-311,195,200,42,45,20,-23,10,37,148,17,-122,16383,89,29601,25335,19983,57,-40,-18,-9,-273,162,356,8097,34,34,3312,18,521,-375,37,-87,352,1327,-106,932,70,18,2252,68,56,29,-399,-477,303,-89,787,-106,-59,295,9337,46,1901,139,151,9,57,76,374,763,-3,302,126,-136,-158,-10,2548,219,40,623,1606,457,792,1139,225,403,217,597,439,147,201,280,73,324,552,402,-108,10369,53,27668,511,76,-23,-25,-541,115,73,148,39,-109,-73,195,136,128,40,26,7,43,289,76,-78,57,112,-67,-6,206,5483,14,-122,228,2794,48,93,-46,-479,21,123,-15,-39,-4,-125,161,-311,-20,73,-211,53,-104,3,596,-95,-1,-217,98,18,3050,-82,194,62,36,175,776,28,29,515,-158,200,7097,313,36,233,186,-134,-67,-21,234,-36,139,86,1446,4245,-367,123,-76,-14,48,2678,400,11671,580,-280,1978,752,62,34,-48,-407,322,-258,139,103,161,491,350,1307,36,-104,11169,123,36,313,111,222,887,101,-23,444,1595,125,-195,11962,3890,65,18,-68,-51,62,743,591,198,1884,129,118,112,247,247,655,192,219,280,-10,87,-9,-65,120,184,180,444,242,73,-136,414,73,1618,568,377,317,195,86,300,2661,145,93,882,-37,-51,427,760,543,23,142,106,2003,56,211,181,731,53,181,17,-173,-28,350,56,499,-123,139,369,-76,-1,261,309,57,108,-78,0,28,-25,-154,657,355,-45,-78,-156,175,-78,2107,1391,82,258,78,70,144,-140,466,-187,248,-56,40,947,277,-46,53,23,31,-356,-165,-21,-87,42,-167,341,90,-31,364,86,20,-543,-129,-17,-20,12,217,-289,17,1149,54,203,-34,15,391,27508,6222,746,82,-10,148,-46,419,331,61,115,189,31,3,-109,-6,140,-53,1188,81,-150,92,3398,-137,-150,73,-56,504,1208,-23,662,378,549,-54,555,245,-131,735,194,1133,128,-28,-1,73,-153,-3,1989,-272,432,-150,34,6,378,-250,245,216,-14,-42,76,-23,756,-201,134,668,597,-62,11297,-612,850,352,48,286,-46,735,76,7,162,-832,114,214,-6,101,-101,-72,438,-20,1271,56,56,3,211,572,1100,2842,3254,57,-25,64,256,-205,-87,0,-61,361,103,79,934,-95,161,-12,118,87,220,93,-106,98,36,1365,372,39,-313,200,457,90,721,45,7,519,-62,-264,269,-12,-46,106,-90,115,0,190,-6,56,181,14731,-142,167,871,39,330,18,724,31,252,385,-34,-1081,122,1818,270,82,158,421,144,82,-18,967,57,18,17134,211,86,-4,183,159,267,45,173,70,799,61,68,679,485,81,572,411,-641,-51,-90,-230,-144,504,-64,-36,76,2313,89,-111,10,12136,403,53,158,161,571,-45,-82,59,125,3448,-175,-86,111,405,4398,206,125,1307,1390,90,-538,-4,151,-252,61,313,386,95,577,203,-92,558,-140,2247,23,516,328,100,300,860,97,111,32,-97,2194,165,-139,181,29,86,-28,42,-51,1108,6917,252,-25,707,43,159,396,222,701,6400,336,6,158,0,284,289,828,28,597,597,-4,56,466,134,256,6,153,101,309,893,142,1,-53,-288,-40,1574,1574,-269,862,2330,378,1036,79,228,150,-252,283,306,903,424,256,15,76,147,65,-223,424,699,-120,691,100,192,-247,967,319,-133,-43,2291,535,42,21,17,-57,142,1261,388,-690,1015,-90,115,-112,353,300,602,181,-40,-21,289,-125,-84,0,23,286,233,198,-14,167,565,40,-1216,-7,29,75,45,59,140,0,416,458,228,712,100,339,-36,259,-14,37,381,347,26,-79,-68,-206,45,42,-203,78,-78,-59,248,934,-72,145,26,48,770,32,3816,34,392,447,256,-57,156,561,-222,101,-14,2415,154,-115,111,1469,109,82,-267,558,32,25,197,-86,117,-18,183,288,259,680,140,122,40,-32,129,31,95,173,-20,10306,131,-34,-327,20,23,134,32,767,34,-226,101,186,170,-12,118,-43,122,-72,50,128,-109,-67,854,-81,887,29,32,-297,-10,-57,241,-208,20,29,-198,360,-21,114,284,-447,9,37,173,45,4,180,226,115,-26,-175,349,-209,-23,572,895,-201,-114,114,560,42,67,796,-267,-20,15,201,45,-278,269,43,79,-256,46,-12,75,4674,144,723,-452,504,125,34,1928,-29,1936,17,169,425,-244,284,118,-516,353,-148,261,317,460,106,26,443,-3,65,443,-250,161,233,-56,-31,14,309,20,-59,178,230,92,198,-14,917,-18,922,3627,241,28,2135,-70,616,278,98,-15,112,3,641,62,111,-4,-46,109,768,73,361,7,-103,67,-798,319,593,1197,691,46,6,-39,226,194,796,-28,2099,90,-64,1945,-17,180,68,81,25,133,-237,172,169,159,-862,-109,533,56,14,190,519,754,-253,-18,98,247,89,100,18,176,82,256,-14,79,201,-21,472,-31,342,206,399,31,118,1681,1880,413,334,245,64,-361,10317,341,2722,330,322,1255,1657,380,53,-29,432,-32,342,54,-61,14,400,153,87,-1,50,361,291,1538,84,53,15,70,12,363,15882,12953,154,0,21,133,-46,-3,569,45,-53,89,147,-42,255,-3,-206,425,-81,122,36,370,216,242,-48,93,546,419,180,176,-1,407,212,76,50,372,201,1532,-7,-278,16624,27441,19739,14375,15292,22643,5632,724,1534,128,-175,458,122,3,355,-28,54,-344,-39,374,89,-37,25,551,37,302,-6,402,-3,194,61,198,70,40,696,89,175,64,17,-12,-36,-137,173,72,-32,275,-48,-140,145,136,-67,474,554,-258,23,-72,331,197,491,-342,158,383,-103,122,53,288,486,208,104,145,173,-3,125,40,108,-137,214,50,-62,29,39,-50,646,112,136,-51,42,-352,521,-26,-9,170,302,167,-297,131,1313,214,79,36,-389,242,56,214,266,32,654,1,-67,453,665,-106,1797,20,-62,618,21,164,255,529,-10,34,1955,1,156,-1,-23,-139,488,236,228,-43,392,-12,112,75,475,1175,342,1181,392,98,195,139,-37,483,266,4,28,-117,774,39,297,64,360,195,7164,147,-97,875,-86,-10,112,-3,79,90,70,605,306,-14,-140,-29,36,-46,-36,-37,137,111,29,-144,98,327,112,-236,417,-65,-79,-118,392,-25,28,909,51,718,112,-269,314,472,184,552,-39,684,853,82,-28,2863,-75,234,-18,201,-126,43,-128,-56,114,627,37,2022,-53,3332,-79,500,273,61,65,50,187,-31,-18,89,153,-247,147,283,153,219,176,-6,424,34,-67,632,228,2208,128,-6,-15,31,59,-43,95,391,6,56,295,54,176,461,-72,1657,-31,-237,403,-18,167,68,663,15,-39,-396,28,785,655,208,-126,284,46,162,453,264,125,392,837,-114,6,9,36,21,-122,363,267,-29,270,-593,212,-84,89,-100,-36,417,68,31,68,-25,-114,452,64,-65,848,230,131,264,970,530,929,322,32,618,-292,-36,228,-53,488,104,1006,-32,-51,36,-9,211,-234,721,1870,200,-7,176,9,212,100,7,2319,1067,-414,21,45,623,31,-87,-65,612,790,295,167,-75,-57,53,-324,-34,297,79,195,39,26,-21,428,876,54,1,65,-369,-184,793,-21,674,291,72,42,206,170,-37,633,145,-112,1923,317,798,1574,264,-51,46,-303,37,399,128,230,-273,344,15,-142,-9,-67,-117,536,-46,840,64,-137,651,87,15,458,12,109,-21,167,-4,89,29,959,334,-36,0,244,1,9,120,688,-197,198,563,-59,-39,65,0,169,626,234,3158,3,250,147,39,259,477,450,796,61,407,-46,136,128,4070,-12,136,212,45,258,1790,294,-34,446,1111,65,-15,272,3,-134,40,54,630,295,226,261,-31,424,242,687,-81,281,-117,757,-605,-25,0,1142,244,219,247,477,284,-234,54,122,64,-446,593,-150,20,583,226,206,-78,-256,618,109,53,137,-20,209,-29,1313,90,-18,676,344,259,114,15311,56,494,-9,200,272,428,-217,151,34,-120,2298,50,9,297,180,34,718,255,294,264,-40,441,125,1554,39,147,594,214,78,6092,173,272,773,1097,468,560,3047,9,602,242,917,1,604,248,203,64,2265,151,-773,546,577,-292,-12,144,9,593,1199,-111,-106,134,469,145,75,31,153,-347,-39,-6,320,90,856,136,1083,-169,17,42,122,192,-20,496,480,92,1217,23,147,50,54,12,7,176,106,161,65,20,3,289,455,859,2556,21,853,281,-173,-882,-17,-23,36,144,-118,549,-129,928,-128,53,-36,154,161,843,42,50,621,37,-21,-9,31,374,194,507,120,-45,17,64,-15,659,101,-17,145,14083,255,222,4,57,158,-78,-25,231,680,834,-23,14,198,-54,785,64,62,93,31,211,65,118,1009,67,65,159,120,275,133,-59,480,-9,109,70,-311,-43,147,216,-3,-303,1183,424,17,82,75,317,-255,417,21,97,-46,25,89,25,291,1981,208,46,67,117,7,87,147,-560,973,-51,-101,72,3036,59,-14,9,-101,46,-180,-259,-17,194,145,169,-17,181,602,14,1174,59,1305,68,-20,759,6,-48,-101,-7,3,-4,28,20,258,875,-20,139,-4,10,104,1221,-222,635,253,339,25,79,104,173,292,-14,75,4,-57,72,173,568,172,93,20,103,59,128,37,-28,612,529,380,566,-569,57,114,95,2108,867,139,479,25,76,472,-195,75,73,-131,43,-117,154,327,62,137,-62,-97,-12,1789,17,68,565,51,-18,261,62,170,12,1191,45,-29,-3,95,334,86,479,189,-26,78,67,386,576,399,-389,341,619,241,-247,1285,-100,976,14,289,-82,-46,144,222,-292,-18,89,-314,78,111,37,860,723,195,479,252,327,2005,1045,291,308,533,56,-189,26,298,-117,-186,231,-17,-7,-20,328,14,123,136,1997,-192,76,87,82,23,630,-341,1394,-262,108,117,316,86,203,525,399,713,397,28,31,1,40,68,532,385,18,-150,17,181,629,-14,1123,-51,114,273,715,-9,342,162,1557,4,-1,-109,115,8437,618,992,189,-103,65,56,1696,303,1164,-327,122,212,133,962,108,-61,300,101,-289,37,34,-32,53,62,-3,-15,23,438,-95,493,-319,203,40,45,175,716,903,67,64,525,309,97,14,86,344,633,327,34,-53,6,455,-25,879,284,-20,45,352,40,932,92,103,56,-53,26,0,18,-9,-100,-4,-37,173,618,292,93,7,122,79,428,-70,499,262,-43,-43,-347,15,-115,-57,-65,128,-20,258,-126,424,1199,108,295,-26,136,411,233,414,150,145,61,781,68,-17,101,557,48,53,-248,40,-370,93,205,156,0,-108,198,-43,-333,-428,338,34,2133,115,225,-408,90,57,-266,-93,804,31,-75,-65,-104,702,-20,244,277,123,84,57,87,593,169,691,-34,225,108,250,217,103,106,-46,402,659,486,212,-6,-64,0,364,245,15,-292,158,443,300,150,120,86,46,-76,1332,9,579,-136,42,629,239,324,192,-97,-56,73,685,-380,-408,205,-46,-26,18,-76,20,289,851,-241,1310,225,-9,162,292,363,123,331,181,986,89,425,129,253,25,511,-26,262,125,61,64,2634,314,148,192,277,479,17,-145,-1,18,618,208,779,20,305,61,237,-12,-50,111,-65,-1,5912,853,-15,165,563,7,75,-139,812,1344,1927,159,308,3263,754,-126,4907,34,-17,389,0,220,103,197,87,-53,137,192,-1,20,893,-56,-3,1106,190,82,-32,3617,50,2592,-330,1390,-39,109,37,106,14339,48,189,-21,-201,-40,51,407,369,344,253,4672,-14,1136,57,34,-162,1009,-14,322,76,64,-59,250,0,2783,-245,26780,36,422,14,203,208,360,42,2216,1596,1,-32,50,-46,-20,87,372,294,111,29,4,62,28,10,-156,940,-15,17,219,37,17,1382,-413,197,169,81,3,-6,122,-28,72,284,-29,397,14,7,10,45,22181,50,181,12,148,64,585,61,195,615,-32,-56,-6,-50,-42,56,109,53,-25,39,226,964,-145,68,6937,156,-23,-266,205,-34,-43,-9,450,313,-76,-9,1731,65,472,-768,516,505,4431,-101,2251,-95,43,529,212,458,1224,252,-31,-23,223,713,350,-21,322,300,158,3011,-18,-153,51,34,8160,601,-104,-15,68,3688,161,154,419,1300,206,958,-31,1507,-148,222,46,20024,-57,198,19572,2643,-4,1366,10,288,308,2028,-112,896,216,46,-300,-594,-101,17,438,644,1183,21,-112,29493,252,123,1504,90,101,-29,26,97,-209,31,16508,4422,-65,212,327,-1,-20,-43,178,-230,-122,-42,59,-262,75,42,-25,-153,154,252,331,172,831,245,421,111,101,610,-21,-43,784,-120,6826,1034,198,-34,8124,349,-37,572,18,-322,-184,10539,405,-45,-112,1,-18,-109,414,896,255,34,284,-87,178,1253,26,37,37,576,563,1299,212,25,34,29,450,-28,16765,2418,-73,-61,441,61,16352,198,845,100,0,2144,947,14,101,192,95,281,89,25633,11978,39,31,128,129,1039,605,292,627,-111,5835,-18,-10,-184,46,-61,43,86,7243,48,-421,-6,36,-34,319,-137,-101,208,3686,463,633,12,-54,34,43,-79,68,20,-189,120,1178,624,9,1009,4348,518,1549,31,79,-98,2391,5601,381,145,18,-32,158,-34,-54,228,7,200,812,547,-1,6,216,148,1098,325,262,2980,-7,505,500,532,322,306,16668,1668,-97,-14,45,139,62,-211,67,741,142,184,22967,51,582,65,68,-216,100,190,1493,623,82,-20,424,244,228,187,939,1014,-68,-21,89,14670,98,17,225,92,46,-172,605,131,29,366,-32,79,446,518,31,1095,236,252,-345,-178,-21,-45,347,588,597,726,1192,256,244,142,106,70,370,76,111,201,1892,-36,-198,-9,118,165,16837,-195,-680,89,6,131,136,876,-184,14027,-23,500,28,61,3088,43,350,93,665,43,355,7,67,78,28,-228,198,352,23648,9973,86,2091,2894,150,489,-79,308,280,4663,14,142,378,-1019,-278,1152,6,-26,485,388,370,4354,216,-1,593,156,-86,3750,493,2969,131,2404,57,122,-65,120,144,743,68,-259,-65,461,-131,370,17105,-123,126,46,125,1116,158,1336,1258,247,53,184,82,298,353,533,505,765,3135,1260,3,-12,106,367,1100,441,14,153,-36,31,153,489,43,737,-147,-25,280,2628,59,197,145,12,133,26,203,115,331,-10,652,408,21,48,-32,-37,408,668,355,455,563,1081,-42,21,-3,137,-81,-173,266,1119,17,-76,-97,367,95,397,-28,5358,-54,17,9,-65,10,280,273,-129,134,-126,-93,1410,164,20,73,46,3520,267,673,175,1,14274,381,-117,133,-360,-100,1033,-51,-72,231,443,150,50,81,12,172,-20,560,1178,856,871,-270,284,81,-29,427,1011,909,22430,402,7723,256,164,50,419,438,90,82,-250,-147,-93,18,175,1175,45,90,153,-62,-28,-114,436,65,34,1067,341,14,1374,-9,665,1585,-258,-31,108,12,180,-68,95,-23,511,-17,-59,1249,145,219,-140,314,28,17,4,244,-92,-61,117,374,61,-7,242,-39,912,-197,264,226,95,147,-154,36,73,-297,45,928,812,61,-72,51,-12,331,338,333,280,14,89,-57,-9,29,212,222,2498,20,790,350,-54,-57,37,197,153,158,15,-222,216,31,1274,-26,-233,201,161,92,-50,53,186,1225,234,195,61,103,646,62,336,98,262,-17,327,277,-245,-61,-413,151,25,657,-3,275,29,-3,0,9,-62,21,605,87,1119,-278,222,45,457,1374,43,50,237,513,82,226,392,150,-40,57,496,43,345,-28,618,51,-51,-330,14,112,-9,75,109,319,471,258,-241,212,142,-32,50,619,1039,97,-62,65,-519,-68,-7,-20,-187,-10,9296,-57,785,54,305,-17,-28,252,59,68,54,688,21,392,211,128,320,57,-281,178,654,151,-42,1,242,1025,333,234,309,-39,338,115,189,203,270,187,50,-413,-21,206,175,572,90,1,-14,330,36,381,565,330,-7,-57,-50,-72,212,59,560,657,-319,117,192,-1133,228,79,237,125,853,56,-226,-286,663,-75,444,111,1122,-70,-399,115,353,1105,100,266,349,-381,-4,-40,-82,17,1653,56,53,1300,2194,-1,-20,50,6410,2155,-29,358,-111,-103,1557,391,28,-144,117,64,57,-150,-10,907,31,26,46,-120,-56,-62,-59,295,-320,122,-23,253,29,989,97,136,298,39,46,460,-54,428,-43,939,89,140,53,602,576,212,144,544,344,-31,165,129,-78,118,-195,26,587,-67,7,-231,23,-4,75,28,36,133,56,-151,-78,-198,39,153,97,583,61,28,4,84,-34,-29,84,20,73,134,3,-21,488,122,-75,56,61,142,106,-123,82,848,-286,370,144,-87,82,-90,-208,203,283,12,100,272,87,322,9,43,396,-164,43,-56,86,-239,25,-79,-10,45,23075,333,-68,798,983,144,-37,383,266,90,-118,29,37,-381,-87,-25,57,2709,65,10,54,-17,114,84,172,380,43,-37,-1,798,1704,300,3,115,153,42,14,234,8882,385,-72,-90,20,-9,17095,1050,-12,13628,480,17,-231,92,9,172,95,273,2053,56,114,46,64,98,302,29,1105,-54,-275,92,236,37,922,394,439,103,129,0,489,73,386,97,3605,48,953,81,1,28,-56,-61,173,-3,222,79,497,1152,61,233,20,-798,291,-23,56,148,-57,-4,-12,95,-4,424,3,92,5730,995,322,302,-20,-14,1283,-197,482,-29,-29,1112,31,-34,273,1210,884,865,289,563,106,252,295,1477,222,-76,241,-67,-536,42,-3,22490,-256,497,629,-369,73,17,25,87,12,-78,-20,170,10,-82,-118,62,122,76,-305,-1,-3,-347,-17,89,-15,-26,170,-727,-46,9586,-162,338,111,-43,428,-12,103,18013,3041,14,57,187,-164,1560,748,765,410,79,876,619,59,57,438,86,929,114,40,21,1778,220,1080,-68,54,477,-3,46,932,78,801,-309,73,57,93,12,749,244,-32,28,1457,31,754,76,34,89,1039,-153,-1,82,62,-17,745,0,505,-158,-17,178,48,40,-3,45,807,1571,1055,372,21,-10,32,1153,15223,15,259,333,219,-93,1507,292,-81,334,101,-23,1632,479,-36,28,64,-165,-108,0,621,-4,-18,-173,932,-12,-67,147,-78,93,95,295,225,95,162,283,-266,122,39,67,-9,28,-65,167,73,-34,-463,0,746,106,-25,81,144,1684,4411,-46,57,-43,144,151,-169,142,17,-3,-53,-76,93,62,-61,284,-189,53,53,51,-36,17,112,286,23,194,219,330,-54,-250,61,87,-117,20,-20,3,237,90,25,36,217,-40,86,72,28,325,705,314,117,140,3,-131,95,602,100,-43,364,28,15,223,527,-98,46,131,294,137,95,42,106,1468,31,-14,-56,408,587,397,-39,264,62,-10,120,-122,79,1952,-89,178,79,-68,5867,219,31,-54,12,86,78,67,-36,78,-61,-259,184,288,1419,133,-7,198,153,18,50,-167,1587,73,57,691,81,-18,1109,648,507,125,34,-1,239,32,-6,1236,216,-106,-43,-45,48,54,-7,17,1,32,154,28,18,4306,76,-17,144,-566,463,29050,-72,-14,10,-23,-42,10,-57,-106,-17,854,59,-37,-6,1513,270,2240,-56,408,131,-56,-6,4,173,696,-9,92,-529,117,383,53,-133,18,79,674,366,886,449,308,-67,214,-911,385,-98,6,5251,-39,-46,87,125,231,295,161,172,-68,14780,482,-17,36,342,117,65,338,-67,15,29,12,36,59,-14,62,699,1574,26,43,-205,56,-17,-223,84,-273,-61,50,-4,67,175,1147,192,-17,90,250,-82,46,820,1,39,31,397,114,247,151,-9,452,-3,-67,153,14,-125,-75,-571,150,-45,-65,-114,2027,-115,-9,70,1307,621,21,-277,792,136,352,383,-72,1098,727,659,2003,-377,1175,10,12,4977,7,169,45,136,-745,20192,153,950,62,15,100,156,322,133,1139,56,-93,-64,657,367,15,2800,468,2089,449,375,0,87,275,108,65,-18,-4,-115,223,10,-3,-56,-62,176,535,234,-211,-180,87,745,120,-86,-64,18,294,54,23,231,-98,561,-159,-120,-200,-187,687,2622,172,-233,-211,1803,-21,10769,8950,-197,333,-64,2761,8271,1894,-67,-65,95,1540,-214,189,86,98,139,867,16525,13831,18,31,220,57,20,-161,-17,56,200,-42,230,1646,162,-114,-51,-1,-237,-313,344,6,-222,21,-153,-6,-516,386,75,169,-3,-56,-62,438,-111,-3,48,17,65,-180,23,-396,1,-244,4240,114,403,328,-76,65,29,633,-244,194,203,45,28,-129,331,46,1,-18,256,-325,-90,-7,186,363,3295,6544,1726,6480,-120,10,84,95,118,-139,421,-186,73,-117,455,18,303,21,161,275,108,167,-89,-197,159,1668,36,314,15,65,192,-144,-17,266,6119,-190,72,461,320,-660,187,-178,140,129,18,15,106,-18,-62,303,505,687,640,231,9,103,90,-45,-45,31,-92,-1560,244,201,336,150,244,198,360,84,256,-281,-324,-23,804,399,633,443,-48,70,-320,131,-65,264,248,-15,779,-67,546,341,381,510,61,64,652,90,101,95,36,18,67,324,-4,364,90,-28,21,92,106,806,32,203,151,-79,-32,78,-425,-126,245,67,-1260,195,64,-109,-203,111,342,19669,234,205,9680,12,6,-43,-144,414,239,381,-1447,1903,228,54,11042,1828,2611,28,737,42,-45,78,133,-209,62,56,82,82,-455,-256,-26,303,446,214,40,1067,-419,-37,6,-341,50,489,89,-165,9,-25,-17,150,192,364,156,10,158,36,76,413,-128,-313,201,36,417,1069,6,97,20,5137,743,-21,103,12,2878,2017,756,25143,11645,32,81,32,-145,-147,-89,369,-17,1141,48,-6,1,-14,516,167,76,-291,360,-7,20,12,103,302,612,435,245,247,21386,699,29,59,70,59,-39,-15,20,234,197,-98,-533,-78,610,565,118,322,302,-126,-297,624,-68,-392,411,15,-50,122,-688,64,20,6,2385,73,53,1451,14,-6,353,-23,-73,272,-40,-45,68,115,835,89,112,165,106,42,-61,150,519,-37,53,7,25,-39,-25,525,-133,140,580,-3,72,-108,582,98,345,-655,-422,-15,-576,87,-43,926,-162,400,267,228,-20,-86,165,148,158,15,79,-12,40,68,-118,-6,715,-112,397,342,1255,-73,89,175,159,28,-12,3,306,106,394,-244,21,385,-65,45,958,212,255,-14,147,-161,10,-198,-142,-161,-17,144,98,183,-222,-51,-111,153,-425,89,-720,1795,140,106,20,93,51,2380,9170,103,42,551,104,175,68,-126,563,-82,161,10161,-245,20320,-9,36,12902,148,100,-46,-203,-31,793,125,770,-37,70,856,129,234,-65,29,150,3,-266,-183,-605,-17,472,248,87,14049,12,-220,446,-1,-101,344,17,51,383,225,-68,57,172,-10,525,1681,9589,12,-106,9,7,-26,-56,1261,195,7,680,1620,75,1764,45,-34,3504,62,-12,32,-370,278,-17,264,42,-10,-248,464,-37,-619,32,123,-115,339,253,778,633,-175,222,716,-158,-64,663,475,164,-81,43,86,3295,2481,-70,-7,140,4,253,616,117,1067,320,605,-12,78,131,95,-3,167,26,89,125,992,39,-45,-594,-165,1136,103,-43,303,707,389,-209,6,-45,-20,773,1033,36,-50,394,13744,21,214,217,-62,272,-150,239,4965,95,-7,40,118,1277,26,1,244,405,244,1557,4,54,1037,214,-34,7,68,100,-4,-62,122,1020,640,92,-272,21,-89,942,-54,-97,-90,1,147,-59,475,253,129,104,-180,-223,101,900,-140,646,1607,23,131,100,195,51,237,-239,2485,-54,36,97,70,405,-64,-3,-298,78,-137,7753,20,7,223,-150,14,665,197,399,25,137,640,-245,383,76,7,23,23,0,183,95,217,-70,680,72,298,659,809,48,15,158,-108,36,18,147,9,286,976,405,184,649,153,-86,-29,167,-62,73,-86,-419,109,-65,-45,34,118,90,159,436,169,134,208,-261,109,203,67,-75,109,-402,303,3,15041,6358,-169,50,32,901,72,19473,90,45,46,37,-439,-17,114,273,111,483,115,76,252,183,-51,26,-4,-45,43,4,-6,574,103,-106,-118,-399,123,21,161,248,29,162,447,-76,42,164,65,-34,-18,-70,10,115,-81,32,65,237,-568,112,-375,147,457,356,68,79,-154,3,154,3,180,491,976,-153,947,751,366,-165,-604,-92,-18,72,0,-4,992,-10,411,266,-103,-39,-144,86,242,-499,187,968,336,-95,644,-497,25,20,151,169,184,651,104,169,560,1266,12,173,228,-37,122,914,-9,-31,12,-253,469,15874,244,9,82,37,153,-14,104,1286,-20,190,358,1040,28,-173,104,178,20,205,106,-92,108,463,104,422,-89,92,42,95,42,743,483,-247,-457,-17,-1,391,286,4862,6803,20,-40,1208,-14,4176,230,42,261,-978,322,15,693,161,557,-17,644,-29,-123,-460,-277,28,-57,986,-3,161,104,48,89,-203,466,-114,521,-64,-372,-419,281,57,3,4,-198,7,211,37,-56,90,128,-18,-65,57,50,-140,1916,29,-262,-438,784,5948,25,236,21,967,433,186,145,1422,-286,-61,851,367,21,-43,505,56,31,54,266,-46,70,646,46,-460,114,-75,87,256,-64,-209,-10,3714,-18,289,-106,-170,-1114,162,449,1291,247,-1662,-37,15,40,87,-1,32,-53,153,225,-64,-42,361,496,250,211,502,1075,366,12444,2153,-602,-56,73,93,6,115,1541,208,-806,-1743,-475,9,-86,-1145,596,25,-430,101,36,-216,-154,3276,-134,28,92,640,474,2633,1230,37,738,136,-136,264,3556,61,-4837,-217,457,54,10989,-435,-1919,-3514,-7764,-1570,-250,250,998,14,-36,325,-68,183,-169,892,4162,3112,73,64,-156,-1,1383,178,1286,15,81,23,64,-198,1141,89,18,1167,194,25,-37,118,144,319,983,48,7720,-42,154,31,-485,26,6,493,170,64,31,4,92,-109,194,128,76,-31,17,-150,186,457,220,68,275,26,-162,-269,-28,637,73,665,32,0,57,17,29,165,222,396,1479,563,226,-61,17856,-200,10,-50,106,10,214,10,93,-308,-54,97,-67,956,9,-6,10,-42,197,-81,477,79,-68,-7,10,95,-64,-17,-65,18,203,-133,-78,25,67,225,411,449,-4,89,-23,128,28,42,12,-14,-6,252,-31,518,72,356,156,-51,1,15,1574,39,67,-26,117,2789,56,120,425,-1,18,223,13366,34,129,-42,-101,169,-25,363,-20,43,70,-106,1302,461,-205,-100,322,34,34,84,90,322,699,-43,9,-21,-31,12,31,57,821,78,57,183,64,-10,120,-56,9,701,425,-9,-244,-623,679,187,-87,84,54,70,-294,-82,-3,-31,28,962,20,126,2900,978,480,54,685,-450,219,45,180,-37,72,-153,6,225,114,-192,-154,180,136,137,959,471,341,12,50,62,-435,-89,336,145,-123,565,76,331,1318,-322,-120,408,632,10,-34,-21,499,-39,-17,3004,275,242,3921,-51,75,2438,2498,624,-709,31,89,222,-50,-28,-601,175,6,244,242,1051,-186,665,167,-120,-26,184,846,144,100,-10,302,314,262,677,-148,-186,62,-32,114,5715,361,61,812,59,403,0,9,64,237,-212,43,123,-82,40,-70,-1,377,281,259,173,-469,222,192,223,469,14173,20265,646,42,51,7299,4895,-291,831,-187,37,161,-64,57,26,86,-266,84,10,57,300,-148,-577,1033,129,383,46,104,15,245,164,84,100,-18
42,22,-153,17,276,-211,-250,55,-141,0,500,58,-517,-24,-99,13,-77,-182,-150,25880,41,70,-12,37,-15,49,-52,-120,-23,-37,-70,-254,51,-340,-149,-153,-124,194,532,-55,-341,-313,15439,14345,17735,15363,20794,20166,497,399,859,207,2582,822,1041,129,8,158,-232,435,96,31,138,40,-120,283,113,1082,111,530,-1281,-703,272,-315,-124,-63,-114,163,261,695,-6,311,1111,13,33,149,176,-171,1053,868,41,887,189,864,525,217,-105,-27,253,84,-19,163,-53,165,222,-161,58,2152,506,-1198,385,62,-4,129,157,-168,67,153,189,-161,-630,6,-284,73,1291,-95,-454,-116,55,149,186,443,26,23,88,-15,288,-203,211,348,854,413,300,270,194,84,269,204,421,26,-215,591,100,283,1829,566,-529,468,-280,815,-329,590,287,2972,373,11,35,3048,905,1036,399,913,-117,-200,143,70,507,168,77,23,107,2062,583,73,88,-64,51,34,29,-1468,-135,2668,47,-47,0,1137,1252,98,52,34,978,110,609,207,91,40,-60,-94,655,1751,793,6,-298,12,-183,4543,-453,146,1809,-297,1218,1093,-132,225,5,-223,16061,-82,1541,583,76,12,1100,494,720,1,2,692,447,1569,330,3358,315,2553,27,-2,239,31,389,439,286,311,2517,593,77,775,15,363,-23,770,-20,2939,1493,-248,13,-116,-4,-26,-1041,-45,87,-312,-5,746,405,1779,290,248,-66,-706,-95,6,1126,5790,125,-44,31,62,416,1356,-143,12489,1479,2188,-136,973,363,152,236,450,374,167,-94,208,11,622,9,150,5350,165,-67,-110,4844,-74,206,818,8,-2,20,2,16,233,1657,1072,1578,192,438,633,601,208,170,1715,3249,847,215,128,438,197,365,1388,335,103,-178,760,153,74,-15,924,91,-264,653,241,80,4436,175,291,165,1140,185,48,62,-149,810,535,3170,34,95,17,1302,605,956,1531,-127,197,247,1179,261,116,770,356,175,211,-51,266,2078,980,1142,-1473,344,-42,510,-16,-38,109,-188,-8,457,-33,258,749,1136,363,284,1111,176,120,193,4,-564,-45,-178,789,1501,20,-6,431,170,-374,215,23,124,8,-2,282,699,316,95,891,123,121,143,1646,67,-127,44,88,293,158,291,530,110,1653,-19,362,42,67,-109,219,-96,88,685,474,56,826,-23,100,-391,1122,-174,517,347,35,52,612,5071,-139,29,-235,129,-76,240,-138,-193,63,-45,118,-118,26,-160,-136,842,100,223,611,223,399,456,387,110,259,406,6,464,218,-138,48,381,536,228,217,478,-203,-217,410,472,-761,1212,295,103,1310,-95,-293,47,-154,158,4,69,1128,1219,84,951,188,847,-27,110,-588,580,413,388,236,13,501,7074,178,550,251,623,163,376,984,76,27,656,7696,479,358,-45,391,-611,51,212,-70,555,80,248,1838,1607,33,-82,396,-45,-41,-84,13871,192,22,237,651,30820,-37,-1834,2835,-374,138,178,342,551,352,143,124,58,457,78,-474,558,170,996,114,264,264,535,175,153,81,11,-161,481,60,519,326,150,-141,141,92,235,525,327,434,276,-1202,358,88,1101,114,106,105,77,269,-218,95,165,35,385,1769,13,-33,-158,459,230,183,19,186,58,-17,-31,746,183,-559,11,69,875,134,435,27,-301,44,23,51,258,1180,768,38,-37,-9,554,282,167,98,-76,103,116,174,-70,264,496,280,1580,774,2947,-222,37,1146,-52,340,331,-69,558,461,258,514,-27,59,4,416,-175,219,-64,-102,-447,236,139,647,327,106,85,348,128,59,4935,403,-8,178,71,450,-257,-188,-294,95,116,251,1198,453,17,293,88,85,139,188,204,109,255,179,3629,532,236,-1328,247,-52,12,77,800,67,508,-143,-22,389,135,223,5,172,91,808,-253,40,403,45,8357,77,153,123,904,2447,-276,146,559,-410,-66,360,3110,254,189,-92,22,211,-535,27,73,161,261,-1,1204,22,109,40,1226,19,117,16,651,656,-11,3506,-52,410,13,277,-63,-147,47,2884,-24,229,52,208,1208,312,45,-53,1462,1545,452,-89,363,-601,3600,1274,1830,106,344,188,-19,138,21200,489,233,4721,659,987,330,207,70,741,49,-2730,467,-329,-810,-580,-629,-301,128,-207,210,457,2496,656,395,-6,-211,511,580,-196,154,-78,142,134,23,568,384,-428,-153,467,41,59,1768,59,63,-225,-334,92,-927,62,612,84,-288,-142,-123,-335,241,-63,832,-106,335,-37,1237,20,226,53,1160,24207,467,237,241,2006,-117,197,-634,7380,-27,-105,131,11,-67,-17,485,62,23136,225,16,-41,128,297,-506,221,60,-287,22868,-212,-150,306,-87,1153,16397,-64,-677,183,-96,48,30,304,-407,953,225,78,-77,13,7076,-164,511,185,29047,1213,-413,494,886,-66,734,17,-212,257,-125,-4,7500,-24,175,-1,123,-27,294,280,-702,-27,-511,56,24,30,414,-105,264,-384,537,359,-134,-20,590,1552,-22,41,5,226,265,605,403,179,584,-11,-306,-143,-250,113,-94,283,13,282,-226,92,24,494,-1,105,-76,489,11,998,-194,-387,13667,-55,1039,96,210,156,-266,-96,-11,153,-85,-77,427,8030,142,507,-12,204,24,219,544,15,85,91,219,129,4,-1713,16958,4487,91,-44,6299,-62,-76,157,13223,-323,620,77,109,-73,-304,-717,536,627,604,-111,294,-111,212,746,41,206,206,-118,-42,297,579,132,-12,-6,-11,-884,197,474,1581,476,576,150,185,-67,-273,-246,1556,82,738,-280,6777,-15,217,785,844,-269,84,99,8816,1773,637,356,3047,185,60,442,7214,421,167,31,356,51,399,85,-64,175,4,11,207,-633,1319,73,-284,-22,168,2188,1092,269,-212,179,165,19,602,1115,206,1267,1125,-102,52,15,-31,864,153,2100,616,-13,681,-12,7602,550,-110,113,-109,-16,211,-291,1,-78,-207,-48,233,1024,887,938,-87,48,44,41,1189,200,3893,76,235,344,-73,3943,26,33,2,192,-15,110,2685,-541,-80,255,323,2358,163,221,717,-203,936,331,255,-17,467,128,-42,-270,-182,141,55,217,1487,-13,286,58,91,-183,76,121,-6,1775,279,-459,472,20,145,298,-237,99,-145,365,-80,132,-258,44,-197,158,-2,-244,327,840,-96,-1460,-23,-806,28380,9357,190,-255,-541,226,294,19,311,4,-279,49,293,29,142,-94,-85,4595,-572,290,-53,-105,-4,33,724,-37,743,1726,-77,8,-102,2404,99,-11,89,438,2704,228,1,-45,-82,30,82,42,2621,16,702,1,829,-84,-1014,-255,22,78,-52,2752,-145,1089,35,324,876,102,6,-370,1046,62,832,8948,15,1032,128,-74,1379,105,924,34,352,138,35,116,-38,702,716,-110,100,30,31,59,649,406,423,67,-1176,337,427,95,1220,1112,154,808,109,-369,548,2,-4,241,-199,788,313,204,3112,67,366,178,-1717,117,-380,-347,116,-1794,92,1526,138,235,981,898,58,-13,452,-19,4245,-40,434,109,-185,1583,456,1614,29,-60,1042,858,181,-110,-77,280,138,1931,13078,4,1262,1244,270,16,4481,58,268,62,1735,714,1097,110,20,152,42,846,81,276,261,47,64,141,4866,4006,-63,511,63,308,666,-843,490,1964,465,-666,479,605,42,116,53,-26,-141,189,26,-51,30,1596,-866,226,671,5152,161,738,91,-388,44,225,-66,179,783,-320,76,16136,143,-287,170,9,-163,20,-235,214,-105,-26,60,637,409,799,494,199,222,218,161,347,-1233,442,228,-219,1,-154,-80,-382,443,794,217,157,175,-17,29,88,17,-49,110,1378,340,-423,-40,-533,-121,149,998,154,110,566,176,55,-264,199,33,63,1301,105,251,-5,129,-275,276,138,-20,161,588,118,217,62,24,42,-38,-793,1596,183,210,467,-41,37,-329,454,49,103,-20,417,171,3717,465,514,929,-211,-4,98,1425,-8,80,23,416,-251,678,-526,11,175,-637,22,212,919,410,824,-42,136,26,1099,167,120,16685,1147,248,-193,-19,165,27,80,29,-42,37,879,906,47,1048,-66,41,-201,-139,4,-132,110,363,432,-1,99,329,56,105,288,387,-81,-157,-8,449,149,298,146,840,-293,-193,-55,270,-176,-226,-723,-13,-277,-17,38,1,-453,358,-728,175,246,-1,-45,-295,223,106,38,188,301,510,879,16,496,-163,517,30,272,257,157,136,634,-85,-100,294,59,273,2,-38,233,1020,24,226,5,1504,4,237,1867,3818,519,232,53,-70,27,283,312,60,182,474,-129,352,-59,82,-215,-749,99,-973,167,45,88,428,125,176,-127,-569,247,476,-52,-34,833,10245,-251,-283,13379,6,-27,158,-402,27,211,100,4357,239,-22,141,-482,1222,-181,468,114,265,217,175,304,-276,8,1288,152,60,1142,2208,156,-192,13773,-42,-507,1288,-41,-16,73,127,170,-138,229,-402,174,-345,175,-161,752,-60,63,-17,134,1193,295,98,241,1265,1822,31,-152,-17,1392,-66,468,265,27,-107,-623,128,265,3903,230,-45,721,-94,-710,142,-23,11,85,55,-70,-85,35,264,-15,-33,20812,373,17117,21466,16934,-29,1,16,-27,-453,206,-179,5996,-9,-30,2737,989,1758,-915,247,-165,800,956,-160,730,124,26,506,228,62,562,-319,-724,634,-102,2780,-351,110,577,3113,13,1419,174,1,199,114,58,694,2241,76,-41,91,-189,-160,42,1638,253,1349,547,895,190,420,806,389,548,89,207,442,424,446,141,154,1057,370,116,69,6355,-30,20975,1450,-8,59,341,-344,192,23,1031,174,-713,16,2,106,413,262,153,11,51,147,100,194,31,135,-16,6,302,6365,15,305,194,7521,20,320,30,-712,55,125,308,-81,48,250,334,-410,-84,125,-235,178,-322,69,1005,-194,8,-253,-6,66,1601,-82,146,114,96,102,742,-88,178,105,-124,579,559,338,1050,48,403,-222,163,181,131,37,192,222,499,944,-588,485,111,-8,38,2158,658,16866,280,-541,5941,983,73,-13,-89,-470,26,91,546,-33,319,273,322,277,4,98,7547,-13,-64,329,99,145,544,2,52,699,1560,822,-258,5451,3528,991,70,554,49,-5,985,1072,80,2644,33,78,84,295,116,767,287,82,1130,298,-17,-13,-197,82,342,230,349,739,161,-298,832,-535,1504,1117,45,176,275,80,62,2976,81,88,576,-66,-29,580,344,3842,9,134,105,58,60,373,192,478,118,1565,67,-118,99,235,33,465,23,95,403,-27,-27,381,-812,270,168,-66,5,176,-17,-461,423,-226,4508,-353,-601,1065,-24,3940,806,-168,230,71,139,37,-59,817,-203,8339,8,6,1931,963,175,396,206,226,-331,-41,-62,-153,-67,-286,156,47,13,376,1952,1905,-463,-96,-147,-51,298,450,-283,-85,648,52,161,-8,548,229,15196,6487,944,-40,102,118,123,618,353,35,-132,439,16,-12,33,5,153,-385,2274,412,-442,142,12700,-340,-24,-78,-76,210,1107,-58,1096,768,667,-167,689,233,-124,771,1,317,1237,319,-30,59,-168,19,2573,407,832,-139,84,-12,338,-207,459,331,99,-99,120,-37,540,-142,81,56,100,-107,11210,-526,4339,240,23,677,62,865,-465,84,189,-1471,425,356,1,120,-593,-145,627,123,176,-12,157,19,150,127,919,9757,9632,77,-74,38,111,-253,-306,-92,264,255,251,74,1121,-53,165,62,235,152,276,27,-457,-215,-226,602,266,24,-884,53,2501,138,551,22,118,1822,-64,-214,631,-1464,-475,262,-92,192,73,409,253,53,49,10503,-204,81,193,-47,588,294,2383,179,286,380,331,-873,269,287,362,-240,41,171,398,125,-26,2102,37,-5,19153,12,183,-456,212,73,300,30,371,246,373,-26,99,388,186,-150,525,-22,-1176,100,-435,-342,-40,413,-143,94,-51,3474,232,-124,73,6181,2469,-71,358,121,109,-161,-275,385,421,7271,-301,-74,129,706,2021,76,127,490,-476,26,-547,-80,23,-286,181,168,400,44,218,334,29,1226,-259,1697,73,1121,92,319,494,1609,-1,255,8,-742,2578,301,-312,163,45,785,-51,59,-88,503,2693,334,-248,553,84,300,897,394,1519,5358,269,81,215,-385,255,312,864,253,164,428,37,118,230,113,533,2,391,80,582,1399,-24,-114,-37,-358,414,649,1013,-312,1216,2163,232,850,-423,82,-246,259,445,2084,876,2376,300,67,27,91,-44,38,42,344,-283,347,-17,562,-380,807,99,-84,134,4288,667,60,243,-270,29,120,837,600,-604,568,-257,-35,179,445,1168,179,287,-33,-142,882,208,-88,11,-17,398,370,251,-64,127,1507,58,-2073,66,29,327,392,29,103,-15,606,699,381,128,150,503,-22,313,89,40,158,460,107,-110,134,-315,-41,165,-196,181,-158,157,164,1972,-152,311,9,77,1562,66,3587,98,463,584,-52,71,141,587,-33,253,8,884,161,37,99,257,48,12,-382,1507,-15,81,64,-41,168,91,1306,221,-226,396,223,304,55,22,64,47,185,394,66,13353,100,669,-423,15,206,-59,52,933,467,-143,139,111,1320,-129,211,1255,89,-37,-103,179,-308,-59,1038,-78,522,-15,64,-337,-125,154,476,-640,-23,63,-431,96,-121,429,421,-678,-20,38,35,106,801,279,387,67,4,-160,653,-279,-27,721,1013,210,-132,200,308,52,89,830,-479,2503,293,-37,185,-127,405,-66,425,-223,392,102,293,7963,705,199,-481,575,152,120,-91,30,843,89,154,1204,-859,250,246,-978,207,-387,283,143,228,143,-24,825,-67,84,211,-243,-29,52,716,-92,-6,105,84,128,-330,141,82,98,-40,427,-27,544,4750,554,-48,512,-96,1818,335,135,37,127,-37,605,105,197,20,326,-5,806,127,432,200,-116,66,-948,20,358,247,298,128,-127,-171,720,276,1115,40,4605,-40,6,2947,-48,403,92,70,88,5,-919,308,407,102,-951,-246,218,261,-351,358,806,356,123,-37,41,582,143,246,-45,305,62,460,15,208,235,-537,530,-141,2824,138,-518,20,164,95,1885,818,301,436,705,-1209,17702,652,2798,257,331,718,319,52,13,8,561,-5,526,138,-138,67,709,211,51,124,13,-40,275,2071,222,757,-276,44,-56,1631,17724,9136,649,-4,-24,174,-2,29,1110,80,-29,74,117,38,157,76,-141,164,-92,127,-29,365,297,67,2,105,179,966,62,500,-40,1043,24,52,107,272,535,2084,16,77,10495,18640,12360,7029,12529,24690,3933,170,1027,132,-153,731,312,-17,788,176,-37,-685,-294,893,-158,-95,-156,323,19,123,-96,359,-4,81,16,508,154,31,219,214,102,-164,-45,42,-35,42,127,24,-185,174,55,-554,334,106,-150,182,969,-262,141,-60,476,-183,535,-503,139,547,-630,107,117,160,394,-99,106,131,317,123,-114,197,-136,-208,118,-4,-58,-24,98,96,966,243,-13,-172,146,-524,501,71,71,269,320,228,-468,92,634,219,118,-84,-1335,406,37,182,95,67,106,34,8,529,380,-35,745,371,89,529,38,33,544,149,66,73,1370,8,181,-30,380,-212,470,182,176,-27,371,13,56,154,96,2219,327,1511,-176,-42,175,34,-51,514,94,-241,95,-257,342,584,367,156,210,441,7896,-13,-171,937,38,-16,49,-26,160,-55,-113,255,102,-8,-395,103,-47,4,26,-131,38,89,24,-265,-194,235,11,-366,106,388,-120,-138,239,-8,30,785,34,1627,70,-584,203,341,312,897,2918,2006,-94,105,-42,7432,131,233,167,366,-88,63,-341,-5,141,335,-111,689,-297,1079,225,217,825,237,58,-35,99,-153,29,158,194,-161,63,490,185,331,132,42,707,-29,-64,602,373,2445,253,23,33,1,66,13,-38,305,-736,118,-96,56,557,463,-35,727,-95,-374,228,-154,420,81,298,258,-1552,-543,42,663,1733,-363,-59,327,-423,27,123,394,51,9,638,-387,70,-73,66,436,-94,37,873,-1,488,-1812,683,-369,111,-349,-23,136,58,67,402,-52,-139,172,-15,-73,891,642,247,700,1570,306,967,228,152,918,-241,67,262,-44,160,33,167,-37,12,241,27,508,-522,351,1536,270,349,-399,-44,326,163,5,1248,272,-561,16,277,1507,20,34,8,717,2557,428,1030,-106,95,324,-666,-91,-92,98,391,81,114,188,443,1183,923,76,22,-576,-1108,1061,-100,129,257,-23,71,128,44,23,41,85,56,1003,493,378,1194,240,64,103,-998,-193,53,241,161,-290,282,20,-244,-174,-82,-669,431,425,998,175,-342,736,147,-17,348,156,-62,26,116,-103,190,-123,507,584,-533,15,391,-71,142,282,501,-121,305,822,-37,16,124,-128,85,392,423,4048,286,3260,-192,157,27,1408,1101,1377,297,665,-76,229,35,1368,-24,353,127,24,341,1701,323,-277,1364,3181,-49,74,2250,-30,-240,237,150,916,335,294,394,-327,716,211,824,-747,215,-225,840,-754,4,-30,1183,363,583,514,937,171,-240,-124,142,168,-949,445,-246,64,789,461,284,-188,-11,405,74,167,-201,324,-37,-5,1002,551,-176,459,264,157,161,23350,-149,908,-22,338,258,64,-80,1183,-331,121,1179,19,-51,493,851,-47,680,42,64,178,76,425,142,2079,60,82,894,73,70,10820,290,470,836,1560,826,396,2242,53,626,19,720,-62,463,107,420,11,4713,311,-1301,1371,779,-190,69,0,80,481,691,425,-214,100,436,-71,44,-70,613,-504,-6,52,315,-221,2125,-429,1708,-377,17,147,110,124,-152,-15,107,80,1372,76,64,266,186,17,-161,147,128,121,13,-6,-111,193,1038,412,709,147,1220,1103,-175,470,-98,-327,-17,33,-66,550,-160,1661,-519,344,78,141,179,1462,167,12,514,11,15,12,56,759,454,420,277,117,12,102,35,924,84,49,1180,7998,510,517,31,111,329,-69,110,106,99,35,-88,192,147,15,859,73,181,27,17,51,94,-80,1043,194,-64,210,189,254,-772,-8,85,-27,11,-15,-214,-283,49,-1078,-73,-73,746,98,420,13,-45,797,-44,833,64,105,142,-132,2,-9,208,1625,-31,-230,22,100,-189,76,91,-597,1034,-109,-323,30,3358,-265,152,8,-164,116,-313,-1068,-8,128,229,414,-13,103,121,-41,131,367,1428,264,-82,1092,82,-228,-582,-26,-362,12,-23,-197,1400,777,742,-1,69,-37,-168,978,134,801,450,759,-69,84,135,434,203,22,62,243,-38,-34,410,550,308,309,51,31,6,138,-35,19,369,261,518,822,-980,-38,13,80,221,519,63,405,-63,156,497,6,120,306,-13,407,-369,136,593,-45,342,13,-60,13,1289,121,-51,550,449,6,582,74,577,94,868,246,8,44,53,230,132,429,490,-58,105,77,1157,446,392,-479,1132,963,743,-338,1291,-637,1179,6,413,-100,-221,0,344,-233,2,24,-497,99,114,85,717,859,273,217,156,329,1711,933,-168,147,1349,74,33,-44,283,-174,-222,526,-26,52,-33,460,-42,124,67,1071,-102,-208,167,38,-41,156,-56,3940,-228,486,158,-128,-17,389,157,927,978,781,-15,288,-161,-35,-49,185,389,315,-335,70,261,270,-206,1157,31,109,199,666,1059,439,69,1171,-47,959,-338,196,17803,312,811,192,-77,-420,16,956,265,1208,-671,463,507,355,1024,96,129,438,142,-1032,31,125,-102,-13,128,-24,-73,147,251,-807,475,-633,208,59,-91,253,724,681,118,342,138,117,179,-69,-15,942,356,229,9,-233,27,206,-127,615,179,16,5,193,-6,1258,42,41,170,105,196,16,20,-167,-128,4,164,196,320,670,73,-59,8,37,317,-504,486,749,-183,-156,-294,-128,84,-19,181,113,-45,551,96,329,949,139,360,-29,269,501,-80,582,81,154,82,743,348,-160,197,1292,-17,76,-425,12,-804,-297,-351,-128,-30,11,472,87,-347,-377,478,327,1706,244,100,-695,124,248,-528,-175,746,40,-107,-35,-154,388,-35,714,176,460,113,42,74,305,261,-56,286,60,208,197,457,207,87,-1099,725,1209,179,229,275,-116,2,446,431,23,200,-2,351,633,145,89,74,-78,-301,1400,-56,774,-107,223,1003,506,1018,143,-337,286,320,626,-341,-186,116,-6,-17,51,51,42,38,1007,-178,1023,45,-34,134,345,423,17,121,272,1349,33,230,64,291,-94,1189,163,305,66,-125,150,3012,221,27,217,-134,871,35,-315,-11,-16,172,167,985,27,161,167,172,9,-9,413,-13,2,2501,465,99,52,571,-30,89,-353,370,3005,1877,-22,-579,4866,525,-407,2960,160,-51,555,9,452,515,309,170,-69,73,268,190,186,474,-91,-612,897,-62,179,34,5093,59,5302,-728,6520,5,2,59,-33,15333,49,-38,-120,-461,5,76,3749,1169,247,264,2340,-49,4760,138,81,-129,743,63,232,189,118,1204,435,526,3167,-1526,24462,82,362,-27,-165,-124,268,1005,5517,2266,-369,-113,-347,105,335,1447,482,288,801,82,324,63,-16,-22,-564,186,142,-468,17,-5,33,226,-1236,37,52,23,80,-53,1,53,-145,92,45,179,-240,566,27,275,17283,30,233,38,714,369,767,24,395,366,-197,27,223,-94,-360,258,-6,88,301,87,81,1248,1,179,3560,306,88,-410,176,-1548,-67,149,514,139,-34,153,2126,163,1823,-1248,564,497,4804,-76,1638,-143,-2,-181,284,973,1682,548,42,-31,156,774,416,-42,98,268,60,1160,-73,-258,116,-42,6848,1014,-105,179,207,3359,489,42,942,1443,395,-1230,-63,2784,-53,204,308,19110,-63,113,25307,2303,-229,1227,80,284,250,2534,-34,1393,110,-27,-200,-1761,800,-31,165,-56,1045,431,-138,20899,367,56,1366,135,91,-106,-2,15,-591,-91,8363,4818,-100,15,170,11,20,-20,432,-598,22,17,-1,-476,23,74,-118,-41,-11,-244,-20,103,817,-435,335,360,80,619,-118,413,1205,-282,7405,1999,254,17,4948,255,-105,141,125,-446,136,14267,382,-87,230,-11,74,12,518,471,129,-40,459,-96,146,369,-143,24,89,199,612,605,273,23,70,98,1142,449,16216,2079,-34,-124,-111,88,16241,129,1104,116,-66,2767,1168,-62,584,-17,-33,441,62,22200,10440,15,120,189,273,955,645,406,342,-447,8418,-80,124,-117,460,-63,40,47,5681,17,-906,-1,74,-204,341,-96,154,124,3090,417,251,168,-116,13,176,-88,-105,182,-439,-88,1220,149,37,1576,3867,828,1088,-20,300,-123,873,5668,764,-8,163,-9,-29,163,-91,298,9,163,402,2014,-34,331,500,145,447,385,67,223,-69,503,1674,20,994,586,13145,1375,-49,-91,2,33,627,-535,223,612,81,157,22761,106,257,147,-13,111,59,771,528,344,-774,51,645,232,797,297,826,8780,-222,1903,76,9983,24,20,-38,-16,13,-163,190,257,45,-41,63,114,341,457,374,742,-340,200,-718,-190,15,-106,468,239,138,514,1237,288,566,-193,-40,8,78,88,-24,-40,510,22,-248,23,116,105,21466,-77,2000,77,327,-35,258,1548,-500,2871,-208,136,56,-102,4298,-161,837,141,237,143,651,30,-12,181,-114,-323,1270,341,21267,10080,298,2644,4073,464,837,416,360,880,1684,129,161,836,-503,-280,1093,-16,-49,141,85,70,2604,312,26,400,176,-266,4084,-233,1081,125,1800,409,344,16,305,158,1450,16,-579,-298,678,-929,728,13698,-116,-20,-77,12,1075,-37,1364,678,114,293,349,80,261,164,1072,172,929,2629,634,47,302,102,388,794,380,102,4081,288,-60,34,764,71,1211,-111,44,595,1775,366,178,30,-308,98,23,327,128,41,-5,331,420,64,4,-261,38,302,539,1634,223,913,351,-35,51,66,-197,-188,-275,2047,2220,13752,-19,-30,687,424,525,-49,8518,-114,-152,248,-60,-9,268,203,-241,116,-294,70,2850,147,127,70,40,11261,4,1233,35,-38,11265,1007,1263,-8,111,-179,2339,-250,134,232,158,-313,22,324,13,248,71,114,1065,1580,512,-1269,447,123,365,676,439,944,19165,499,5981,378,371,189,233,586,146,80,279,-102,-396,52,31,2848,55,78,153,56,13,-128,475,5,33,313,266,-276,116,69,1544,1808,-30,55,136,5,124,-92,62,172,547,-12,203,1153,291,170,-293,287,16,120,168,-64,-206,20,345,223,106,37,156,56,1028,-688,-197,239,-152,95,-714,-16,87,-355,337,457,265,95,-44,22,-110,623,449,330,77,19,92,-164,-49,-58,73,449,64,4,891,669,-48,282,84,135,-20,121,-17,-228,19,58,826,-284,-334,153,77,189,-22,13,240,1999,201,-811,20,-363,920,259,418,189,548,-33,376,276,109,-100,-270,658,183,330,51,113,569,84,-47,-66,-8,-13,1003,96,1233,-99,1248,91,201,821,127,103,595,398,230,543,272,226,-34,204,483,53,283,-42,858,459,-67,-506,67,246,-82,-11,786,255,233,550,-1027,-15,52,-134,-52,674,-499,124,-62,67,-1056,111,20,2,-92,-6,9628,-20,671,211,171,24,-51,92,147,136,517,1129,-27,306,300,794,306,-192,174,-26,611,259,80,-4,9,1838,499,825,441,-262,616,84,228,96,341,87,70,-356,42,266,300,1356,326,16,-48,551,105,879,895,134,29,-70,66,-1,342,-1,667,602,-163,113,69,-1381,506,521,304,734,363,-66,-217,-326,930,-116,568,139,833,16,-319,385,190,1309,454,276,482,-510,-366,432,-204,-4,241,41,19,1180,1729,-118,-44,124,9176,546,-153,100,-185,-29,818,623,51,6,94,143,91,-103,19,973,204,67,-2,23,-49,-84,29,463,-728,356,-100,320,26,1292,-22,-223,348,2,-88,530,-42,471,-58,582,265,626,29,1259,1356,45,-353,-335,330,-91,114,111,-38,78,-239,0,1001,-295,160,-80,-77,855,120,0,-4,51,228,290,-347,-486,-134,67,201,913,223,-48,-23,124,-40,-103,41,76,37,2,8,-348,1278,362,-41,-6,45,164,446,-78,129,384,-103,598,941,-237,84,-335,-420,450,470,4,236,286,121,167,698,-58,837,-96,40,-158,894,-316,53,-91,19,424,20122,1233,-347,2198,319,124,-175,461,91,194,-182,30,282,-210,-594,-62,275,1403,-85,194,-19,-110,270,5694,337,258,40,22,129,1556,1418,2409,-44,400,20,121,316,620,5274,417,-525,67,-31,-5,10827,662,58,14149,521,-117,-564,37,-8,156,825,490,3177,96,161,421,257,2622,443,333,1939,-120,-145,190,91,-40,497,95,637,193,110,-206,481,106,-553,304,2625,82,2156,344,-2,-37,-132,197,70,-102,644,82,436,1114,70,620,323,-2343,240,-69,85,326,9,82,62,48,116,134,80,193,13803,3170,17,291,-120,29,483,-530,246,-381,-257,683,135,-324,167,11698,244,324,392,797,100,181,105,1681,695,-100,237,-62,-503,-164,-15,23935,-290,1018,869,-449,201,-443,95,199,-29,-120,-42,15,-99,-23,-194,-107,214,-35,-150,-19,58,-894,-47,-154,4,13260,33,-584,1338,8808,-110,275,156,-6,866,88,-91,10749,3121,17,587,326,-136,2224,2094,-120,447,-22,2104,613,109,94,1071,154,543,60,142,-427,-143,663,356,-709,-38,665,12,182,1475,117,1240,-684,26,99,88,45,553,123,52,-69,1237,135,872,121,111,60,1234,-8,23,71,147,-2,153,139,486,-223,-30,-283,41,-6,2568,-31,504,683,1641,193,77,-96,80,568,11579,-5,438,309,102,-255,730,129,132,590,95,27,2310,251,-80,4,84,-223,-193,-29,280,38,38,48,1396,-30,-9,241,246,207,52,714,247,70,6,225,-110,261,49,53,9,235,113,428,747,-37,-609,9,124,380,-179,204,170,1813,3851,-24,750,-117,796,59,-142,154,62,-1,-127,37,9,164,1,45,-546,35,16,63,-2,329,391,417,66,63,850,132,-27,-432,-8,35,-55,-6,-178,-5,1269,53,201,-16,189,58,11,190,-30,2380,1165,111,908,134,12,12,927,384,199,-80,228,31,-31,179,765,-63,70,269,70,95,55,24,-92,4836,-17,-91,51,1151,663,-78,20,355,52,78,141,-171,20,1807,192,131,-17,51,6575,348,49,-8,-88,63,127,326,175,-35,-123,-1106,330,201,2008,77,-60,55,56,102,225,2,1313,327,63,796,154,99,2899,66,1190,27,1172,58,568,51,-4,1757,541,-5,-120,-2,123,251,-167,63,52,-9,616,67,-341,2003,125,-47,-345,-494,1425,10744,-402,-200,38,-85,24,33,-270,-163,-94,1164,134,200,-16,2447,161,2163,-59,840,-13,-125,-81,-41,109,1489,44,146,-459,-29,333,323,-85,-9,378,669,593,897,1010,551,8,67,-2036,406,-64,-33,11483,89,-2,94,311,35,273,577,688,-129,16646,670,-15,78,550,99,35,297,-229,85,-13,5,118,81,-45,176,1299,2875,218,13,-394,17,4,-284,98,-483,-22,128,127,124,58,1140,-49,31,51,107,-219,-1,335,-118,-2,40,269,-111,1104,149,-38,1057,118,1,53,-157,188,-24,-4,324,15,-71,-439,2416,-100,120,1,822,794,0,-136,515,562,185,291,659,1825,971,1162,1309,-800,-170,-23,73,2700,102,53,127,92,-1219,37529,398,653,-71,246,48,125,190,127,1035,141,-60,333,298,529,-24,1061,441,1688,532,431,-19,-24,633,222,-258,-138,-134,-308,24,-120,143,-4974,-478,-384,562,835,-396,-208,1,2709,243,-94,170,70,232,116,576,185,-29,2284,163,-485,-331,-165,818,2296,308,-145,-377,2314,81,1,17323,-204,359,29,1269,12046,940,-35,-52,251,268,-265,239,70,-64,512,463,14947,13481,26,84,-105,20,253,598,-5,127,196,1630,208,1447,488,770,-193,-16,-714,-406,382,341,20,125,113,41,-1060,272,-38,-143,-89,-118,94,562,0,-16,-89,37,13,-301,-15,-1023,91,283,2105,82,222,541,30,40,45,837,-183,417,207,-15,-53,557,322,11,-31,-47,-266,-554,-164,53,262,768,2138,5150,1652,8075,-869,31,59,225,99,5,963,-223,123,-240,222,214,26,-335,176,212,-138,359,-153,-250,161,2516,20,814,160,352,132,481,-229,323,6478,131,11,-87,557,-880,250,-385,76,78,118,218,149,23,74,179,2068,835,181,420,-22,288,217,69,-69,76,-19,-3072,153,351,-26,55,105,-248,612,15,-421,-2017,-689,273,799,-150,1154,833,29,66,-340,-11,-250,127,60,-100,1538,309,728,418,524,230,190,-29,2897,161,12,51,237,13,-24,558,-82,3304,2188,0,42,135,-125,1219,37,305,291,-275,-26,-494,593,-421,100,-49,-1650,208,142,-316,-161,226,206,18759,414,100,23444,-13,103,-17,-300,735,2879,134,-1371,2913,-222,66,12425,5587,5723,4,1660,73,55,188,-12,-70,48,324,2014,96,5119,88,2113,199,2998,287,80,1078,569,98,35,-2422,42,434,67,-153,89,60,-150,45,161,915,286,13,966,59,15,436,605,-1001,158,15,418,1794,237,420,26,1285,872,-87,78,35,4064,1880,1216,21202,26646,53,1725,467,-131,-55,66,586,-123,754,27,2,1,218,-56,147,360,-1223,320,399,30,52,223,264,208,290,-308,645,19003,1628,58,6,170,-167,141,192,-81,384,84,-248,-590,-145,1154,911,132,254,447,23,-358,941,-197,819,517,100,-157,66,-1173,125,107,45,2217,40,141,1757,-17,-88,-12,-142,128,707,15,-118,-19,201,788,253,141,376,211,800,-52,158,562,-208,85,-41,-71,-100,-5,714,-99,808,207,19,-12,-311,898,76,428,-489,-272,5,-454,33,-49,945,1291,1631,145,244,-76,-71,338,85,-59,-13,734,-40,71,98,-398,374,139,-157,436,496,1312,-49,150,363,536,-6,145,326,559,179,913,-465,41,730,291,-89,312,333,349,-27,203,58,89,-138,-113,-279,-633,189,22,241,-342,94,-229,-16,-293,53,-2266,2290,265,-95,-19,67,351,412,10706,273,62,1819,355,164,-483,-203,-44,1030,212,3733,-73,15337,2,-105,16101,313,229,135,-465,-11,499,34,1751,-34,-453,512,2552,306,19,129,222,1012,312,-494,-258,-136,275,407,-31,14536,-13,-181,609,76,-52,1002,153,-170,1162,315,-172,34,470,-33,2542,721,8509,5,-64,-145,44,-105,193,1515,709,-8,2285,2657,31,5117,-678,-56,2744,31,35,-153,-761,4045,11,638,-117,378,-640,967,-64,-1074,73,189,-105,425,244,554,1034,153,290,1328,-295,-107,602,450,417,11,381,31,2349,2568,208,1,176,203,497,362,95,647,266,1193,-6,29,326,-175,49,-1266,212,-573,-58,510,250,-38,-785,-641,1697,-116,594,3384,1006,-488,-110,91,11,67,284,1404,-341,-91,638,8765,-95,900,59,0,156,-254,235,2017,382,100,67,506,843,81,81,1070,304,136,683,38,963,763,576,64,250,-141,-145,59,11,959,3923,409,157,-409,-22,-311,800,88,-37,24,9,-55,429,277,405,219,334,-546,-33,-283,1096,-284,-439,2206,265,95,-27,772,47,330,6,2730,-103,70,11,105,641,67,-38,56,82,-371,6745,5,92,204,0,-19,1045,313,-277,2,170,955,-217,2566,63,59,418,696,-62,228,207,619,-135,605,82,734,431,591,58,-23,132,-276,-15,102,660,-165,335,926,1144,385,641,282,-15,522,132,-208,91,-230,-157,31,2449,27,519,497,111,150,301,649,-85,284,-107,150,268,84,-190,78,-369,756,19,11265,10697,-594,206,250,842,-9,21475,95,-12,24,41,-317,-244,135,524,-45,905,250,228,481,29,-210,-20,-40,56,-2,-53,59,1757,588,-55,-247,-335,45,-40,154,300,69,453,92,-81,100,203,197,-27,6,-113,-204,1018,-418,31,203,261,-712,633,-194,178,138,622,-22,85,-414,297,152,-118,-29,441,1523,-222,1079,1512,739,152,-1744,-117,-279,8,254,-73,1495,69,2682,305,-268,-167,-149,29,142,-551,395,608,237,-121,948,-904,775,258,128,176,1,369,1151,172,835,866,905,403,145,-165,188,259,-31,11,221,-250,207,15468,743,1,-30,103,221,-63,269,1895,105,152,1110,1578,77,-84,300,331,-297,226,9,-70,111,1074,226,705,141,55,15,-12,-38,1043,208,-2,-1017,45,116,554,208,4790,5775,20,11,781,12,6343,519,96,163,-880,398,175,351,182,868,9,1050,-194,-235,-417,-311,94,338,1661,53,100,275,-110,-110,-814,138,-223,771,19,-309,-555,674,1128,-164,-110,109,-264,106,-13,19,-174,4048,-9,4,-822,116,-315,3403,456,-703,-525,1554,16600,-91,503,-889,373,539,142,239,1045,134,-2,443,239,128,56,255,80,-5,272,667,92,31,1064,-89,-532,-35,360,-69,465,-13,-261,77,919,12,472,-41,-62,-1260,-206,623,2266,305,-3108,82,-40,172,488,73,47,-118,442,373,1,630,630,48,160,84,143,983,460,15662,2472,-790,5323,-12,73,-23,48,702,-95,-1017,-2148,-905,824,-232,-1135,1171,-70,-1248,2640,70,48,-615,2454,-113,-67,-12,926,633,3585,2530,-23,3159,385,-204,4937,3864,6,240,206,-29,9,10852,-457,-2741,-4192,-10481,-698,237,669,851,-142,-59,-52,-211,410,-400,3186,3925,10592,118,-12,536,56,3522,1736,4057,-62,100,179,123,-463,4259,117,51,2635,371,-161,-9,127,232,890,1331,127,8291,-70,89,-37,-824,-29,66,653,436,5,-257,463,494,-139,326,35,-55,-74,-16,-258,508,901,566,186,1136,-34,-338,-11,0,117,239,288,291,20,85,-26,-394,257,291,441,1751,1140,-33,-55,11284,-20,0,13,80,-27,259,77,125,-721,51,-1,-42,1024,89,63,34,-128,44,-102,-76,88,-95,-235,129,16028,-98,287,-158,117,291,-105,-76,-4,-44,254,199,117,-41,117,100,183,-9,605,4,179,135,429,-69,-129,40,95,384,-74,-12,0,1773,37,-30,22,362,572,91,-60,194,27,113,402,4609,-345,522,-116,334,420,-284,649,-22,107,19,-147,335,1338,-199,-88,551,-1,77,74,185,627,742,-34,460,107,138,-33,70,-235,855,185,241,172,-92,95,176,-53,-5,819,295,-150,-74,-494,2358,237,277,-22,-8,44,-280,80,92,23,-31,1648,150,-19,2791,2014,446,-60,506,-1616,-602,-76,254,-13,81,-164,12,-114,160,201,250,223,327,246,3456,1056,-154,139,146,30,-674,-127,815,521,-88,222,131,869,2264,-517,-62,324,1215,-99,-190,59,645,74,-172,20656,215,237,4227,-17,161,9427,10929,2051,-565,30,110,388,-279,20,-767,-85,42,215,139,1220,-212,348,9,-489,-49,598,1460,131,103,40,337,313,576,113,-424,-313,19,-59,102,4095,302,194,800,-26,337,-167,-214,131,301,120,63,-9,42,-149,-56,0,519,280,481,186,-770,478,374,363,547,20485,17102,1383,96,189,16180,19089,6,1038,-131,37,355,15,179,87,77,192,235,95,189,243,-189,-3710,826,413,399,16,558,24,893,297,6,1971,-42
43,86,-36,-141,252,-201,-384,-420,-197,-60,-468,182,-322,-319,-137,144,-100,-201,-408,42401,9,274,-26,31,-93,115,-84,-228,-12,38,-74,-377,21,-673,-353,-372,-312,-31,331,307,-62,-182,12489,16066,19426,13309,16775,14547,677,473,795,584,1365,685,1122,252,124,223,-245,516,555,168,149,31,134,372,122,884,175,454,-990,-1115,247,105,-490,-165,-43,182,182,898,74,185,591,64,-26,221,141,-64,1747,545,93,761,199,569,771,247,-60,19,286,245,28,79,-249,62,240,-305,91,2805,533,-915,437,-62,180,237,-182,-370,103,156,24,-69,-733,-43,-84,-194,497,-88,-668,-88,-52,245,197,478,413,43,69,-55,593,-4,502,451,286,21,564,122,350,572,451,382,735,158,406,286,57,127,641,331,-197,519,-96,1273,-252,-64,305,1547,81,0,36,980,293,1343,319,1305,117,137,93,149,120,76,91,-14,161,665,170,93,-16,110,43,24,-45,-942,38,1728,16,76,-235,435,1050,26,367,264,1206,84,401,257,182,-2,295,86,1826,331,322,302,-245,2,9,3922,-721,249,886,-329,1382,870,-84,141,-26,153,16511,122,670,1004,28,40,324,497,379,62,81,177,831,1011,175,3278,230,1408,-12,31,0,-9,120,242,293,-26,593,468,88,499,-21,132,72,413,84,1877,2059,-336,338,-88,-81,79,-569,-64,60,-216,40,531,74,819,538,69,45,-581,-247,-105,1235,1913,-14,21,67,84,401,627,100,14193,983,1906,38,1048,492,269,182,733,271,221,-40,242,329,456,19,247,2331,242,-84,-209,5266,48,120,374,-31,45,-14,60,31,57,1560,1197,1115,149,218,670,454,0,48,1576,1240,600,86,74,177,98,269,1740,322,170,-28,329,105,-129,-74,550,137,-96,552,64,86,3064,295,180,60,985,33,16,117,903,365,317,1802,2,139,-45,1151,961,675,1622,-115,264,266,829,252,165,490,932,103,86,-24,-192,1627,870,745,-1824,187,-57,197,-81,0,28,-127,81,391,153,151,444,927,399,432,480,358,252,288,418,-314,52,-91,663,2009,122,91,694,168,-271,137,-7,115,31,-26,377,896,233,98,723,124,233,86,1317,1112,-69,249,343,237,718,533,401,14,1189,-19,343,115,550,283,122,-81,91,778,358,21,1218,538,-158,-435,367,-370,-295,-50,43,43,1002,1812,-60,88,-52,170,-216,317,314,134,28,86,249,-189,442,274,-4,1170,-40,-12,490,156,1088,124,134,100,430,108,26,391,221,-177,16,293,463,247,134,194,-483,-7,192,793,-36,1076,365,228,1367,249,-603,144,132,141,343,40,992,790,112,478,50,689,88,64,-1031,490,326,521,334,84,391,4675,305,855,170,1040,293,586,326,144,249,449,3997,704,185,12,338,-548,7,43,-9,891,269,242,1189,1273,16,-50,480,55,108,2,14537,62,93,233,96,15910,-81,-374,759,-259,367,-144,211,620,283,177,134,67,586,57,-581,430,173,1370,408,240,627,310,24,216,2,74,-204,499,12,314,100,103,-79,170,127,963,485,415,348,487,-624,326,72,805,88,2586,-4,43,401,1600,103,173,-110,57,1951,4,62,-211,341,12,127,966,269,67,31,-48,769,379,-504,283,-139,838,173,355,100,-57,124,874,91,185,533,79,-105,117,105,1485,199,175,7,213,-52,52,151,38,507,254,120,1591,754,2011,-360,16,603,-93,163,295,-50,783,432,336,567,48,91,276,329,-81,108,-86,-240,-329,-74,79,360,228,290,74,93,93,341,966,199,278,262,40,463,-423,-144,-189,153,185,353,485,144,-129,79,14,-177,112,218,386,124,180,43,2079,278,151,-1468,300,48,-9,103,665,55,533,-249,139,-31,216,240,-28,185,52,793,19,40,247,137,8220,2,182,185,560,697,-62,228,1064,72,4,307,4059,221,502,-26,-146,406,-1293,149,4,16,1288,31,1136,242,288,12,1314,-4,146,608,562,819,16,1060,372,298,84,-103,62,-230,43,1471,-50,341,33,91,1752,841,2,-146,1572,1372,382,-84,235,-156,2271,1980,742,-158,341,201,-62,36,16861,245,314,1814,485,1091,173,262,12,386,-632,-2677,377,-350,-1353,-271,-519,-415,247,-540,228,278,2458,468,377,-103,-69,576,519,-108,367,52,-31,38,12,639,350,-627,12,67,-28,76,1846,173,-307,31,-228,-105,-971,79,391,-16,-213,-310,-129,-247,149,52,377,-175,-600,-158,1273,76,153,72,2112,19758,668,84,182,1509,-274,175,-1557,5850,-33,-84,-38,-14,36,-76,28,269,20710,-24,-52,-14,144,262,-485,586,2,-271,12915,-103,-177,425,-88,600,20885,52,-956,19,283,-86,-12,177,-540,1317,189,-156,-36,86,2543,245,1136,302,22065,963,326,237,725,4,286,57,-194,225,100,-91,5615,88,31,2,262,201,355,257,-43,-497,-158,199,31,-225,124,12,132,-367,432,276,86,-336,249,1314,-216,-406,177,322,435,459,608,228,648,139,-281,-120,-276,110,36,348,-120,132,-161,14,192,276,48,173,-26,480,26,704,-189,-264,11569,-103,831,151,237,43,-319,-300,64,413,105,-374,353,8660,343,519,-137,288,-163,62,396,2,-115,-60,69,-4,-144,-2516,14133,444,-103,-346,4331,-31,127,134,11871,-399,497,57,79,14,-50,-386,399,-7,259,-144,225,-52,802,502,86,110,112,-302,-98,257,353,444,-12,-16,84,-730,12,365,1468,519,860,146,57,-151,-218,14,1564,233,490,-189,4932,-57,629,1372,942,-334,-139,-9,2757,1581,141,300,4396,50,14,177,4139,-144,370,81,562,112,194,137,-28,223,-36,-43,346,-461,1088,48,-151,-93,302,6482,1437,199,-55,221,-132,374,192,932,209,713,1074,43,531,-76,48,1211,367,2451,-235,-28,588,14,3269,4278,21,206,-254,442,1759,-235,33,-38,-14,-293,853,1156,1660,560,-76,117,-103,-112,574,1535,4759,112,281,639,26,788,122,2,84,55,36,117,1797,-134,-31,146,105,1418,211,432,540,105,1608,-45,79,-170,442,199,0,-259,-132,1091,-31,-115,752,-40,-319,103,0,221,67,31,-7,1132,262,-396,14,-50,67,139,-298,370,-192,550,-57,235,14,165,-127,-74,7,-153,170,992,-132,-886,185,-552,36329,10811,7,605,-499,163,-36,14,225,197,-521,79,74,60,-362,-93,62,1776,-423,60,266,-31,-28,276,995,-98,545,612,57,40,-233,773,108,-110,180,665,1360,72,-28,14,-57,-156,-19,-33,1576,72,718,60,466,-98,-1028,-223,146,161,-100,1718,-40,288,103,495,1007,-158,-76,271,661,218,817,10016,4,725,-50,69,1285,64,675,9,187,-201,281,88,14,271,-7,-81,84,24,-185,33,36,245,336,211,-1153,1360,173,158,906,1165,69,324,122,-197,487,24,-72,-43,-341,648,137,293,3545,-21,459,-45,-93,288,-192,-516,52,-358,-79,1329,329,158,733,1163,108,-120,-278,108,2374,-69,377,93,-156,685,485,1035,7,-60,778,810,192,923,110,374,122,2007,10206,105,834,995,218,-4,3966,31,84,21,1194,670,663,132,38,60,766,495,-144,564,293,-2,103,180,4646,1403,-177,206,52,634,1687,-14,-124,2579,16,-283,-81,593,173,254,62,52,-28,100,-314,-290,24,992,-627,329,511,3249,293,521,52,-144,48,286,-43,180,646,-254,-43,6057,-33,0,295,12,-72,19,-295,295,-271,-60,52,367,432,1922,723,-45,33,-4,122,98,-656,324,620,-406,93,-168,-21,-240,487,584,211,-67,-60,-52,-139,127,26,475,132,778,86,-427,-72,-396,9,185,1297,103,-310,185,242,0,-156,-4,240,-38,747,45,-14,-149,295,-622,69,21,7,264,372,36,278,161,52,-69,16,-699,1317,384,233,197,76,93,-334,584,312,16,187,403,-48,2372,197,216,653,69,-218,-4,855,-115,98,-192,617,-146,300,180,-168,112,-310,36,223,622,475,947,-40,206,36,757,209,57,11359,798,257,2,-45,134,-57,163,103,103,-24,319,1048,57,374,-146,124,-9,-38,91,96,28,617,536,16,144,701,-158,-168,221,233,9,-76,-105,319,98,0,38,834,-242,180,-108,110,-966,-233,-550,24,-100,16,-60,86,-127,742,-528,307,129,-76,372,0,120,-24,151,-96,223,737,1124,-88,269,-146,437,468,211,362,45,209,680,-50,12,403,14,439,-163,43,-117,562,-96,158,-88,898,76,192,478,2680,497,209,26,-19,4,134,180,-262,81,586,-38,355,-249,687,-661,-663,19,-682,245,122,79,233,-146,290,-158,-45,98,382,12,-43,894,8790,4,-81,9545,21,-16,-14,-237,38,1454,420,7540,-4,52,4,-362,254,-117,235,1829,134,141,187,641,86,19,1096,62,-72,266,3922,28,-163,13756,810,-396,1247,-86,-38,120,120,14,-170,129,338,514,-377,307,-127,1084,185,129,28,-98,1435,192,52,636,826,1901,96,-146,-346,1223,-163,374,122,98,60,-394,100,223,2966,281,9,312,-103,-516,204,31,72,100,122,74,216,173,379,48,-216,23712,146,21650,28810,16364,60,197,43,543,-461,240,57,4228,21,72,2266,1213,805,-423,276,-180,829,1026,-199,586,-19,0,978,112,69,55,-461,-824,608,-40,17840,105,-28,358,7328,-33,754,76,-600,69,141,-7,677,84,103,-60,-26,-302,-149,48,1735,14,69,435,937,-24,442,677,233,259,-96,648,288,235,153,213,88,463,204,163,-411,6129,-180,29721,600,28,67,40,-372,536,173,908,93,-408,-69,98,362,170,644,370,69,7,213,86,293,31,156,-19,-43,399,49432,-45,146,358,2629,-84,115,177,-872,2,86,180,141,52,-96,350,-687,-201,81,-269,141,-384,-36,399,124,-64,-40,117,177,1485,-64,300,38,40,874,824,120,173,233,-124,367,1144,524,819,139,581,-165,67,134,43,16,266,403,471,1944,-612,163,45,43,38,2023,346,10746,617,-346,6622,473,96,57,-38,-560,40,-475,298,723,165,180,699,471,-216,-182,8751,-86,-4,221,543,444,1023,-21,-55,379,884,233,-189,4283,1908,370,21,-100,-52,161,771,639,185,1605,105,-19,-19,403,-57,644,144,96,-76,-19,16,24,48,144,26,322,338,386,-48,-64,425,-451,2547,497,134,286,259,-156,249,1624,115,40,463,-88,-19,432,218,2805,-7,12,19,432,69,413,110,718,0,1165,293,-401,31,24,146,365,21,110,874,52,-28,312,-235,341,96,-33,52,278,-50,-57,548,117,1841,-213,-286,423,84,891,307,-348,374,-165,115,442,329,353,-79,1475,28,21,1444,478,43,189,211,91,-699,-187,-38,-105,55,-149,468,-38,-79,418,456,814,-627,177,-16,84,223,367,-218,-50,495,76,151,45,-21,295,20630,3519,884,38,124,62,120,290,88,33,281,134,84,129,120,16,242,-153,951,163,-331,180,3701,-187,-257,223,-60,377,1502,-122,564,557,514,45,1081,326,-12,725,88,396,21,399,-12,57,38,-26,838,-341,249,-485,185,137,764,-62,346,218,96,40,93,-122,216,149,141,889,-124,-4,10828,-511,2468,201,-45,386,7,718,-161,62,139,-1603,213,264,57,-2,-581,7,451,-33,466,2,471,74,168,302,661,1062,1862,24,-28,50,88,-134,-50,-31,-31,278,98,79,502,-120,112,31,93,153,88,16,-427,-88,-271,1237,189,38,-305,189,1495,170,632,-74,55,2514,2,-149,115,-543,-266,74,-93,12,33,307,100,60,69,11095,-52,117,511,-16,810,324,1598,26,324,451,610,-2245,228,62,399,-382,14,514,-33,86,4,848,391,862,20275,96,100,-463,367,225,526,103,355,278,411,110,-91,427,639,-36,502,185,-889,93,-240,-194,149,653,-112,-4,-21,2670,399,-120,33,13951,1245,-108,173,137,249,-93,-132,110,110,1802,-218,-26,108,475,1656,115,91,471,802,-2,-935,19,91,-673,115,170,185,-132,396,122,36,884,-355,781,67,903,173,384,389,874,55,290,16,-353,1713,341,-55,379,43,557,57,57,-182,615,27106,343,-19,562,182,319,295,286,920,3598,675,-72,149,-432,86,144,1528,108,307,466,67,209,298,36,293,-48,245,112,331,1264,21,-33,-16,-14,170,536,745,-596,548,1586,91,365,-240,52,187,252,312,1629,951,2312,146,57,52,-365,48,-163,137,2235,-310,211,100,76,-175,949,237,-31,-134,2348,1355,-2,-28,-199,-134,302,800,394,-310,283,-278,81,96,141,889,408,228,-170,-74,194,-221,-40,-4,36,348,225,300,-141,274,1048,50,-1908,14,38,-233,9,0,38,21,403,209,156,161,0,249,7,459,52,21,925,1194,120,88,-88,-216,86,141,-146,362,-175,115,338,870,-206,408,24,182,773,-57,7715,158,413,286,-45,-204,45,444,-259,153,-12,1442,149,45,120,122,177,319,-144,382,93,91,237,115,185,55,697,247,-165,43,-64,55,146,-93,38,9,2,201,-33,10924,247,286,-353,-124,124,149,-16,855,218,-334,-38,48,293,-223,62,-31,45,-122,-16,127,-677,2,793,98,608,-67,26,-288,-43,45,463,-480,79,-62,-307,567,-204,286,134,-600,-96,209,-103,7,221,19,242,69,57,153,442,-295,-45,473,886,-79,-108,74,185,38,141,639,-96,2050,84,72,187,-33,194,-194,213,-548,84,48,45,3526,141,259,-411,192,76,79,98,21,1475,165,120,502,-624,370,365,-1004,752,-110,206,240,377,194,-64,420,-165,110,411,-228,24,252,269,103,84,249,-76,43,-69,182,93,4,-38,584,-31,697,3115,192,-43,1511,-45,1026,170,218,112,168,108,564,124,264,7,-76,216,1040,-2,418,350,48,-45,-761,31,386,509,221,91,-252,-31,939,96,334,-91,2495,50,28,1735,74,230,64,79,-67,158,-492,216,206,-108,-461,-257,127,76,-168,108,329,1120,-293,21,108,293,-86,38,24,14,177,307,19,137,189,-329,439,281,399,262,-84,110,86,-151,1538,312,213,242,72,-249,10838,271,1677,-52,447,483,1358,60,-19,4,67,-57,497,237,-324,115,629,156,50,-153,-216,108,240,1273,31,274,108,26,-62,1040,13064,12203,-36,31,-98,206,36,16,697,-43,-110,180,310,-31,110,98,-331,295,-129,156,81,307,264,403,-4,108,334,545,132,399,2,19,206,74,81,399,456,853,-40,237,16388,28330,14066,9530,12376,23323,4850,456,1048,199,-348,213,329,81,490,-105,76,-663,-185,103,19,-91,-153,492,187,204,-88,257,31,110,52,432,286,19,449,14,36,-33,-14,-2,-76,-43,274,-156,-43,490,454,-677,225,48,-218,521,906,-245,149,12,235,593,418,-492,108,290,281,137,221,134,483,45,221,252,586,103,245,96,86,-88,161,57,-21,151,156,-67,475,177,67,-156,98,-218,543,36,96,120,305,353,-197,-19,377,158,276,9,-793,454,170,153,153,-12,449,43,-76,1052,213,-293,1288,62,12,120,-16,100,278,-137,9,93,665,12,180,-2,-149,-64,264,269,278,-16,298,-40,447,2,230,1040,329,466,-21,110,100,31,-81,591,218,-153,36,-653,437,74,221,14,293,105,7449,74,-331,403,50,-64,62,50,-21,93,-124,423,218,-33,-425,-76,-127,-2,-62,-360,100,-21,14,-187,132,531,-86,-562,495,38,-132,-264,-124,-84,-33,581,-26,300,247,-430,218,199,540,370,1016,773,-69,201,74,5083,384,461,151,221,84,151,-127,12,156,810,-40,651,-64,2021,367,487,336,153,110,108,12,271,-24,-33,14,-168,79,451,86,439,423,21,680,-84,-103,266,324,2187,233,-33,122,43,24,74,151,372,-728,84,40,100,-677,341,-81,1802,-43,-314,-7,-84,170,57,584,28,-694,-648,28,497,790,593,-158,377,-132,-14,50,-50,26,-45,591,-365,74,-76,64,139,-122,57,603,-40,326,-1487,-209,-122,2,-103,-79,108,69,0,-7,-230,-12,168,-72,36,687,314,233,850,499,228,865,360,-28,1050,-610,45,372,-19,168,45,290,-14,36,262,-4,430,-300,634,2096,201,-48,14,-45,122,-69,4,1410,379,-793,0,105,1156,-12,-144,-31,536,1211,432,545,-12,-300,298,-290,-98,151,197,370,40,12,-264,420,798,213,28,84,-564,-1035,1139,-353,437,110,2,60,108,374,79,432,88,-252,805,225,353,1584,302,55,74,-194,-38,26,50,233,-137,322,48,-185,-72,-163,-483,471,317,814,209,-129,490,245,110,442,-62,-177,-26,67,-48,-86,33,394,192,14,98,305,-247,216,134,824,-204,353,526,2,16,177,-31,134,632,199,2838,300,668,-408,-163,72,540,247,891,247,588,-91,177,-62,1581,-40,69,153,165,218,1439,175,-204,1665,1288,7,0,641,-45,-209,50,2,697,331,216,249,-204,295,197,574,-817,-129,-211,233,-1062,7,-7,588,603,216,288,254,115,-355,-38,69,-74,-646,343,-199,98,516,427,233,-185,-153,430,110,55,-233,252,36,21,641,348,-648,548,605,96,120,22926,-122,675,-48,165,254,646,-201,490,-331,-894,1035,120,-2,627,264,-19,420,362,93,237,-124,480,209,1360,72,-24,730,112,139,7117,201,201,634,901,379,718,1370,60,110,274,798,132,283,165,276,43,228,317,-1206,836,721,-137,134,-81,-40,401,581,173,4,-7,264,187,-235,19,437,-305,-48,-26,189,124,1312,26,682,252,-38,187,7,-278,-74,463,209,168,540,60,103,281,168,26,389,223,50,31,168,-108,16,341,360,536,2016,103,894,430,-64,-509,-62,7,38,377,-86,591,-100,1069,-300,117,91,76,24,961,19,26,620,52,52,28,-52,406,574,483,170,112,117,132,4,874,36,52,853,9124,624,134,7,88,194,-43,-4,228,230,346,-19,319,360,21,673,134,132,31,62,175,93,254,648,74,74,52,211,338,-312,2,201,-38,175,-132,-742,-129,52,-110,-38,-228,1040,161,269,19,48,403,-192,567,43,149,-132,463,-9,-12,324,1069,492,-1382,0,237,-24,69,-69,-588,855,-103,-161,100,2480,-199,84,-69,-168,-31,-286,-1016,14,281,156,569,91,271,201,36,665,189,1127,603,-48,548,112,-110,-259,-43,-305,-62,-2,-314,579,1129,656,28,-170,-21,180,1110,127,749,350,1418,50,57,91,211,281,91,112,218,12,-9,242,334,1201,72,84,28,21,115,12,120,456,12,408,408,-877,153,-9,105,372,536,7,572,33,115,435,-108,103,257,-156,36,-237,420,341,-105,274,-26,2,175,923,40,-14,533,516,-76,555,7,129,40,1185,122,-26,19,-36,288,144,509,418,-9,117,21,603,526,278,-307,367,531,319,-432,665,-574,646,88,391,-96,-81,100,189,-175,-48,96,-918,79,199,19,427,211,223,341,266,290,1564,1266,134,-84,687,93,-151,-48,237,19,72,307,98,52,-64,127,0,12,-19,2105,-185,2,185,-26,-40,365,-341,1651,-286,117,-12,40,24,124,21,233,807,749,31,355,-108,19,-4,415,372,180,-290,76,122,319,-242,1088,141,110,298,742,362,430,223,1197,88,57,-204,228,9323,374,1233,249,-60,-33,-93,2168,317,581,-389,336,555,300,990,93,259,105,156,-74,50,86,-67,55,120,48,72,170,-24,117,274,-1023,38,91,91,324,576,834,52,108,341,60,-21,24,108,562,499,242,74,418,-48,218,-84,435,52,21,48,266,19,1035,134,112,173,91,367,45,112,36,-600,-33,-67,108,468,74,-170,-14,62,16,206,-254,480,418,-233,24,286,221,-91,-9,19,156,-4,427,-158,204,1132,317,442,331,295,396,52,365,124,237,-4,1002,149,-57,331,718,-40,24,-100,100,-771,2,-72,-45,-33,175,242,79,-264,-197,423,26,1889,209,209,-502,60,139,-432,-336,374,52,-16,-31,-45,937,40,644,324,189,31,57,72,348,50,-19,-108,103,209,459,514,129,79,-146,341,1293,302,201,-81,-84,-48,305,420,0,-444,182,187,199,163,-132,88,-19,-399,2333,-43,324,-98,86,579,379,492,88,-38,91,300,766,14,-533,230,-7,7,-19,-141,19,288,1023,-225,735,96,2,490,117,562,50,175,218,1148,108,408,96,437,-134,331,38,204,149,-588,55,2915,223,45,144,26,699,4,-213,12,156,615,60,533,36,187,93,276,-33,-137,153,86,-16,2245,548,-84,112,588,-19,-14,-322,1084,1216,2622,-12,305,3326,411,-468,2545,-177,-43,307,-14,211,161,156,-19,-156,206,175,-194,228,709,-60,48,1156,0,-230,12,5309,14,1439,-185,3153,-21,43,-43,4,18871,-26,7,-55,-379,9,86,2728,274,-81,307,2559,-221,2632,-28,62,-14,632,168,648,-52,-4,-74,286,-175,3403,-1463,24635,725,540,-48,-288,7,372,757,3033,2100,-120,-151,55,81,199,730,442,180,1076,-60,848,-110,-72,64,-406,281,-427,-329,-84,64,26,932,-1120,211,132,96,67,88,310,26,33,185,38,317,-165,668,-50,122,21986,-9,98,120,771,274,1127,108,247,456,-247,43,-127,-9,-331,132,-12,93,24,21,694,1093,-108,305,3930,548,45,-194,507,-192,-189,274,663,526,129,252,1432,156,783,-790,699,334,3107,-24,1492,-199,79,43,209,1127,2595,358,209,12,-14,603,521,19,117,117,96,1302,-52,-122,103,-12,4595,692,-105,163,206,3687,331,45,2139,1281,386,-682,-199,1632,-163,45,293,22243,-7,233,20080,1800,50,1519,223,180,473,2293,-139,896,334,331,-228,-764,197,9,324,658,7064,223,-43,24522,829,7,499,91,93,144,-21,103,-644,-57,9352,1206,-139,26,141,-48,-48,-19,480,-120,-278,-2,264,-423,9,127,57,31,19,-298,122,259,788,-319,444,156,129,396,14,-117,692,-584,5997,1182,257,-112,8588,274,386,-110,137,-377,-262,8968,249,-362,5115,33,19,-108,355,1168,72,24,365,-149,137,319,100,2,57,867,372,1497,353,-48,4,-36,648,2444,14229,1709,139,-149,-466,-19,11843,358,911,74,91,1495,737,-117,213,699,-158,259,57,25462,12415,156,-74,45,132,826,312,-7,685,-189,5148,-62,-2,-52,694,-69,-76,213,6607,28,-735,2,67,-237,-139,-954,175,225,3619,466,288,185,-122,64,165,57,110,230,-379,161,848,228,48,1293,2564,560,1225,-38,55,-230,1072,5204,610,382,62,-55,-98,76,-2,230,-96,170,264,1115,2,26,288,211,757,353,137,829,-122,999,2156,978,701,687,17472,1834,-257,67,156,170,461,-93,182,507,91,115,22352,84,225,79,2,-12,115,358,1057,754,-310,52,831,269,362,206,745,3271,-213,1485,45,8682,93,-14,45,-40,31,-4,137,1007,-74,360,-52,31,389,206,4228,346,249,-16,-12,19,-9,-124,-72,663,-96,504,1100,127,485,-177,139,-36,144,-2,259,492,502,0,189,-62,307,91,15919,-213,-81,52,394,502,259,735,-526,4752,-124,257,-4,199,3841,38,786,165,401,346,569,-33,153,74,2,-463,1461,305,19825,6792,223,1009,1713,192,749,598,300,175,2273,288,223,185,-1240,230,937,122,-4,454,211,158,2704,319,168,447,-343,-91,2312,386,2019,81,2648,-24,134,-28,209,225,355,329,-389,-67,411,-495,706,15145,-151,-108,26,-9,1019,225,961,699,360,276,353,86,423,-86,555,733,314,2598,379,-38,110,175,221,471,245,62,632,233,69,262,834,-7,658,-187,19,483,1550,201,249,249,-16,225,-43,312,-115,127,24,581,391,21,-72,-19,-7,362,629,692,197,620,1211,-72,91,153,117,-88,-271,1396,1384,7122,-19,-60,228,185,867,-84,3744,-24,-98,-81,4,-57,293,182,-137,110,-810,-76,1471,158,300,36,-14,2348,180,122,127,-69,10761,281,177,-137,-115,-189,384,-127,-151,379,536,9,72,134,62,132,201,81,932,1074,1168,-1170,242,14,228,478,451,598,27118,608,5213,245,105,221,247,514,40,158,-574,-262,-120,16,0,1776,86,26,81,79,36,-33,331,-48,55,932,310,-254,6821,-31,1254,1709,-4,-91,14,24,485,19,199,100,584,76,69,1420,228,161,-158,473,141,50,-124,247,-74,-31,137,348,103,19,199,4,752,-338,112,100,-228,48,-259,28,105,-199,254,822,576,134,-367,43,-57,617,593,211,283,110,120,-146,-84,7,40,21,401,-28,495,-137,-151,-69,-50,288,384,153,-19,-384,156,137,723,-108,-399,216,165,216,12,-139,173,819,237,-281,-14,-216,490,300,396,16,305,-122,495,394,-259,-96,134,96,182,524,209,180,634,-16,-7,16,-60,-108,781,100,1204,-88,1523,-21,283,999,100,-26,355,362,161,211,242,117,-88,-2,346,84,370,74,944,120,0,-329,76,192,-278,1302,1050,372,-36,242,-502,163,336,-115,72,634,1194,146,-117,64,-497,-105,19,50,-276,-12,6514,-57,665,144,158,-52,-93,-52,38,88,509,680,-4,233,230,331,117,-86,425,-329,413,423,-120,0,-60,1245,283,389,199,-132,430,96,204,74,310,209,19,-221,-50,-317,266,771,237,187,2,473,197,466,538,314,108,-67,120,24,209,144,374,516,-504,134,98,-1483,689,300,199,182,867,16,-295,-394,752,9,992,223,865,-319,-201,170,197,1288,312,19,399,-370,-67,314,-149,-84,456,67,-52,987,1742,-240,-19,9,12237,2156,-137,343,-144,-262,1394,197,141,276,72,79,48,72,76,639,117,88,55,293,2,-76,33,403,-444,302,-45,257,-28,1062,129,199,492,60,173,507,2,252,24,956,45,235,-7,545,956,213,52,-204,370,-86,199,187,-50,96,-249,48,747,-146,-100,-427,57,110,254,-72,-9,-60,-254,-170,-249,-216,-461,62,115,810,0,52,4,76,-103,-146,-2,40,-4,122,2,-120,-62,137,-105,-84,300,168,153,-50,88,473,-408,564,435,-307,7,-225,-391,389,163,40,158,192,33,69,-139,-86,499,55,52,62,194,-4,4,-175,-40,228,32731,822,-247,973,687,115,-38,213,259,103,76,-69,180,-439,-187,-137,524,1160,-16,36,-57,-36,199,3555,180,175,7,62,60,817,3170,1396,21,57,96,110,218,305,7319,721,16,-129,-9,45,17977,961,48,12766,374,-132,-228,100,19,146,764,538,1547,81,14,151,144,1168,314,302,2074,12,-444,112,206,14,834,269,560,117,497,-435,26,163,247,480,1737,84,997,4552,-9,-40,-74,225,124,-127,338,62,807,939,120,132,31,-1591,295,-24,69,233,-100,50,-52,151,-40,317,-124,120,7638,716,100,509,-149,-64,298,-312,271,-480,-180,728,108,-456,96,3132,543,661,490,411,158,165,115,557,305,-134,322,-43,-617,-264,0,32421,-21,843,346,-386,31,-526,40,182,-26,-134,-40,38,-189,-221,88,-57,122,14,-281,55,45,-579,24,-98,4,11328,62,-759,867,21457,28,216,69,2,389,117,163,20287,2182,4,36,57,-394,1913,1084,9,199,271,870,307,338,14,1146,84,737,105,40,19,230,456,699,-177,24,300,100,153,814,9,718,-391,194,110,24,43,454,100,-129,-74,759,163,896,96,69,161,841,-168,76,-137,67,28,84,4,475,-403,391,-79,74,-4,915,-117,648,971,564,382,93,-52,110,704,16145,-50,233,439,322,-60,810,367,110,249,177,79,1091,540,-50,-62,4,-521,-129,-151,242,64,7,-185,872,-88,-139,235,-12,144,60,394,180,141,175,399,-72,-134,-4,14,124,98,-310,115,552,-28,-545,-7,221,139,781,112,290,968,3278,43,550,-26,286,19,-189,120,-21,36,69,-79,60,158,43,132,-389,48,187,-81,-79,7,201,358,-16,-271,213,209,-74,-177,2,139,-45,76,33,96,293,19,-45,-12,245,28,55,182,7,668,524,98,336,175,48,86,343,447,223,-36,115,69,-62,88,389,-156,16,158,96,108,74,-64,124,1822,26,-26,124,593,259,139,-60,259,62,192,74,12,14,932,36,314,55,175,4180,377,43,-103,-36,72,26,117,211,-45,-461,-725,161,2362,975,274,-108,290,269,129,199,-432,956,115,50,1468,2,21,1122,105,670,-72,7,60,382,55,-14,682,182,38,-36,0,26,19,-28,60,-9,-26,528,48,-334,2600,120,28,-88,-603,865,21633,9,84,161,-115,50,72,-124,-33,-105,1596,-48,76,40,761,367,1874,-33,514,-615,-105,-67,-28,134,1788,38,12,-432,-76,132,81,-76,141,259,223,338,706,403,240,4,141,-1074,286,-146,38,8420,-132,72,230,57,-60,401,454,425,-33,12448,266,-57,-98,435,60,62,346,223,86,33,19,115,74,-84,-52,1069,2028,221,26,-293,-69,-88,-331,141,-353,31,31,-26,69,28,605,-26,-2,14,156,-91,-28,473,4,-302,149,153,-38,28,36,12,622,-31,-96,103,-117,137,-182,-331,108,-16,62,-269,2086,-93,98,67,588,812,-2,-425,209,158,168,257,-24,764,62,771,1485,-884,1084,127,-55,3795,189,112,43,91,-1127,22347,0,680,-31,24,-21,170,197,64,927,88,7,213,326,406,36,2144,370,2088,314,305,-7,158,329,9,144,139,-7,-158,52,-84,43,-764,-516,-334,603,341,-295,-286,108,3129,336,-223,137,117,228,170,115,81,-55,1641,117,-600,-242,-199,1062,1634,415,-55,-257,2086,100,2221,36663,-24,435,-24,3516,19205,932,-57,-463,134,1225,-50,278,69,-233,-12,795,15217,15590,76,-9,86,-134,139,1535,-21,62,206,485,230,1163,374,1259,-24,69,-300,-430,396,76,-242,129,218,-16,-408,300,64,-221,170,-139,98,319,-334,45,-26,-40,52,-298,-57,-925,-21,-773,3821,62,112,242,21,557,149,802,-435,326,-9,141,24,-45,14,0,-48,-9,7,-271,-38,-36,302,286,2533,9174,3925,8804,-927,-12,-103,112,81,286,723,-264,81,-93,-14,91,307,-19,26,137,69,88,-55,-96,194,1677,45,451,14,57,377,295,-105,204,6268,-12,-2,-62,692,-867,288,-165,271,45,103,72,60,-21,-7,-62,497,324,341,156,170,-12,170,-50,-12,14,-2,-2153,199,533,302,329,158,57,490,139,124,-759,-608,146,822,603,600,656,24,120,-447,52,115,319,76,-91,1180,-161,430,293,307,511,449,-2,1225,254,-382,156,146,134,36,262,-45,3877,1543,-81,749,84,141,1105,343,129,326,-146,7,-451,413,-278,180,-221,-1495,937,144,-36,-96,218,302,18056,235,-230,15027,-76,-31,-52,-4,800,4100,1261,-1148,1687,-19,182,9114,2492,2442,48,843,-67,88,74,-177,-495,-38,341,1019,-45,5439,-52,2093,-72,2045,55,134,1562,286,19,64,-3100,-33,490,-4,-84,-21,21,-124,9,247,151,122,-48,4107,21,72,564,-124,-305,290,-60,367,1067,-36,278,120,1110,526,28,153,9,1526,1302,882,33094,20573,-4,572,103,-165,-252,-134,701,-221,213,96,-141,165,-7,766,-21,1295,-728,206,88,-91,31,110,233,326,334,-781,336,27668,564,93,-14,-2,341,216,55,2,93,45,-324,-475,96,814,216,199,358,266,62,2,-930,120,836,497,-14,-192,86,-1293,-165,180,-165,2891,141,127,1990,-98,-79,391,192,14,411,55,-103,-50,122,761,-88,120,300,192,81,-40,197,800,-254,21,132,-69,45,26,1023,180,980,355,14,84,-132,721,12,329,-581,-423,-72,-562,7,-16,1283,1139,1379,240,334,72,21,252,298,584,40,262,81,194,165,-235,-331,240,105,605,312,1081,-139,36,495,153,-64,100,19,343,-36,252,-562,31,757,-86,81,483,221,7,-50,459,-478,50,-225,-45,-249,-211,98,21,168,-545,153,-262,-425,-591,93,-1778,2007,209,52,9,-192,519,2894,10557,124,-259,26,64,257,-132,9,673,572,122,5576,19,10484,33,-55,15306,1288,93,76,-615,21,84,36,548,-149,-492,620,1730,312,12,74,-28,93,-180,-158,-963,322,995,307,161,4917,21,-79,600,149,-55,1242,485,2,7110,6598,-182,45,435,-91,27402,2047,6398,28,74,-170,-98,-91,137,1257,425,-43,1060,1360,249,3362,-209,-96,2242,137,146,-112,-478,2333,100,298,-120,110,-264,831,-120,-1221,124,310,64,536,245,1160,685,48,276,1552,-233,-115,408,466,384,93,72,100,2377,2319,36,62,216,115,170,329,86,1800,348,790,28,-21,360,149,-9,-459,-14,103,-72,615,-144,-52,-622,-163,999,91,572,2309,761,168,-471,-55,-16,14,653,1197,-31,55,50,11482,-60,185,1016,-4,165,-439,394,1742,-4,122,52,112,776,-33,-33,334,442,259,586,156,824,627,278,185,108,134,-451,88,-64,5540,805,877,134,-382,-91,-192,596,93,-156,57,19,-57,-209,524,228,158,84,-331,-286,-112,521,-454,242,1528,247,45,-40,230,12,235,-31,2151,326,-9,48,74,786,-165,48,-468,343,-12,5242,-4,31,293,-96,-52,502,86,-52,14,62,877,-302,1596,168,28,43,331,2,228,7,372,-117,1884,72,685,490,1528,-81,-134,156,-271,-72,-50,444,-141,62,1317,764,372,432,-31,52,2646,206,-93,91,0,-269,237,91,72,348,312,120,213,427,189,805,310,-552,79,252,124,91,-62,-536,439,-40,12838,5247,-264,271,16,367,189,23601,7,0,86,96,-442,-28,26,533,74,461,233,173,254,137,-293,45,-64,-100,-26,0,60,862,9,-81,-189,-408,103,-2,163,290,-72,175,314,-76,139,420,173,-43,-43,-81,182,411,-560,84,161,319,-790,473,-211,254,-141,459,-19,-93,-286,300,-38,-31,40,569,1086,-177,286,793,699,372,-1466,-550,-511,100,-93,-76,1249,-93,1745,189,-310,-144,-72,-74,-12,-591,519,812,420,-192,843,-572,-168,-43,151,64,216,528,372,233,591,927,959,122,103,-19,122,1009,-91,98,93,-33,353,14455,675,-2,-93,-31,52,-45,266,2932,4,425,521,1283,-76,-48,302,230,-98,259,14,-24,298,564,88,451,-12,-60,-21,24,26,699,33,-213,-725,52,72,382,242,3776,3677,24,127,526,120,5213,213,33,105,-1769,317,173,814,384,1019,105,1252,151,-223,-658,-555,9,31,1425,-45,124,132,-26,-468,-911,319,158,706,33,-307,-204,932,536,-88,-9,680,-31,127,48,161,223,552,-64,16,-149,98,-117,2122,-14,-562,-1110,346,7275,12,302,-367,855,497,192,492,961,-84,-4,286,471,-21,93,1026,-76,-67,122,355,48,19,723,-45,-394,50,-55,-139,415,-2,-430,7,2004,-16,384,-228,-365,-1045,153,721,1408,636,-3309,269,-57,38,209,115,57,-153,658,396,-96,1175,930,88,252,84,262,1122,317,19914,2425,-730,-430,36,2,-62,105,1507,-91,-1105,-2588,-420,418,-12,-1646,-555,96,-697,2860,221,-663,-584,3958,-62,-31,7,502,463,7396,2124,-153,1838,399,-110,9722,5581,-19,-230,-223,57,-153,12975,-480,-4309,-5665,-13905,-1060,105,516,1043,141,4,21,-218,197,-221,305,8208,4254,36,-55,-2,-24,2915,1759,4516,36,124,144,48,-245,4329,-19,67,4451,374,-137,0,105,310,778,1086,52,5040,-108,81,38,-1079,-74,4,728,182,0,76,14,127,-40,12,38,31,-91,-57,-276,245,1213,362,-103,374,4,-326,-386,-146,764,-28,670,278,115,185,-98,132,139,269,497,2148,574,-124,-67,22046,-103,81,-2,79,26,262,-93,134,-247,-67,74,-60,1367,156,925,-511,-264,355,52,377,144,-76,-115,-88,16277,-21,182,24,151,74,-269,-192,-252,-45,194,391,415,45,45,-67,127,-52,163,-16,31,213,810,-12,209,60,579,168,-62,7,28,706,110,103,43,680,3896,-26,355,415,-24,79,230,13208,-76,497,-100,249,81,115,483,2632,127,9,-122,574,1596,-266,33,372,52,26,-7,425,-9,735,-45,310,-60,0,-151,48,-367,572,149,117,425,-88,43,127,478,-69,658,954,72,-516,-1108,1706,254,117,420,36,76,21,-96,139,45,144,533,28,146,1934,1408,338,-88,853,-1745,-2,-19,432,-45,40,24,62,358,310,-96,177,134,103,-2,2307,656,456,156,-108,76,-21,-379,579,1081,-60,778,100,725,3668,394,-120,1932,1983,206,197,81,1492,69,-278,3112,151,228,3271,9,112,3115,3307,1002,-692,57,129,790,-43,197,-1187,-16,-9,322,100,2295,-141,408,-50,-408,497,149,1807,372,189,-26,283,346,564,242,-151,-175,-7,-4,-264,8412,519,180,382,81,185,-129,108,266,146,-43,84,26,-76,-69,-96,-12,334,-307,334,129,-557,-26,281,139,1144,16751,20779,406,21,-254,6965,6634,-509,1314,-302,64,197,-185,45,-74,26,-235,218,249,180,163,-341,-2651,937,341,91,-84,615,-52,1235,9,7,1545,-81
44,-146,-74,170,174,-32,-318,8,-152,-148,17,-100,-373,-139,-234,-103,65,117,-94,27924,-807,-355,-41,7,-1700,-2658,-207,-256,103,-59,-90,-249,-51,-3006,-1899,-1725,-1694,126,321,223,53,254,20411,21334,21580,20371,25052,22296,118,-68,72,30139,9827,211,1562,-16,308,180,-211,166,308,34,219,167,121,249,209,1128,142,336,-394,-538,515,102,-10,123,111,228,305,719,103,246,584,-28,-163,164,60,-143,1320,252,80,472,231,355,348,226,-38,-66,145,40,34,105,-308,25,53,-295,8,2920,640,-830,480,40,56,214,50,-705,-186,97,123,20,-163,-63,8,131,588,-115,-435,-87,-158,155,330,459,123,65,-37,-93,131,97,938,748,757,-23,112,127,214,361,464,235,689,173,-97,330,269,88,504,678,-134,385,-121,979,-253,-29,284,3901,195,128,-10,214,750,1724,475,1574,106,182,8,464,214,123,-78,5,204,756,142,2,121,8,45,166,-192,-919,-207,1670,-20,-109,2,910,1303,216,118,-314,621,-7,480,244,186,62,177,99,1710,684,606,-148,-216,-29,-346,4062,-585,235,1836,-211,1982,610,-14,-34,-91,-94,13143,-69,1145,972,2,28,555,440,363,-74,189,312,594,1080,114,3941,-17,1704,-69,133,-250,-57,-106,314,226,-111,157,456,29,283,-259,416,50,465,32,2981,1549,-401,148,-286,-226,-68,-591,-136,-5,-219,600,351,272,2793,619,93,-57,-216,32,-51,932,1885,103,-51,-57,96,489,720,-103,17933,1848,2867,-93,812,-60,391,210,960,179,-94,44,-34,-118,-29,35,90,2552,167,1,-211,386,-223,203,804,-105,56,38,35,-54,174,2769,2539,1435,228,246,504,468,65,252,2210,2898,487,38,8,102,160,180,2146,495,127,456,1006,161,-77,57,847,102,94,501,364,108,3523,126,256,54,1270,-37,54,-204,59,434,330,2524,41,211,62,845,318,696,1771,-17,-50,260,1277,668,194,225,1042,96,84,-65,-13,2406,1409,2238,-220,238,121,-2,31,-47,112,-42,-11,398,0,296,613,966,379,465,815,293,340,366,-50,41,-69,80,760,1089,85,-111,504,-17,561,211,-142,-41,32,60,268,306,62,68,321,11,155,5,1438,96,-93,106,472,339,650,714,369,262,3018,185,275,-57,-90,326,-115,-109,167,987,566,-11,1230,-2,-63,-259,1733,-364,-40,90,97,-19,1113,1795,-166,-1,-155,133,182,388,23,28,19,-8,198,2,335,123,-85,271,130,85,873,342,148,148,71,72,263,222,-53,533,283,-14,-38,197,223,177,275,136,-180,53,455,1276,-326,3369,241,280,2419,139,-246,80,160,-42,41,-56,576,649,185,201,87,656,231,63,-126,561,584,415,200,97,412,6619,283,686,284,1067,-65,560,198,37,-263,256,6269,656,108,-40,182,-446,-91,69,31,2822,85,197,3056,1685,123,-102,284,-35,109,-97,16701,85,40,179,277,18872,17,-572,630,123,472,-20,340,502,229,238,114,87,653,51,-131,444,41,1280,-59,177,308,561,85,180,198,71,-210,126,-2,176,281,189,-152,34,518,280,407,397,300,619,-495,389,91,547,161,-188,-137,50,96,-332,34,243,-346,389,1380,262,-20,299,584,-72,398,-60,219,41,22,289,548,327,34,-121,-315,1393,-149,398,56,69,-47,809,145,188,1117,584,-77,-50,16,1079,204,210,28,10,-51,23,109,-117,351,544,269,1400,338,4824,-127,47,766,123,254,263,26,818,723,527,415,-37,-2,117,1365,-272,263,-167,-211,-303,269,232,320,234,127,256,-83,23,468,388,7,88,106,81,827,-219,-148,-154,111,404,157,526,339,56,518,-5,88,171,317,170,-188,209,60,1312,604,252,-1086,250,63,-20,69,710,5,747,45,-10,277,91,127,35,206,139,653,-214,-63,410,91,10933,-68,63,197,68,505,-241,54,545,4,1,219,3939,124,51,-38,-99,306,-244,93,97,54,440,-185,1119,32,66,154,2143,103,23,-197,216,655,-84,2167,-99,292,-1,-889,-266,-164,127,1432,-140,200,26,-41,2062,502,29,-105,1252,925,143,-87,398,-358,5083,2941,753,-306,80,-26,-37,-38,17818,511,56,1909,1223,2558,170,289,-16,696,-496,-778,501,-257,-750,-295,-1117,-272,342,-23,272,836,6282,698,268,-166,-189,372,554,-74,398,5,20,85,-74,471,351,-575,7,84,-461,105,1948,40,-507,13,84,164,-521,136,653,-306,-272,-53,1,-240,163,-20,363,-126,-684,-965,382,169,219,428,1681,22067,686,111,-50,1237,-91,253,-754,7448,-185,-982,53,-29,-60,108,536,77,20608,259,123,1,62,345,277,407,-10,-383,13477,-1054,-192,22,-69,1230,20889,-75,-466,48,54,241,42,136,-363,570,283,-169,56,-2,3762,17,843,486,18734,882,-406,137,284,435,34,94,-386,108,22,-108,6075,-106,-211,-170,-20,-57,478,23,-169,-247,-449,207,83,-90,263,56,-59,-446,389,1034,-38,-287,140,1111,-5,-90,-45,418,-440,667,1059,201,638,198,-93,-106,-87,106,13,330,-111,54,-40,-134,109,250,-60,-157,-90,487,57,886,-209,-364,13639,-584,277,120,194,-100,-271,-74,-66,-128,-435,-88,216,8482,284,327,299,99,-88,13,885,-219,-99,324,-114,137,-192,-1965,14412,1116,66,-10,4480,-42,-4,-65,12012,-247,391,66,183,-50,-5,-155,268,124,490,-249,286,-51,244,290,69,206,191,-432,11,329,466,-35,-68,-29,8,-367,206,345,2438,358,723,75,123,-186,-75,62,1956,217,644,-126,7301,-121,499,518,2090,-302,-37,336,9047,1303,567,252,3700,155,1,128,5012,-160,160,-146,211,5,296,-1,-348,155,-237,40,317,300,416,-109,447,-48,108,214,2416,108,-369,163,103,121,198,923,54,2763,1819,472,219,-4,-31,1369,303,3596,401,11,466,35,3904,542,-19,210,-235,25,72,-131,32,-169,295,-23,773,1357,1722,643,-2,-136,-26,60,383,146,6935,148,54,117,-102,2758,-72,-13,13,186,19,56,794,8,-121,115,-69,382,99,211,969,96,1528,222,94,29,4,114,16,-77,-38,59,29,180,1549,-22,35,-54,-2,-85,-28,-1057,-606,2220,314,-655,750,8,69,63,-343,238,-85,723,-32,14,-186,126,-413,-148,-13,-357,94,1160,-42,-507,290,-447,29313,7234,-66,696,-536,188,13,-22,289,274,-200,57,256,91,-478,103,180,4192,-4,130,397,26,13,99,1042,-25,618,554,-47,87,77,871,38,-78,13,867,389,-41,-11,-142,-254,-155,-7,118,1550,37,1105,-63,661,-71,361,83,91,32,-100,2226,-323,259,37,-44,1111,-554,-26,66,885,20,963,14610,8,200,-121,7,1814,40,701,50,97,171,523,78,-57,237,7,-547,16,-109,-10,-93,507,-83,508,23,-1030,453,299,216,843,2638,26,299,-88,-299,597,-157,-41,8,-42,335,108,216,1992,83,622,-14,-950,109,-358,-461,284,-935,-44,431,78,-1,1304,649,166,109,78,26,3197,-126,180,-87,-8,659,498,1285,-13,-8,633,465,300,569,5,115,155,1654,15260,74,1263,3190,47,-42,4431,1,-117,-28,1249,1067,624,44,63,19,115,914,32,237,-151,-85,171,90,3251,155,-213,275,-41,865,1916,-354,8,2192,51,-419,-81,590,11,-111,-20,50,5,20,-124,-83,-4,1092,-729,349,766,4864,548,590,-44,131,71,518,142,157,681,-211,25,5202,28,-195,151,2,-127,-78,-94,198,-8,-80,179,462,422,243,862,-121,-65,-25,219,-11,-982,421,180,-65,90,-53,-145,-22,355,458,-20,-13,127,-28,-56,23,93,160,192,1080,674,-170,-53,-161,133,226,1787,130,5,137,189,69,-10,94,-108,-134,951,63,-56,-133,124,-625,40,610,-8,48,434,16,68,103,91,231,-177,-723,1483,250,171,234,-14,103,1,753,50,-71,13,784,515,1535,604,268,926,-127,-22,26,1340,14,444,26,166,-339,483,109,47,209,-65,-31,186,631,303,594,-66,11,-35,1045,170,263,12584,1054,419,188,-48,312,-14,78,-1,148,22,821,767,23,1030,-111,-60,-197,-83,23,231,-45,469,478,65,66,397,7,-13,161,277,-100,-88,-77,394,123,29,-65,25,-11,-2,-56,54,-312,-62,-412,8,-130,-85,-2,-34,-109,280,-705,123,349,87,182,-139,216,-84,-11,226,88,381,367,-149,404,0,478,364,320,287,4,41,893,-176,-80,180,35,579,-99,-14,-100,576,-20,60,-17,323,10,538,784,1289,327,108,42,-56,-157,472,246,-287,69,332,19,246,-74,-16,-378,-1016,-16,-766,1177,10,-7,192,-93,48,-96,-391,142,314,-176,-19,773,5841,10,-142,9870,-109,-50,-259,-950,-41,99,257,8791,217,80,-2,-171,120,-160,151,-84,69,201,84,822,-203,41,1506,211,-115,297,1850,26,-151,13158,109,-250,367,277,192,146,315,32,108,299,-250,776,-247,182,-143,-240,137,51,-32,8,913,308,77,216,1125,1332,26,-173,-1526,1187,-754,-139,-16,-94,23,-474,103,252,5070,7,-151,398,31,-483,72,35,14,-83,74,-7,-103,32,191,-7,-85,21110,96,24142,20811,17342,-72,-19,-17,-136,-274,191,456,5130,-5,-60,3159,-60,281,-422,183,-149,83,1048,-78,-80,-38,146,520,51,118,444,-509,-886,315,-160,825,-161,-13,292,6617,69,1562,-56,137,38,197,57,504,1108,-31,-265,-760,-302,-259,100,886,-169,447,638,932,268,819,889,274,492,275,699,295,169,327,292,128,415,182,169,47,6777,-23,23279,609,45,-66,541,-455,5,120,203,-72,71,14,11,-11,194,158,4,-13,35,247,8,-109,-84,191,-19,-77,326,1403,25,74,210,3959,-87,81,20,-278,37,19,59,157,103,502,140,-326,57,124,-235,195,-111,34,456,-81,-192,-93,75,11,3537,-72,329,88,72,2189,401,-361,-123,195,-136,278,1695,1654,167,102,213,-189,17,54,102,-41,158,66,512,2570,-1058,293,87,13,-25,4112,515,10306,1316,-363,4834,318,35,-57,-340,-429,222,-465,151,80,2,189,354,87,-114,-74,9668,32,-126,167,-180,315,1307,237,17,474,2182,10,-133,4247,1067,455,-1,265,-146,13,1420,638,96,1559,-26,155,351,358,299,1406,235,426,308,-97,97,-97,62,-7,275,152,680,511,123,-54,295,45,2840,603,117,203,280,160,177,2996,63,57,305,-47,-87,447,123,2019,7,-38,19,50,-42,468,246,557,60,441,136,-109,-53,388,-109,450,-75,-81,105,13,-160,336,136,53,91,-189,19,-16,-11,-277,763,189,72,-8,-97,268,-31,1350,784,-173,386,-16,-65,11,-75,597,53,469,134,19,1304,404,-22,166,128,-364,-809,-128,-81,-137,-111,-29,174,-5,53,329,152,60,-360,-20,185,80,655,302,-166,-34,45,-8,96,16,57,48,22885,4434,695,-140,-42,28,-4,111,169,-91,74,241,-1,139,-40,35,142,-219,1393,163,-194,-35,2487,-44,-53,1,-133,180,1169,-35,652,256,505,-50,389,263,-62,1323,219,404,1329,-97,45,10,-182,25,763,-232,338,128,97,45,450,-59,265,311,10,-37,-48,-151,447,-214,94,324,521,28,11797,-847,1513,203,-53,231,16,1280,299,88,228,-655,85,394,56,28,-59,-45,535,-13,1049,1,452,-84,34,475,840,2208,2858,195,-47,-32,149,-94,-124,-7,-11,139,78,16,584,-163,155,37,211,25,225,40,-346,54,-173,1120,211,-40,-241,179,2425,26,858,-213,-68,545,-111,-188,465,19,-355,63,-77,71,60,170,34,-650,-112,6945,-152,44,555,-80,340,263,383,29,235,340,20,-1065,177,311,263,-96,40,394,169,-26,-74,781,-11,5,21235,369,203,-106,-120,63,423,19,314,235,308,54,-154,721,392,-211,652,20,-880,-48,-177,-152,-263,293,-194,-80,-134,2518,339,-38,35,13567,535,8,117,11,-19,-176,-185,-105,20,2632,-100,-11,-38,532,2306,120,345,1016,315,29,-213,32,90,-217,197,173,498,197,526,229,-169,664,-177,1698,-1,664,-213,232,484,1392,45,269,-72,-214,1937,496,-100,231,80,142,-34,-84,-59,299,389,428,-85,575,-22,151,157,47,1532,5600,232,-128,93,-398,-53,352,1291,118,62,474,-62,-32,257,4,308,50,195,62,306,1062,20,-231,-174,-66,7762,584,1059,-292,920,2308,409,309,-45,-34,146,232,94,63,889,169,112,-19,-57,-176,216,-154,146,330,-133,951,83,120,-148,1420,308,-31,-32,2665,956,228,-155,62,121,198,1452,422,-262,963,-188,-1,169,308,262,395,137,-200,-13,217,72,20,-126,-75,437,207,210,5,216,438,-32,-933,22,-29,-35,35,84,249,56,437,618,117,124,143,452,-25,51,60,10,713,-94,60,-16,-136,-194,-44,102,-198,216,-100,45,213,1312,68,363,22,80,1018,-63,2793,134,263,343,315,-8,111,309,106,56,-40,2075,-167,-130,32,254,225,226,-305,597,20,-14,57,-35,177,94,94,404,272,908,81,88,128,23,176,-100,-31,142,-2,10272,194,-31,-216,-11,-11,109,118,1221,128,-311,-54,133,65,-109,-28,-62,-13,-51,7,137,54,-59,1312,-80,458,-20,-72,-381,-71,40,163,-321,66,-68,-309,865,37,74,274,-818,-5,4,-68,87,247,103,318,41,-140,-130,1101,-152,-97,339,824,502,-34,-90,171,133,63,704,-204,-75,-44,268,-22,-118,127,-16,23,-176,130,50,209,4447,395,360,4,1064,216,94,22,29,2068,-32,419,272,-238,305,793,-557,394,-674,136,180,163,85,-72,511,-133,57,465,-220,71,198,126,-38,-91,94,-13,-10,148,320,47,315,-91,831,53,529,11999,238,-84,2431,-155,595,357,87,50,146,-32,346,-106,54,-26,-31,-35,1125,-106,391,106,-102,-10,-772,207,354,822,260,-8,-297,-59,802,114,911,-78,584,63,-51,2222,-53,-47,72,-91,87,167,-115,134,137,0,-1518,-97,42,37,-151,139,314,1393,-358,-333,-7,253,-263,-16,-90,105,26,263,-23,265,296,-171,263,-35,268,173,613,45,134,570,2019,772,103,422,-50,-51,11272,133,3122,-260,-563,1156,635,83,47,45,452,-217,246,201,-60,-83,637,179,63,81,-130,-10,210,1340,32,85,256,93,-72,5342,12656,12200,183,-44,32,126,68,10,674,-56,-59,47,166,-318,-1012,-719,-428,-176,-1288,78,-117,-38,237,62,22,96,797,423,146,250,48,302,191,84,176,232,401,1206,-59,-121,16400,24747,15594,9357,13352,22548,6067,733,2911,186,-126,373,59,256,545,56,75,-357,-19,103,-213,-106,186,247,-34,32,-124,354,78,80,75,578,370,-62,982,-100,845,115,-17,-42,26,-87,191,13,-243,54,84,-254,158,195,-85,376,601,-14,106,-155,182,425,507,-241,105,68,-421,173,11,185,561,31,25,131,320,56,62,-34,149,-60,222,-26,-81,20,-25,-11,200,164,74,-103,-13,-289,708,50,23,195,195,223,-179,118,1025,339,97,-111,-37,274,7,189,284,-25,346,-88,-13,542,413,-152,1964,-29,84,418,14,170,320,655,75,83,566,-38,2,-123,-17,-57,367,57,-5,11,324,-87,600,50,253,1400,321,613,-38,57,189,225,-121,837,62,-103,51,41,456,85,226,34,234,200,6365,-10,-93,796,-26,-152,38,22,84,120,-128,681,154,-88,-161,-131,35,-103,-96,-17,252,102,56,-179,-26,336,16,-97,434,-25,2,-66,-42,-179,-26,373,-137,423,115,-444,403,167,361,834,-134,867,-78,7,5,3297,-194,117,111,183,-62,211,-219,-13,41,640,-149,2342,-173,3528,182,263,275,252,-1,-25,54,-38,-10,180,47,-189,19,366,127,330,982,-944,-767,-911,-1228,105,222,1919,152,-83,-7,-66,94,-37,94,646,152,16,-22,142,373,609,2,2345,-42,-274,610,-87,477,91,529,160,100,-317,-22,320,802,111,-103,121,-11,-19,118,418,378,14,852,-124,-7,-91,-16,241,-28,300,229,-136,20,-830,217,29,10,-169,-87,552,-2,-63,495,-63,-78,-40,-62,-197,788,376,164,916,1187,695,2260,85,25,850,-456,170,323,-100,114,28,896,5,-23,32,-74,105,-498,627,1618,169,505,351,-235,10,75,20,1953,161,-401,-80,152,1282,-31,-188,-25,809,724,180,237,-167,-66,47,-289,-45,-16,-88,403,66,16,48,468,289,109,137,91,-498,-717,936,142,438,201,-32,-62,123,305,-47,498,68,338,1264,186,423,1572,444,-7,-16,-260,97,-56,-68,225,-112,342,203,151,-37,25,-88,148,309,902,34,-161,579,56,81,317,-109,177,-44,0,93,-44,72,566,266,177,-37,121,22,204,44,487,-176,154,524,-166,10,53,-87,53,478,167,2864,223,72,-35,57,74,778,495,996,217,588,-71,163,-4,1881,-22,-28,93,-87,260,1595,124,-65,421,974,-88,-29,115,-13,-188,130,-174,292,388,148,160,72,388,118,742,-146,606,-16,724,-567,-34,-19,929,284,182,254,729,109,-561,-477,136,139,-323,518,4,53,767,268,155,-59,-99,466,23,100,128,166,-7,-106,438,292,1,624,197,-4,194,16798,-72,687,-152,163,131,188,-216,41,-136,-234,1366,29,-59,296,345,44,591,630,203,117,-96,372,85,1534,13,28,807,166,62,9766,75,358,744,984,329,730,2827,10,1027,-103,971,53,102,115,179,-17,-19,-74,-818,490,630,-97,-114,-32,-45,453,1767,131,177,137,879,57,26,22,198,-234,-59,-75,226,117,978,40,558,-253,-41,96,-22,-8,-65,26,127,25,1074,94,-5,105,114,-62,31,201,2,41,167,-130,2,164,641,1132,1334,90,588,312,16,-529,51,-169,-19,219,-26,449,-462,1445,-228,133,26,16,53,1395,-2,-28,421,-35,109,-17,-102,495,692,490,115,45,127,216,20,265,-41,152,406,10681,567,174,57,-1,201,-75,-19,209,333,2976,-131,483,163,-65,1168,20,163,10,-17,1,-97,-8,726,249,-72,152,195,385,-308,-170,268,-16,134,-71,-169,-286,-108,-32,-91,-234,588,333,120,-100,44,206,-97,619,-118,-29,-51,-16,-22,8,272,2016,143,538,-25,-93,-17,223,254,-526,1175,-124,170,-7,2108,143,-51,-134,-71,19,-183,-244,-17,349,127,200,-84,188,557,50,856,131,1025,-69,57,987,-2,-32,56,8,-185,-121,-56,118,164,593,34,63,44,-69,228,931,-102,590,225,1381,-118,23,271,137,342,-19,133,81,-16,-114,164,358,274,81,-45,-483,47,152,-56,47,664,-72,477,554,-662,4,16,8,124,956,-20,600,-226,62,523,32,84,300,-53,173,48,83,373,-99,254,13,-62,-44,1461,47,-81,391,0,-123,819,51,170,42,1082,320,-60,42,48,217,50,373,330,-96,-59,4,788,444,429,-290,-28,650,538,-477,1114,-34,1470,1,315,-77,-118,56,206,-312,-97,60,223,65,-5,5,440,782,243,320,166,512,2020,1392,108,97,600,63,108,53,383,-237,-155,-40,-63,-7,-38,243,-4,28,148,2376,-217,-444,28,-2,-37,238,-44,2637,-56,-85,317,180,-32,366,289,346,834,216,-164,633,-197,-72,-13,357,277,14,-272,117,0,378,-109,806,51,195,346,609,-22,375,329,1415,25,128,-232,114,8026,366,1332,115,-191,78,146,2254,284,416,-136,200,475,22,782,41,51,209,203,-317,13,25,-158,-8,-10,44,-97,80,376,271,231,-87,-72,-25,2,84,532,1102,35,60,604,203,81,-29,71,143,468,257,-59,60,83,541,-88,1048,274,-91,-20,106,-48,601,40,48,118,22,68,-19,-16,-194,-85,-75,72,152,530,128,-117,-77,51,-41,189,-134,590,281,-100,-200,-372,56,-87,-90,-45,53,-25,90,-241,106,1335,179,495,873,214,441,-2,354,102,99,160,1059,97,-72,51,670,-56,75,-397,2,-570,80,102,-109,-66,56,54,13,-249,-293,352,127,2389,66,152,-317,115,56,-423,-133,888,-5,-34,-80,-75,803,1,381,163,216,17,102,-38,216,191,-47,170,109,226,315,428,-5,133,-766,456,496,186,265,-7,-11,-41,213,358,-28,-62,161,446,194,97,53,62,-14,-99,2583,-47,802,-13,453,1366,490,794,66,108,-57,80,635,-207,-416,93,-68,-40,-88,-198,51,216,683,5,1267,34,26,437,363,443,176,189,115,638,62,468,99,366,-7,441,5,146,80,7,-118,3205,44,63,71,57,367,-87,-244,-17,22,701,-29,484,-96,281,42,111,-13,-78,524,378,-31,4033,342,-121,100,595,-71,20,-51,827,1313,1762,126,484,3386,339,-247,5261,115,-136,-220,-375,10,201,28,56,-22,120,443,-123,117,698,-56,-88,1294,74,75,-72,1654,88,2913,-278,348,8,96,-286,-35,24948,-126,60,-17,-249,-83,-66,136,407,177,11,1844,-31,1085,22,-78,-223,532,-57,462,-8,-1,173,575,66,6806,-459,21760,606,541,-25,295,-56,260,128,1105,1239,-23,-111,14,-106,-56,90,339,272,1369,-40,240,-862,-293,47,-231,1529,85,-97,394,7,-72,846,-653,643,84,120,99,-56,-50,80,57,170,40,250,20,-209,-130,-45,24096,-74,-137,137,469,200,1454,90,31,631,-23,17,62,-80,-274,-151,191,31,-7,26,274,999,-124,75,5188,254,123,34,398,-426,-163,-84,332,306,-151,309,1743,155,880,-284,487,508,4662,-4,2300,-154,57,195,112,238,1397,372,-330,1,-80,544,38,-44,383,-388,183,2535,-91,-94,128,-32,2530,383,-53,-91,35,4084,247,-180,468,1343,112,1059,-66,2668,-197,158,13,17469,-62,68,18750,2195,-69,1731,63,-207,449,2471,72,733,160,123,-171,-824,93,-66,220,538,155,74,-277,24754,-102,17,699,109,0,185,-29,-53,-278,35,9384,1516,-87,-59,220,-131,-72,-29,180,-355,-361,29,2,-226,41,-128,-163,-320,-155,-1,378,266,434,220,131,164,-4,66,-45,169,852,-84,6693,831,-29,-60,7301,97,-4,-154,11,-600,-105,10202,171,53,-149,-139,10,-464,41,397,53,-14,400,-115,16,-38,20,-60,54,332,137,348,213,35,-53,99,716,-38,16359,1971,139,-289,351,-109,15950,163,652,77,62,1667,2976,-31,53,140,75,358,-37,22725,9689,-146,-56,-62,177,1094,478,333,265,-274,5857,-103,-131,-130,214,179,-75,302,3394,44,-268,-37,22,-158,696,-74,121,78,5420,634,557,103,-31,40,137,-48,4,105,-254,-2,581,124,-44,1105,3294,733,1094,-139,152,-177,2616,3498,197,-60,62,4,5,-19,-120,289,-83,88,338,-220,-7,77,72,152,1002,34,90,616,19,364,2010,336,354,361,14902,3092,-16,-160,97,262,-69,14,-71,704,57,287,19410,53,329,57,-57,-20,94,348,999,392,72,-115,213,289,667,281,641,836,-229,-157,25,10279,151,-41,1,-63,19,-35,177,38,20,-7,10,28,315,269,10,-7,139,120,-109,-198,-136,-97,447,360,83,406,2947,28,332,-167,96,-50,100,10,219,449,2115,59,229,-51,157,-53,15050,-509,-984,-130,109,17,40,578,-96,9192,-158,10,63,57,1719,97,302,16,484,97,453,0,69,11,-170,-131,3412,26,16354,7864,-63,2982,1942,117,449,747,815,346,4020,403,51,668,-54,-65,1107,-42,-741,419,171,157,2100,186,-60,349,-88,-198,5399,367,4374,42,2517,512,207,-57,-47,-23,544,171,-241,-59,514,-195,495,14617,-189,-34,78,-111,932,87,1046,1236,252,213,351,17,169,-62,733,544,782,3626,972,-10,-28,37,7,809,314,77,358,126,-66,329,382,-1,760,-83,37,472,1713,-44,94,214,26,84,-106,330,262,66,-51,533,419,-37,-68,-139,44,416,800,302,108,587,621,-26,-44,-31,269,16,-74,93,862,102,-31,-228,419,62,53,-88,4849,-103,-68,-289,-51,-100,120,180,-177,105,200,-152,1239,-87,48,-102,-5,1936,253,486,45,-57,12510,391,-502,-213,-149,-105,652,40,-69,173,529,-40,26,216,93,177,-51,438,850,941,895,-180,293,50,169,717,635,1102,20213,324,6690,300,105,109,244,431,78,94,-124,-275,-93,-75,4,886,13,35,72,-60,-19,-145,327,-117,-23,913,398,143,7212,19,871,2222,-124,0,59,-103,111,-51,194,99,573,-29,20,1154,44,223,-228,340,170,-57,53,217,-228,-93,219,389,157,5,182,-37,806,-720,4,188,-177,87,59,26,48,-234,-26,803,778,130,-72,96,-2,343,913,241,352,48,194,-108,-131,-209,50,219,1178,-17,446,360,-148,-60,11,41,-20,93,-106,-54,195,8,827,-140,-277,289,329,78,38,29,151,1143,185,615,-31,-407,373,87,332,51,247,0,383,343,-161,-94,-197,143,-37,444,-20,240,59,-41,-62,-74,-173,85,1309,121,1439,-209,609,-106,220,1058,-1,47,389,289,88,146,134,275,-155,72,326,8,361,-31,721,-257,-203,-286,-1,244,-59,1002,1037,151,-154,293,-364,25,-83,-112,17,484,501,180,-179,-139,-483,42,-28,51,-5,-85,10814,-66,610,-96,121,-72,72,-152,-83,521,416,876,11,271,-45,-38,85,-137,53,66,1159,290,48,-72,120,1208,327,348,373,-65,260,-68,34,-17,219,133,-16,-395,-115,-38,83,1200,47,2,-93,535,81,260,484,191,-19,-96,-40,-87,474,5,385,613,-369,84,65,-1015,216,146,332,318,595,14,-148,-481,277,54,630,142,1526,65,-394,75,155,1264,74,259,170,-456,22,-169,22,93,174,99,22,1094,1433,-188,-112,-31,7156,1319,-29,-10,-263,-118,1242,250,-20,-180,100,-32,35,-75,-47,1414,161,-44,-62,149,-105,-65,-50,268,-256,69,-26,269,68,870,-25,114,41,0,84,472,-88,346,-146,548,188,85,60,386,971,103,-14,271,530,66,214,117,5,121,-143,23,530,-188,34,-591,-62,290,300,-35,60,22,59,169,-45,-379,266,62,84,683,53,-83,-38,0,-14,-102,-19,23,-68,16,75,-286,744,225,-56,19,203,142,290,-42,80,527,-678,157,305,-323,29,-220,-231,244,182,-127,146,213,23,348,142,16,235,66,71,-87,198,-63,-47,-50,-42,186,21749,991,-66,868,1724,32,-29,502,191,191,2,-225,45,-128,-197,-7,200,2165,-90,-1,-145,-31,293,947,160,815,29,173,-41,1135,1681,468,-72,143,7,57,-17,111,7824,441,-100,-155,-59,-56,13978,1140,7,12469,352,66,-253,-278,-56,53,-35,447,1285,53,100,226,216,-48,143,-59,890,26,-81,40,204,-171,570,364,345,-17,169,-217,155,80,191,71,3277,106,1128,-388,-118,-69,-188,-114,403,-83,127,26,453,1483,-19,195,164,-861,257,-105,-17,117,-131,-97,10,186,-1,48,-29,229,4162,890,336,892,-852,-308,870,-277,627,167,-66,505,32,17,262,974,501,867,471,535,326,157,284,1577,541,32,235,50,-378,1,-20,24114,-235,523,71,-126,148,-157,19,35,26,-182,-340,-128,-163,-1,-71,45,149,-54,-234,-38,-44,-547,25,-29,78,-34,200,-486,-60,9920,-182,231,45,-38,127,42,148,16212,4509,74,171,-63,-432,1856,727,238,271,75,776,-14,521,-48,412,-198,898,1,35,213,174,268,644,-140,-10,492,42,160,395,2,799,-231,134,40,72,1,699,320,-124,-20,518,94,492,-97,-51,50,517,-219,-17,35,108,-44,14,-20,481,-148,-272,171,-69,23,0,-87,1512,999,825,201,62,-26,23,379,10724,-4,158,309,277,-146,723,192,-103,336,62,105,1228,486,-37,-34,34,-286,-155,-22,450,-37,47,635,979,-112,-114,90,-157,195,57,398,203,-11,293,317,0,50,-10,10,-19,148,-266,300,935,72,-283,-20,686,22,-139,161,126,1015,3074,-17,91,-211,283,143,14,91,100,1,-146,-87,65,65,25,203,-32,23,-10,-53,-62,-53,287,340,-22,346,191,262,-25,-188,90,11,-65,-28,-35,188,624,71,232,203,201,69,-53,207,8,253,493,83,595,246,87,66,93,167,35,-44,96,-7,-78,-54,487,-204,4,37,68,118,41,-41,47,650,-11,-157,-191,203,385,17,-17,229,26,51,45,-102,-2,2148,50,191,148,56,5995,277,-74,-85,-57,25,7,28,-80,-174,-295,-450,232,234,1199,62,-78,-2,45,80,-2,281,1141,145,-29,253,10,-19,1463,109,281,-117,-118,85,323,77,-14,1313,182,-32,-91,-120,-34,68,-100,-71,-63,93,419,-37,-360,3423,105,-74,-29,-612,1314,6549,-51,-29,28,-68,-17,13,-200,-185,-72,541,57,-83,-23,2160,108,1181,-93,283,94,-23,-90,-100,91,1092,88,228,-252,-827,29,62,-2,11,173,292,391,618,613,56,85,115,-676,538,-38,1,2266,-35,53,71,44,194,412,324,468,192,13750,232,-63,-42,364,-41,26,314,-26,45,32,-17,68,40,37,-81,627,1728,-19,-177,-303,-1,62,1022,-35,-188,-78,11,90,134,123,1749,120,-7,-26,216,-260,-69,376,-133,-50,-1,103,-388,315,111,-77,581,-23,-145,72,-1,469,226,-318,284,-87,-547,-102,1845,-84,-99,44,1488,741,4,-188,566,429,235,194,-69,760,360,453,1842,-628,484,16,-56,4088,-44,154,7,351,-751,35402,-315,557,-7,189,25,35,145,0,582,11,-23,-68,210,461,1,2603,321,1620,211,342,-34,-32,266,163,17,-140,-80,-163,121,-60,47,-916,-613,-376,957,161,-348,-392,-136,2469,100,5,-45,83,342,-13,-50,91,-664,286,-607,-407,-139,-179,438,2197,340,-97,-345,3190,13,27982,15447,-383,210,-120,1338,5065,1524,25,68,109,1098,-243,88,28,134,-50,849,17487,18675,94,-65,203,88,139,-244,14,100,69,352,57,1307,176,-32,-126,16,-333,-188,406,-214,-41,69,2,48,-492,671,173,-83,-4,-50,143,729,-81,17,51,-10,-1,-407,-124,-552,-127,249,3686,91,412,369,32,108,290,730,-151,211,200,-93,-31,-90,241,-74,-133,8,-66,-237,-180,20,265,395,3040,8408,3393,8119,-425,-74,7,123,-65,8,566,-201,-8,-188,-62,-42,314,315,180,177,114,87,-117,-247,136,1948,-44,450,-38,166,158,108,-38,-11,5200,-114,-41,-2,355,-862,84,-345,182,13,14,60,68,-47,74,326,615,154,259,106,100,136,60,56,-111,-20,-65,-1427,209,243,419,192,93,-358,597,140,-99,51,-361,-243,570,701,913,661,44,188,-231,0,-262,292,45,0,544,99,721,241,275,443,-124,-200,760,105,14,2,314,-612,-183,372,-509,-167,-77,2,130,-34,-375,635,114,269,102,-514,-231,-381,17,-355,164,228,-741,-44,28,-201,-268,-1,74,19391,455,-84,22256,65,-35,-60,-173,793,1599,521,-1120,1098,176,5,19321,2323,2128,-53,920,13,71,51,-69,41,50,126,65,-81,-450,-329,-88,459,1395,53,-214,708,443,57,-1,-257,31,308,32,-206,-91,-42,-1283,-211,-90,241,111,-48,4,38,-87,274,465,-646,217,126,656,757,-17,176,-83,942,578,-20,421,-118,3153,1942,601,22621,19982,-48,40,66,-300,-78,59,240,-38,4287,4,-127,-42,-16,189,206,44,-637,191,-148,-286,-72,44,66,327,649,42,366,19042,292,16,-10,84,-38,20,34,19,87,51,-198,-585,-20,1719,289,182,429,-87,-145,-77,1094,-191,5345,379,1,-186,-71,-566,-14,54,-14,3386,108,-19,1970,-128,-78,85,44,-13,295,-271,-163,-22,204,423,71,163,263,109,480,51,-114,464,-109,140,53,62,-22,37,942,109,486,619,13,-130,-207,498,-120,293,-756,-160,-63,-348,2,41,787,-211,575,247,137,-78,-77,78,146,-25,-50,-8,-11,121,-74,1,177,554,-130,638,293,1151,-105,-51,357,407,-78,5,220,216,128,486,-59,-60,278,-23,-54,-825,90,154,-85,169,-616,-275,-329,-112,-216,305,16,-348,-250,-300,151,-747,-66,-386,-19,-533,1798,180,81,210,97,106,342,19354,191,154,653,23,106,-518,-209,705,-88,137,5179,34,19318,29,-41,13561,-65,23,-41,-348,-53,695,-16,1406,-66,335,259,200,68,20,91,109,16,5,-143,-618,378,400,465,-28,7027,-53,-90,379,-109,-133,409,182,-124,157,-188,-1,-112,232,-25,615,2305,9855,-108,-217,-16,-40,0,35,1731,308,-63,978,6275,45,2477,-105,-72,3737,62,47,-133,-511,1402,-170,290,-71,37,-207,461,-123,-364,-90,670,-48,441,391,253,228,-11,217,45,-243,-195,684,609,247,-60,35,54,1965,2712,-54,-297,53,5,166,710,54,1249,228,804,-340,-142,211,26,78,120,299,177,-336,305,48,14,-526,-170,514,-17,-2,465,678,126,-41,-10,28,35,373,594,-174,-57,355,10482,-54,456,25,-206,91,-366,225,8201,173,26,-23,550,856,78,-71,252,320,160,1196,31,106,274,211,-103,-10,-63,96,91,63,1611,327,1042,278,-569,-121,-75,653,-1,31,14,-48,-4,-14,397,60,-65,108,-34,-265,26,766,-166,640,1463,120,126,-2,128,-75,266,-177,2994,-56,105,244,68,450,-123,-45,-100,171,-207,7525,317,-5,186,-48,28,876,303,217,-114,-65,646,-171,839,84,22,238,34,-69,78,-131,367,136,929,-48,613,443,816,-10,56,35,-102,-37,-84,630,-53,333,633,868,508,690,263,-278,-290,108,-173,-8,-386,-581,50,11,94,197,169,747,20,201,234,-53,219,14,105,145,8,51,209,-431,426,29,15477,7289,-167,173,155,928,143,17966,47,-13,-81,7,-303,-136,200,779,17,509,271,134,174,130,-90,-84,56,40,-85,-106,-99,455,62,-102,-56,-60,157,-164,225,323,-90,102,335,-120,7,25,68,-164,-17,-186,-253,183,-265,-54,131,386,-561,60,-314,62,750,662,-226,88,-203,-83,136,-118,81,302,830,-11,837,724,548,-103,-1015,25,-25,-87,88,-465,1939,29,121,81,-91,-60,-225,-20,130,-544,-72,597,349,-83,573,-314,44,-53,25,63,229,429,-91,102,548,1402,389,17,-5,-42,136,373,-20,75,191,-335,348,12249,398,-7,-106,53,235,-11,88,1183,23,223,456,1228,-78,-607,160,206,-134,152,48,-108,94,864,238,542,10,-40,32,-47,-40,229,-14,-29,-450,-26,-140,191,169,2824,2094,75,112,1043,111,4861,54,2,180,-953,105,29,1062,126,747,-77,234,102,-189,-332,-271,-80,74,1538,-1,16,164,22,-140,-13,120,32,504,-91,-495,-234,225,-200,-259,-120,-97,-69,127,17,-10,188,210,28,-53,-551,28,-174,929,126,-225,-441,495,3283,-53,74,-164,867,638,280,232,1326,-361,-121,177,287,44,42,588,56,-72,88,293,37,2,668,201,-284,-87,-91,-44,717,-78,-355,-1,1934,-1384,383,-88,-1964,-1098,66,788,1076,324,-1862,-306,-173,-441,-330,29,-100,-284,222,260,38,1021,209,268,198,-90,1,1384,191,16922,1839,-809,2154,-7,23,-100,87,932,174,-905,-1965,-25,474,-48,-886,2966,44,-332,560,-572,-121,-72,3033,-118,-37,124,544,231,2518,1374,-32,1138,244,-102,339,3746,25,99,-88,1350,37,11581,-563,-1534,-2308,-9619,-917,142,713,1964,-5,-26,633,-275,-48,392,1780,8570,8312,60,222,-23,60,5193,169,1286,-84,126,40,69,-192,1424,-26,154,1529,455,133,-4,71,330,529,1028,57,4557,-148,210,20,-385,44,84,868,382,35,229,-100,216,-158,151,-54,-11,-521,-309,41,169,579,296,252,504,-20,-207,-302,-97,364,-45,185,131,-14,22,34,-246,72,151,295,1955,751,4635,-109,14537,-186,1,32,56,29,389,-68,1,-336,114,72,-35,1495,158,109,-160,-51,464,-37,321,37,-219,-14,170,474,-28,154,74,99,31,13,90,-99,-289,170,630,78,-28,404,59,-246,-87,504,-53,-14,63,312,-20,336,74,133,163,-252,-139,71,2140,-4,-45,32,185,7728,-40,-11,343,-54,53,164,10616,37,268,-167,-4,140,75,195,-1,69,41,-16,1165,812,-192,-106,157,-35,5,154,220,741,1507,-5,123,-60,90,-38,-53,-20,1160,-182,7,283,14,78,51,-269,4,713,167,-14,-72,-741,1334,342,158,180,16,145,-191,-180,1,-155,22,716,45,226,2472,1025,394,-50,211,-969,594,-97,157,-121,-22,23,41,-253,262,-123,54,295,23,-118,7,292,283,-5,183,-20,450,-31,329,315,-120,803,35,320,3065,542,-197,180,687,45,-62,-99,336,-160,-363,11040,105,176,2916,-77,-50,5228,5485,1131,-587,-44,152,335,-338,-197,-452,-180,-29,225,11,2644,-11,896,97,-189,385,824,1974,157,123,-48,330,554,744,257,90,-5,25,-75,-1105,10032,-118,57,1549,-83,111,-42,-496,-615,-160,-542,-329,68,-223,-431,-197,-93,364,254,564,191,-280,171,295,213,1119,20648,21288,861,60,137,13668,14143,211,6035,-204,140,210,45,109,32,53,179,254,157,195,186,-71,-266,1691,180,690,-142,249,-220,354,-42,-100,45,-108
45,-187,-187,312,142,114,-148,-184,-133,12,97,-83,-375,-426,-187,23,-34,25,-171,21229,-774,-286,-54,112,-664,-1383,-208,-178,431,-44,-78,-262,-53,-2939,-1534,-1573,-1365,77,341,-115,-238,12,16760,14799,17467,10761,15420,17384,140,-109,89,15215,12263,190,546,53,131,66,-399,-52,472,249,585,202,161,275,360,1604,197,383,-355,-872,258,-297,-444,148,54,139,191,781,86,210,359,40,-216,30,185,-20,730,439,63,849,148,930,489,216,-93,-81,127,161,-57,110,-351,518,-14,-533,35,2714,411,-840,496,-264,4,222,267,-1100,-285,87,-54,-131,-242,-98,-353,-205,834,-57,-521,145,-144,221,954,392,-189,17,-64,-149,404,-74,546,781,623,-171,148,74,365,204,715,224,477,36,-109,276,208,253,321,728,206,1450,-188,959,-108,872,217,1071,196,348,72,195,466,839,309,1181,19,138,314,-35,151,281,83,677,184,979,193,-103,12,148,-19,111,-292,-1058,-17,1874,103,-85,38,705,1953,234,149,-387,1157,-3,273,252,241,111,51,143,1450,2037,756,38,-787,-37,-98,6524,217,561,1992,-195,1633,621,-110,61,-99,-35,15098,-75,997,711,-63,-40,133,550,372,18,-100,111,813,2007,442,3260,499,2436,-37,174,-309,94,137,306,284,-155,669,534,129,527,-431,109,81,844,-37,2123,1223,-94,-276,63,-150,-27,-1008,-129,40,0,586,709,-125,1684,378,196,-121,-291,8,-111,829,4853,47,-202,-77,150,403,1277,-100,18328,1520,1800,-31,1469,501,453,212,987,419,-128,104,157,108,370,-4,82,1902,138,75,-182,376,-184,156,535,-65,184,47,25,-20,386,1059,1314,1792,137,31,256,1658,256,114,1262,2759,482,108,29,63,48,189,1122,417,95,575,1087,-38,-88,-46,1058,70,63,490,358,98,5868,166,170,58,844,-12,144,-7,-566,519,54,1479,34,132,97,1783,759,766,1166,-132,123,105,1491,532,142,341,1006,163,35,-23,-155,1706,770,1161,-512,301,408,-244,-87,4,196,-142,92,391,8,71,221,410,318,431,789,136,338,300,-171,-513,81,-9,585,1826,134,-29,239,120,163,256,-35,-21,9,105,201,385,204,126,606,59,208,13,1071,2,-258,31,306,206,578,664,360,200,1268,13,327,43,-19,-69,99,-187,153,992,1718,-13,1947,225,-172,-559,1160,-85,172,-92,142,54,658,1988,-340,-18,-210,106,385,215,83,4,20,-24,212,-144,219,32,-136,189,266,-227,499,347,323,541,213,185,43,201,-8,132,194,-195,13,165,346,205,-65,649,127,-89,-74,1223,-149,1502,772,222,1943,249,-268,51,291,-9,-109,-194,593,389,159,251,110,604,331,49,-698,388,334,-25,291,63,368,3351,342,907,378,866,-138,462,568,44,-170,-6,6037,601,217,-77,31,-336,38,-27,-49,415,131,222,1344,1503,47,-97,180,-59,63,2,10893,42,43,274,0,21328,80,-711,815,-221,19,-61,279,403,156,239,154,75,457,35,-314,850,83,1628,286,292,438,787,239,131,92,159,-172,251,-138,258,290,-75,-123,74,7,238,591,290,259,545,-600,324,136,368,-12,-222,-161,21,374,-380,-244,128,-309,276,1266,13,37,201,558,-13,139,-143,234,7,325,17,942,487,54,-121,-114,1128,-117,451,20,-70,103,8541,104,189,538,91,108,-66,72,717,222,261,103,247,14,61,103,-176,456,534,140,1661,340,2046,-119,-34,1109,213,312,437,154,1067,293,232,360,-70,-52,153,567,-302,9,-153,-274,-166,275,162,1054,310,6,246,425,-31,317,357,89,58,80,160,479,-443,-83,-359,-4,139,15,529,289,-38,598,212,228,182,533,410,-493,31,210,913,378,329,-1643,179,53,-65,65,1093,-86,142,-83,26,327,136,366,112,160,262,699,-65,-18,377,117,14236,-63,245,268,162,1341,-172,182,477,-366,-38,417,6955,259,86,-36,-129,222,-250,167,160,132,428,-178,1441,-65,69,155,2552,180,137,-119,761,580,-18,2298,-61,284,-29,-1150,-383,-642,3,825,-173,210,15,-14,1920,593,-68,-21,3640,1143,160,-99,439,-506,2621,2357,285,-48,138,-78,-55,-43,16816,408,150,2252,532,572,105,129,-44,1090,-434,-1331,249,-157,-773,-312,-907,-321,445,-201,405,251,2716,698,221,-106,55,491,572,-332,68,-7,31,-14,-115,216,347,-490,46,-81,-606,285,2024,137,-1249,13,-119,98,-770,370,444,-184,-738,-121,6,-685,7,-49,160,-280,180,-1208,653,137,218,386,3505,26575,335,163,-81,1107,-402,336,-894,9140,-200,-1464,-190,-32,64,239,772,211,17598,132,4,-143,168,286,131,81,72,-278,17030,-1596,-208,540,-120,783,20176,-6,-426,-93,296,42,97,133,-391,925,352,-102,19,77,3024,-119,606,121,26205,1979,-200,32,389,241,69,68,-244,126,128,-128,8232,-35,615,83,25,-131,549,76,-244,-17,-481,585,510,-36,397,112,238,-444,422,875,-52,-891,127,447,-89,-19,12,427,902,773,325,283,606,85,-150,-47,-74,168,-36,223,-132,26,-32,-4,272,412,-57,97,-327,510,2,829,-250,-368,19630,-839,434,-91,185,-148,-447,-142,-60,-681,-456,-468,213,12457,211,453,-317,-32,-280,-236,648,-149,-120,239,-314,308,-268,-2446,15299,647,57,-87,5727,-80,-24,-177,14464,-313,420,37,134,27,-49,-206,194,89,134,-190,313,-111,300,796,182,416,256,-664,-9,244,304,-153,-78,-13,53,-938,133,450,1590,278,478,244,81,-137,145,255,1709,217,412,272,5670,-71,355,3440,1588,-285,58,472,10380,912,547,276,1967,123,-41,69,3578,215,318,-68,291,66,306,-1,-145,174,-29,-54,155,-374,1899,731,-344,-14,178,1087,1405,178,106,496,-139,315,286,354,167,1242,1058,-66,20,6,-190,2119,191,1768,206,-77,951,-9,9625,291,8,178,-179,-24,32,-188,58,-143,252,-274,382,1169,183,445,-55,-138,-218,140,171,176,4394,197,180,61,-74,2346,37,-109,-14,208,0,87,1367,-174,66,216,-324,352,-197,287,1378,317,1296,313,272,-31,102,61,-2,-80,-71,42,-38,-176,1023,-81,-324,-64,3,-262,-106,-1938,-1276,1090,77,-185,437,-46,74,291,-400,238,-240,436,-545,139,-273,42,-412,-210,-2,-336,251,1056,-53,-773,166,-291,22116,12188,2,-168,-387,151,-20,-14,344,-69,-488,80,361,38,-83,44,293,3673,-289,119,197,-15,31,-38,1372,6,507,3889,-23,-41,88,629,121,-110,-71,710,3667,13,-9,-163,-728,-262,-108,235,1958,131,154,48,634,-105,-65,-195,2,70,-77,2151,-234,270,69,-1,459,60,-304,-100,1032,12,1568,17990,13,931,-112,89,1591,43,765,-32,238,2,293,148,-71,201,784,-315,86,-83,65,377,559,-92,343,126,-1088,559,357,1,649,1676,155,310,-1,-252,507,-146,-24,-670,43,117,261,313,2850,100,648,26,-430,132,-363,86,233,-1574,77,359,25,-18,753,692,125,-964,-156,81,1090,-29,406,-20,1,806,370,1551,239,-47,740,139,348,134,-14,176,269,1531,16473,80,846,3183,173,-13,21084,64,885,66,958,835,532,63,75,193,89,828,55,183,-139,-157,-13,120,3457,1271,-136,280,76,783,564,-646,-166,1609,44,-297,-190,647,120,-162,72,-86,-150,-57,-655,-238,4,535,-721,268,830,4885,539,533,-1,-191,31,438,53,224,519,-273,114,6723,82,-370,242,7,-176,-112,-541,269,115,-117,25,653,438,140,1073,988,110,36,210,392,-874,309,242,-97,-2,-236,-72,-145,472,393,-82,-38,120,-52,-2,136,110,361,97,1033,551,-228,82,-312,154,92,5531,223,99,375,257,81,391,63,-48,21,1059,53,349,-187,19,-709,100,-36,2,29,502,15,99,54,-17,-18,-122,-604,1548,264,78,190,15,69,91,524,19,119,-19,489,268,562,273,92,632,-138,24,270,709,116,259,157,394,-168,483,292,36,188,15,32,385,739,547,263,49,49,71,1064,139,385,13706,329,210,-89,-86,262,21,106,-15,40,92,681,770,-12,920,-157,-105,-295,76,97,318,-54,165,251,64,51,195,27,163,250,403,-145,-122,3,437,43,-13,-103,-57,-61,-235,-44,131,-269,-159,-436,-78,-187,-68,-8,-131,-354,157,-258,-74,400,8,-312,-148,161,-27,-68,52,323,952,150,-82,406,72,477,318,129,268,43,91,530,-136,-68,174,7,444,-148,-105,-174,246,13,304,0,7761,31,349,1107,869,200,261,51,-289,-301,315,283,-75,30,205,17,216,-269,-310,-190,-2258,38,-393,212,-71,-43,206,-51,38,-336,-466,261,604,-119,-34,555,9981,-52,-252,6069,-185,-69,-297,-1228,-32,7840,122,12307,301,133,71,-91,1358,-47,213,-221,47,268,34,534,-428,34,896,258,-48,216,4662,-20,-138,15244,-1,-408,193,297,155,170,284,76,-180,244,-125,2858,-456,230,-145,-337,-9,120,-30,-40,1505,97,1,156,648,1141,51,-303,-687,1075,-1648,-1461,-1062,-247,65,-505,54,87,2615,-18,-245,301,-115,-987,140,-32,3,-94,134,-26,-129,23,251,-114,-43,13661,-27,26524,19288,21999,-99,-30,-4,604,-540,149,53,5604,102,-41,2767,-146,1412,-471,189,-60,358,478,-195,323,99,161,519,-117,619,3003,-406,-648,555,-156,262,-160,60,360,7014,-53,1687,153,-35,165,142,-63,672,1229,-91,3,-970,-566,-335,-24,4389,-272,-30,676,1718,174,233,970,318,317,281,601,218,187,482,205,117,760,334,48,119,7565,208,20815,419,54,-41,-290,-658,506,25,122,51,-375,21,-36,49,423,-87,126,-52,31,132,49,176,-2,97,-31,-83,346,199,-18,-154,287,6855,234,29,170,-134,-18,87,63,-200,148,78,99,-843,-103,111,-309,229,-246,81,365,-178,-93,-213,1,58,1740,-87,258,42,61,309,1043,-564,-58,137,-267,406,1479,621,353,119,471,-202,-256,109,15,-13,114,49,250,1688,-1269,313,109,23,-34,2462,461,14190,1211,-651,3594,732,24,-116,-501,-641,155,-261,179,160,-257,154,229,657,-13,4,7919,-92,-242,213,-155,188,761,-87,-68,287,979,171,-200,6024,1811,1175,-172,95,-240,-85,525,439,202,2320,30,148,-29,500,266,589,217,157,846,-321,-103,-343,122,83,229,295,376,434,98,-60,392,217,3212,703,99,155,232,-1,241,2751,111,78,187,4,-30,369,49,4889,37,-172,117,722,-68,182,223,1110,-57,309,-60,-273,-232,257,292,527,-19,-53,883,53,-65,455,-24,329,183,-168,-54,116,-108,-99,490,279,54,-26,-166,456,-103,1275,315,-224,304,3297,47,-264,-137,580,-23,804,-2,0,1362,-37,76,-41,1379,-700,-1095,-80,-115,7,-24,-334,293,31,100,508,755,160,122,116,212,256,156,117,-268,52,1031,-351,471,83,3763,213,22485,2761,812,-88,-6,89,88,-1,-6,-65,159,157,15,229,23,17,178,-129,1062,188,-116,102,17413,-221,-364,65,-131,1053,1551,-49,552,563,404,-293,256,216,-377,614,176,-539,-208,-94,23,54,-178,-23,327,-484,334,389,270,-57,726,-148,212,291,64,-15,-23,-105,310,157,17,389,501,23,13801,-1208,1712,393,-61,331,95,1229,122,-13,211,-754,154,545,85,89,-156,-23,278,2,138,-4,340,188,19,264,1123,4443,5981,-120,-18,13,41,-310,25,12,35,153,78,0,610,-168,89,74,-202,52,100,47,-774,9,-13,1017,465,-38,-601,148,2756,134,473,-165,120,482,-127,-217,303,53,-161,97,-57,68,-52,98,-35,-823,-166,13258,-69,223,230,-136,385,380,696,-2,385,421,252,-846,149,567,196,-66,173,-41,137,-35,-92,1559,57,-25,21880,512,104,-162,-132,196,324,32,445,326,134,-10,-71,709,566,143,669,178,-415,-174,-72,-19,-37,341,-184,-12,-117,2231,386,-31,69,11786,728,51,258,3,190,-170,212,303,137,3352,142,-63,60,501,3006,139,329,340,344,103,-423,94,-27,-464,71,81,563,-85,325,189,-194,902,-234,1820,127,507,-270,35,471,1077,27,-23,-85,-477,2639,653,-167,228,6,103,-145,-3,-179,886,2882,508,691,747,-38,172,148,80,1015,7477,212,87,105,-132,42,133,330,232,100,473,-25,-35,233,-111,387,14,694,40,466,654,-55,-263,-116,-228,3104,976,902,-580,651,1477,136,1285,216,-65,82,251,200,6,855,474,252,-26,-49,-197,204,-258,65,621,-174,1195,83,591,-301,911,115,-211,103,1275,851,100,-81,99,71,304,798,241,-513,774,-202,27,42,460,257,448,190,-178,24,719,157,2,-94,-47,292,272,400,-7,236,2382,-17,-895,51,-43,-161,24,143,253,42,382,489,241,-61,0,536,0,155,15,110,340,625,24,-69,-110,-54,-8,219,-229,144,-114,-46,242,703,-23,262,-54,111,872,2,2447,425,420,453,236,111,275,477,-348,61,2,1896,-499,-92,53,456,42,12,-281,247,17,-88,72,-75,155,3,323,387,381,790,83,230,123,-72,188,-161,42,138,71,10831,48,238,-371,9,-52,15,-21,658,-72,-300,128,151,411,6,148,1283,49,-18,-36,93,-133,-127,863,53,818,-18,-81,-417,-43,60,314,-174,95,-37,-218,129,13,95,205,-949,-55,137,-151,105,-60,228,221,199,-250,-123,507,-188,-155,91,911,-165,-163,-78,238,123,60,864,-196,-112,-221,223,2,-188,610,-38,154,63,58,99,103,5542,714,387,-257,583,235,87,1432,-13,310,1,116,462,-378,562,126,-604,222,-461,320,13,766,178,-9,140,-168,80,349,-330,87,111,397,-71,-65,239,-7,95,3,194,15,249,-75,529,-54,381,4200,412,-47,1066,-346,851,530,120,8,142,-47,533,-25,281,-15,-38,191,937,-71,293,344,-72,-38,-901,412,472,970,1109,-47,-223,-261,449,168,1118,-80,1304,-46,-82,1648,-116,102,121,-40,2,38,-179,146,71,-144,-675,-358,399,-119,-112,74,823,1054,-104,-521,-65,438,-132,-122,-191,-51,142,212,-25,76,139,-206,232,-30,1196,156,479,102,128,32,1837,773,159,346,57,-306,14397,117,1599,-357,-1383,682,3243,68,-4,14,204,-149,725,-13,-112,13,385,12,-9,-95,-286,27,289,1887,52,109,-60,46,210,1773,16121,16239,278,-14,172,104,26,17,714,29,-17,24,53,-308,-1698,-1423,-843,-985,-2090,-307,-163,263,174,-49,6,106,447,585,60,195,-47,506,-6,9,119,206,246,623,-31,-195,13034,23889,22210,16864,17778,21184,5967,867,1683,360,-302,569,239,119,612,165,160,-353,-306,245,106,-185,126,485,-26,189,-129,304,174,196,138,519,140,43,852,-70,121,207,52,-55,-78,-127,302,4,-112,445,406,185,185,157,-121,381,559,-162,47,-246,343,166,568,-174,32,652,-100,154,217,128,572,121,162,92,335,91,74,137,1,-80,77,-3,-57,-37,15,23,242,292,95,-187,109,-307,291,57,105,210,279,207,-386,61,928,238,46,-126,-706,222,-145,47,315,-52,247,-52,-34,1036,578,-346,739,-89,303,646,26,86,440,358,85,182,1028,58,-48,-180,91,-137,357,61,143,-91,161,-81,77,53,363,1338,672,1208,120,18,129,-40,-134,229,132,-232,1,-100,374,386,102,26,119,225,6627,-24,-2,245,-89,-163,44,8,8,151,-72,558,149,-21,-280,229,77,-47,-53,-94,188,55,-31,-242,-189,370,60,-183,410,-59,-74,76,-18,-218,-71,540,14,567,176,-508,30,394,330,461,-34,483,-81,-109,-18,2548,-6,221,76,215,17,37,-270,-31,171,685,-176,506,143,2012,-140,159,669,235,114,-12,87,253,32,148,342,-187,128,343,165,313,-2,-825,-629,-872,-660,-122,140,1864,320,-48,23,7,97,168,103,336,-609,29,-78,128,607,680,159,1407,-133,-314,383,-86,720,32,438,-46,-710,-448,92,751,694,157,-278,102,-100,-6,136,276,216,275,1275,-404,88,-51,-139,195,-54,415,-3,-234,291,-1422,132,-19,15,-255,-122,27,-38,-46,58,-146,-167,-46,-184,-353,907,564,477,151,1190,626,460,108,3,823,-432,57,677,-71,144,-71,298,-72,29,156,-24,70,-602,711,1683,154,410,385,-97,290,125,6,2708,283,-965,-59,34,1226,40,-144,-69,567,929,461,251,-134,-21,-71,-403,-91,-15,-12,591,91,-6,-121,499,668,431,99,116,-583,-733,979,-32,146,200,-112,-37,-134,310,32,200,-8,165,757,123,310,2013,403,59,-10,-85,-13,-58,78,93,-159,361,14,-88,-31,-138,-293,542,476,798,119,-287,364,189,71,168,-121,78,-31,182,-134,-315,205,869,315,-170,19,156,-34,222,41,631,-285,136,587,-87,-12,108,-110,54,188,142,2445,85,2952,-32,83,572,465,761,1011,153,708,-116,144,-29,1683,-30,57,-17,14,448,1662,-24,-60,1322,726,-64,-27,244,25,-296,174,-213,621,663,202,188,44,212,180,426,-414,423,-223,464,-630,49,-99,331,297,392,77,485,-167,-427,-359,114,134,-764,983,-225,-12,627,257,216,-121,-127,406,93,197,216,-172,393,-134,541,219,-19,685,249,14,15,8897,-131,432,-466,389,200,470,-341,236,-23,-451,1275,55,-116,218,376,-7,575,505,242,26,-172,519,136,1809,-15,26,714,49,-38,11375,103,304,663,643,394,844,1360,-34,596,10,819,-91,612,77,281,-82,1662,210,-1026,740,636,-217,1,-41,-30,576,1399,117,51,219,414,24,-54,65,346,-524,-47,-7,535,-327,912,-185,1190,-272,111,250,132,129,-122,-275,810,48,1401,140,26,81,111,162,315,125,-48,116,76,-43,-57,161,440,938,664,173,-43,383,-215,-651,-61,14,77,256,-160,845,-1028,1660,0,63,65,178,31,1243,32,4,750,-35,88,-44,49,382,417,425,14,63,133,72,-46,157,-20,111,327,14886,710,674,59,-7,236,-78,40,151,212,109,-123,60,280,-92,934,30,99,-14,17,85,-47,222,1953,139,142,165,293,432,-603,-121,314,-63,55,-83,201,-361,-109,-1082,-176,-346,1081,20,17,-145,23,549,38,391,4,-26,44,43,-43,-38,665,1392,-86,98,-106,81,-46,229,298,-555,1135,-307,20,69,4060,-182,12,-103,-51,14,-323,-227,-63,312,225,334,-117,180,716,-12,2233,-115,1034,-4,-40,862,48,4,110,8,-295,-159,37,70,732,649,40,128,23,-63,364,562,-15,782,590,1488,44,159,204,156,309,-9,140,206,-9,-146,223,426,121,106,51,-218,83,97,-149,0,730,71,652,900,-692,-1,91,121,-109,581,77,144,-207,157,320,-75,228,200,-145,-54,-78,48,382,-213,202,518,-25,-41,1890,159,-70,479,465,-165,493,-117,219,59,728,253,-29,19,74,138,137,348,427,-72,25,-77,898,202,380,-489,-91,635,95,154,584,20,1039,-6,246,-71,-255,41,172,-213,-26,71,-193,15,171,27,382,669,149,78,334,315,2267,787,8,-8,624,52,196,2,15,-303,-104,450,-70,0,-72,160,-9,55,166,709,-317,-699,-53,85,-7,207,-15,2793,385,-9,182,150,-21,307,410,117,710,44,-247,179,-61,-13,14,102,302,60,-93,296,464,335,-196,478,40,194,184,595,171,388,156,1083,-20,-72,-154,215,17343,976,1337,57,-293,-236,-128,2298,52,886,-256,174,313,70,427,134,20,160,219,-654,15,64,-250,4,75,47,17,44,359,-387,180,442,-75,-27,-145,80,671,720,13,149,191,-3,150,24,36,953,1075,460,-68,-71,66,236,-146,789,112,-129,25,253,-49,561,-15,82,127,76,-104,-31,-30,8,-63,-100,64,137,478,171,-81,-163,110,-41,511,-190,606,853,19,-108,366,-19,176,-108,-78,26,-110,195,-12,176,529,264,387,1,35,403,103,671,-30,-114,57,419,92,-247,64,861,-47,110,-587,-52,-1006,-108,-2,-224,-69,53,46,-100,-397,-546,264,194,1014,310,68,-404,0,105,-655,-85,717,-23,89,-77,-92,800,100,222,71,297,71,-64,2,453,278,-25,-46,41,201,344,224,-58,-60,-629,347,713,168,189,3,-258,-20,291,498,-105,-76,2,236,329,34,314,119,-58,-335,1665,-36,351,-180,364,552,330,239,290,2,133,155,727,97,-259,300,-19,188,-31,-111,104,14,960,-168,830,1,4,553,302,462,660,131,146,1281,66,501,93,267,-145,430,-34,98,166,-287,10,2068,273,64,129,-59,389,-54,-177,-331,-85,344,-111,562,-23,246,201,46,-49,-37,382,51,-42,3585,374,-80,86,496,-40,26,-176,651,891,850,-92,202,6660,246,-428,3727,-29,-48,-125,-239,44,240,99,182,-139,103,240,-109,116,728,-69,-122,938,40,-46,-41,1744,-1,4576,-647,8041,-57,144,-233,-151,14532,-372,99,-165,-533,-71,-26,106,417,44,68,5262,-72,3261,36,-58,-190,363,-65,268,-52,286,250,285,105,2829,-501,24741,-65,518,-57,-14,129,246,71,1058,1026,64,-54,106,-89,-41,83,274,232,1362,37,2162,-1294,-539,-41,-327,89,-121,-25,129,19,-114,947,-745,163,48,87,10,-149,-55,40,32,86,29,353,-61,-99,-103,499,23924,-46,-13,21,516,290,327,8,10,245,29,-46,-211,-157,-283,142,-122,75,117,-95,83,263,-132,122,4178,63,125,412,357,-479,-232,-100,675,223,-190,233,1733,92,596,-609,455,344,2805,-24,2465,-227,-49,236,156,535,4102,171,-370,17,-320,1196,-473,-104,284,-450,64,1616,1,-177,165,-23,7518,749,-117,-153,51,3186,360,139,459,1576,168,755,-110,1927,-1037,-280,-53,20931,-71,205,19048,1347,-59,1235,-8,-318,224,2763,-19,801,95,-123,274,-589,37,-92,176,76,1327,78,30,27985,-125,184,1179,138,-43,-42,-105,-160,-235,-69,13489,2349,-166,-145,-143,-139,3599,-10,530,-476,-665,-19,-109,-278,65,-63,-319,-215,128,53,218,122,524,-44,23,241,190,1543,-93,-34,890,123,6314,1232,-1,-8,7120,38,754,391,-26,-493,-598,13021,108,-42,-163,-49,27,-361,222,664,177,-25,522,-295,173,184,-74,-42,-92,414,-460,363,245,23,178,194,830,1,16738,3092,184,-624,335,-71,15630,-1,688,131,14,1660,2060,9,187,238,106,406,8,21947,11226,-128,525,-57,196,987,897,584,779,-240,8909,-36,74,1,359,-27,-146,47,3995,46,-404,-125,49,-202,109,-117,-24,125,3770,185,95,-21,-247,1,142,-156,86,103,-238,-95,341,256,-61,1172,2775,702,1006,23,385,-287,892,5692,31,-25,95,-20,417,-13,-100,366,-114,54,1661,-115,21,161,-298,233,566,569,64,827,40,1034,2392,753,477,721,18107,1399,-82,-129,-32,312,-163,-275,-20,662,119,228,22769,93,189,88,9,0,98,524,645,443,-43,-182,347,117,251,256,662,693,-170,-105,12,9982,128,-35,-40,-103,-1,142,-48,60,-156,-88,-38,88,419,24,1,-267,-31,189,-534,-242,-119,-71,334,159,-402,501,2072,115,385,-30,3,-36,32,37,140,258,478,43,487,151,145,-29,19690,-1149,-1017,-179,-54,-52,8,1062,-48,4483,-385,-177,54,-75,7754,-168,535,36,317,132,484,-55,55,-68,-323,-276,3166,234,24276,8465,55,974,1721,241,347,-80,481,508,3622,312,116,591,139,-180,676,-37,-1319,140,283,161,5751,12,48,400,94,-172,2674,506,2588,133,2561,229,250,114,151,43,796,190,-193,-150,781,-87,523,20202,-208,-99,-83,-179,651,-43,981,555,421,93,162,110,183,138,802,258,312,2409,1757,-3,-171,123,116,1325,436,115,660,36,-246,275,660,-82,979,-245,-3,185,1713,82,252,304,95,60,-7,378,-382,-58,-120,645,172,-9,-26,-227,34,593,679,1302,212,547,592,-180,29,-166,93,-32,-253,126,861,95,-19,-553,-3,-212,1355,-85,2577,-6,-81,-2,-85,-94,153,168,105,357,-297,-168,1858,-228,-41,-64,-77,1756,207,263,-14,-122,15839,524,-402,-83,-443,-92,963,-57,104,123,336,-108,71,232,112,353,-57,555,936,1502,1084,7,532,44,191,320,508,1054,15857,223,8658,408,-59,172,343,573,111,69,-352,-252,-151,-115,155,2401,1,123,70,-40,-7,-103,204,-80,-42,1100,536,119,6884,-2,1583,1893,-30,-59,-1,-51,312,-19,123,71,581,36,76,1754,-7,348,-64,383,34,-17,-15,216,-272,-63,314,398,253,88,270,-13,426,-727,-9,174,-60,85,-42,-40,-12,-179,72,706,439,93,-245,54,-4,363,717,284,366,41,119,-109,-183,-228,143,222,381,27,816,251,-85,204,13,91,126,9,-157,-336,78,-8,411,-230,-279,-46,236,0,-65,9,117,1424,331,-448,-24,-58,731,172,484,71,251,-64,262,267,-461,37,-125,-97,-94,340,-176,159,-4,-18,-121,-133,-177,12,1185,126,1317,-358,280,-25,234,892,31,-32,478,351,127,378,521,188,-63,-41,330,80,447,-66,1290,-455,-150,-643,-2,238,-295,170,1645,398,544,364,-635,138,105,-93,-144,494,756,77,-157,-105,-546,3,3,6,-159,-76,9616,20,655,49,190,-18,81,-61,-185,87,69,834,65,431,-37,1452,233,-157,-36,-126,710,235,95,-77,-9,1162,397,386,327,-142,393,-172,410,105,285,199,13,-583,-126,-17,315,1401,44,-71,-146,387,196,291,460,127,-27,-19,97,-70,337,86,474,737,-450,81,160,-1688,225,177,468,319,761,42,-146,-850,289,-153,502,208,749,-63,-541,-13,304,1220,389,221,335,-359,-34,455,-140,93,47,123,23,1121,1735,-210,-82,20,7838,2095,-168,224,-257,-171,1075,354,-21,632,179,-52,-9,131,-47,1781,64,-72,-140,223,-150,-116,-44,189,-449,157,3,431,40,953,10,223,19,26,42,197,-114,264,-37,1003,-115,-31,-44,1009,1508,100,89,54,366,17,136,278,72,59,-238,7,617,-261,-63,-361,-108,259,-97,-21,103,-43,-222,-37,-140,-1054,-144,-68,59,652,125,63,-44,3,-13,-35,-46,37,-36,-82,4,-106,662,202,-127,-31,-75,104,60,-51,131,61,-768,-21,227,-430,2,25,-292,466,412,-109,91,207,59,351,304,-13,89,-32,157,-74,142,-293,-19,-166,-69,225,18852,875,108,215,284,110,-43,387,179,202,2,-430,-160,-233,-314,105,29,2677,-83,174,-592,-457,257,256,74,456,41,174,85,727,21076,370,-109,104,37,38,47,87,9031,393,-290,34,61,14,12779,1213,-49,22412,365,34,-155,-131,-77,68,-197,344,1614,143,12,338,-31,663,93,-183,983,-20,-300,24,143,-52,342,183,602,37,304,-291,210,98,-213,317,2850,13,1837,-496,-268,-49,-49,-100,94,-140,330,14,692,1258,21,63,10,-1370,-133,-74,-98,12,-240,-72,38,204,13,2,74,128,7460,1809,156,150,-428,-346,722,-342,366,-55,-183,1230,89,105,262,3993,774,591,455,672,284,55,165,530,375,38,126,188,-329,-140,-88,17659,-269,621,-471,-609,168,-30,48,61,-64,-196,-643,-70,-217,-87,-142,527,1885,-234,-197,-21,114,-562,26,81,6,117,77,-449,89,13372,-48,187,72,-21,321,252,46,16227,3289,66,238,72,-456,1771,805,238,285,98,416,279,155,27,363,-195,889,102,148,21,-55,212,603,-176,-64,348,145,210,417,9,1110,-538,223,166,262,7,351,385,-32,31,506,-91,329,-359,-136,-21,349,-215,8,-148,87,-54,781,18,420,-550,-168,145,63,-6,180,-131,934,964,1115,215,91,-144,20,285,13836,13,66,89,119,-200,1072,148,-176,301,10,213,1133,508,-30,-49,9,-26,-86,-55,244,2,36,-219,987,-46,-136,134,-59,60,41,376,246,54,116,127,72,137,-29,10,-69,103,-148,397,615,43,-443,-40,222,81,511,78,89,1184,1701,-14,1688,-188,245,36,-14,140,70,-59,-161,-183,21,-36,-35,487,-443,48,-53,17,-122,-21,46,366,-6,125,-224,303,-9,-12,51,34,-87,-114,-3,49,166,83,121,40,211,23,-7,44,8,289,468,37,501,133,42,129,185,627,65,-61,125,30,-14,36,794,-215,35,264,105,114,83,42,375,3501,20,-195,-267,590,341,201,-70,196,1,109,36,-212,-23,1240,104,177,99,1,4481,481,12,-123,-122,52,47,128,85,-81,-304,-564,343,234,1836,1605,-27,93,126,53,102,280,1099,93,20,479,41,-55,1032,-99,663,-251,87,54,556,70,15,1592,205,-91,-116,-145,57,97,-171,-64,-58,43,251,37,-157,2886,86,-69,-425,-716,1717,7958,-307,-253,-21,-166,-68,52,-227,-149,-154,539,65,-32,-98,1960,103,1806,-128,873,-119,-31,-89,-81,65,736,-35,142,-713,-1474,412,1537,-123,-29,70,89,496,745,-61,244,83,76,-818,474,-65,-95,2362,-99,82,46,167,168,116,58,437,38,18062,483,-10,-14,406,-91,91,346,108,72,77,-20,64,17,-70,-177,782,1511,-68,-136,-253,49,13,162,-77,-592,-178,-37,2,111,26,795,15,-3,26,142,-284,-32,357,-225,-117,44,150,-266,499,86,-93,474,-9,-71,7,-81,439,-81,-500,183,-17,-954,-146,2531,-44,-104,25,1197,665,3,-285,521,250,129,163,-91,955,952,760,1596,-539,464,-26,20,2124,30,177,66,242,-751,34741,-223,648,-34,199,3,20,302,47,929,42,-55,-81,131,409,53,2594,157,1019,199,297,-239,-87,587,-68,-421,-263,-40,378,139,26,58,-2197,-1113,-685,-20,283,-416,-426,190,1112,323,-23,149,108,-228,-17,127,218,-1206,257,-1060,-917,-251,27,721,1866,433,-3,-353,2903,-46,26258,21484,-467,210,-23,3265,11163,964,-146,-217,-42,840,-174,55,-138,1,115,603,21830,20619,25,-1,428,-136,97,-148,-42,48,257,410,171,1088,184,-931,-162,-55,-545,-319,428,-197,-95,75,138,30,-636,717,185,87,-104,-31,55,586,-105,87,-105,-4,4,-242,-154,-855,-183,-323,2943,70,274,194,-66,232,204,728,-273,284,82,-116,-51,-127,315,76,10,-1,2,-321,-179,30,240,387,2621,4200,2057,6239,-776,-167,-77,27,49,-236,507,-93,-57,-184,411,8,125,91,195,337,-2,440,-145,-386,32,1630,1,467,0,293,128,66,30,21,6012,-451,15,80,290,-619,195,-342,151,-83,69,65,-137,-193,-87,346,822,1047,1319,146,-68,225,120,-137,-138,10,-122,-1887,122,331,76,112,46,188,216,31,-156,-749,-442,94,1315,303,680,895,68,227,-414,-136,-280,100,-218,80,366,168,247,309,406,437,77,-150,666,132,270,52,382,-617,-338,314,-545,48,197,-2,-1,4,-127,819,-134,55,0,-398,-285,-694,-683,-427,54,-153,-823,759,12,-204,-116,-8,272,14731,703,300,18546,-144,-52,-9,-219,48,1513,-41,-2213,880,70,93,7872,3039,4406,-34,810,15,2,156,-24,125,-15,69,54,-136,-744,-562,-77,666,2192,91,-92,227,183,-114,7,-430,115,372,-25,-157,-27,-64,-1954,-563,-325,283,140,-44,13,-12,-13,217,227,-325,280,128,408,1170,9,146,-98,864,962,83,283,17,2329,2077,629,17850,18374,-15,81,10,-285,-267,70,455,27,1591,19,-202,-153,60,97,120,180,-483,137,31,-297,24,142,380,242,295,-70,344,21384,428,76,-40,-70,109,189,43,-112,109,126,-806,-258,48,1212,1110,206,760,-41,-95,-225,832,-225,-341,466,-43,-290,-9,-589,269,43,-37,2611,-63,-77,987,-74,-34,207,-57,18,330,-86,-210,-58,191,938,48,139,207,76,38,-93,142,518,-143,155,-35,42,-26,40,1151,-14,117,325,-23,74,-88,309,63,335,-399,-166,18,-496,-121,-12,903,-177,683,151,173,-12,-146,110,122,-87,-88,74,-26,32,21,36,133,57,-189,601,191,965,-148,8,284,381,-78,-7,189,371,234,974,-154,-77,461,-68,-47,-693,21,295,-99,-10,75,-117,-355,-110,-187,-72,4,-423,218,-211,80,-765,-120,-468,54,-1441,1066,143,93,262,-166,104,389,13481,168,-42,671,24,114,-27,-249,213,83,-6,6730,-128,10778,37,59,10822,1918,69,-14,-306,-27,403,-80,1347,-59,1717,2270,31,213,9,142,80,149,-224,-185,-312,410,674,60,30,11956,-150,-244,687,-55,-150,493,117,-6,104,-63,95,-140,114,-35,98,1995,5598,-239,-232,-98,78,-58,-27,3368,499,-94,945,1815,12,1870,-302,-128,4840,200,68,-129,-428,1017,-208,421,-38,137,-77,645,-196,-416,-117,456,19,409,238,683,648,-68,89,4381,-309,-143,640,624,208,36,-34,72,2836,1788,-19,-346,18,75,330,467,-44,872,157,556,-583,-285,117,31,86,99,300,-110,-202,768,89,64,-886,144,1560,93,-55,293,228,238,-109,44,-51,-36,201,470,-245,-30,262,12930,88,184,154,-320,-306,-161,213,4240,44,-27,-6,308,1868,57,21,-48,194,200,861,-64,-66,793,145,-37,88,-161,24,76,-1,471,6051,1468,110,-464,-66,-457,941,-59,-18,-143,-51,64,-25,796,217,-49,129,77,-172,-143,292,-59,319,1761,132,-10,-41,143,-317,144,48,2159,4847,-27,185,100,314,-4,57,-354,74,-250,7194,15,-27,246,32,6,170,142,242,-115,12,744,-902,6722,207,44,530,-24,-117,153,83,210,47,776,32,489,473,974,30,-17,-38,-103,-47,-54,951,-166,330,365,710,312,417,244,-422,-710,-13,-275,80,-312,-1059,140,491,99,255,195,230,38,250,241,151,129,-205,38,134,24,213,210,-447,521,-7,12980,6752,-337,224,27,1334,268,17739,42,-27,-10,85,-450,-189,32,239,6,426,262,187,483,59,-89,-43,-44,25,-63,-157,-72,1102,61,-293,-85,-382,111,-53,357,247,-27,573,89,-184,-12,-180,64,-153,-159,-270,-78,138,-321,-26,127,253,-692,374,36,232,348,641,-85,-26,-481,162,30,-59,-55,422,768,-119,720,671,293,-235,-578,-32,-110,-86,-4,-533,2232,-23,400,247,-58,-133,-266,-17,553,-685,-598,772,182,-116,625,-256,36,48,25,66,227,521,-72,37,569,1347,-361,122,58,116,97,872,-85,38,140,-360,417,18740,196,41,-59,60,38,-24,71,1185,52,274,236,2328,-30,-369,142,298,-150,208,71,-165,-1,638,125,434,9,-7,100,32,-58,408,161,-98,-465,-51,-80,447,244,4064,6116,3,12,534,114,3635,112,-66,197,-323,293,-125,931,168,573,-64,962,-93,-58,-381,-414,72,40,1440,-108,-2,406,178,-296,-99,146,-27,368,-91,-770,-505,114,8,-344,-110,233,-88,174,110,-241,6,1030,-49,13,-320,3,-398,2781,117,-494,-403,302,12009,-189,18,-142,762,471,190,185,1313,-466,-151,58,161,21,13,495,88,-85,212,266,32,-36,1079,680,-487,-148,-351,13,702,-47,-125,-64,2532,-1469,119,-177,-1451,-1350,889,740,2027,223,-2194,-371,-162,-562,-431,52,-95,-238,125,216,89,-32,465,71,149,-129,-137,349,252,12804,3367,-889,725,-15,55,-215,-65,284,-34,-1196,-2712,-586,421,-149,-614,601,76,-329,236,-657,-154,-280,4256,-23,-69,82,283,174,2054,1105,-94,1445,385,-168,358,3706,0,-9,-99,443,-13,11303,-359,-1701,-2582,-5353,-1337,-93,491,549,-85,53,81,-297,-312,58,1299,6474,6558,104,389,-212,49,2241,121,555,-123,4,-21,72,-233,550,-24,145,310,358,-40,-19,93,108,887,1467,59,6876,-162,180,-49,-414,-37,104,490,290,-42,-115,36,127,-40,150,36,-47,-657,-455,-285,273,821,481,162,1807,6,-238,-89,-53,211,-117,389,223,-23,29,60,-20,97,173,212,1275,664,395,27,13983,-77,-24,15,40,-15,344,76,76,-286,37,75,-17,976,99,-65,-253,-30,103,13,581,60,-197,-57,55,240,-58,58,17,71,368,-105,-61,-70,-49,298,381,183,-24,309,41,-850,-207,482,-57,12,38,327,-63,-65,43,85,36,-242,-236,-8,1582,-116,58,-61,185,4812,-170,-194,13,-26,115,139,14464,-42,280,-139,-26,348,143,119,-120,-6,77,-144,1286,714,74,-195,191,-302,276,183,251,2134,1836,431,46,25,52,-9,-78,-104,327,-173,-35,100,-6,89,-138,-201,59,252,2343,-52,-371,-536,987,-10,-1,32,36,127,-151,-365,-25,-43,-4,862,1,46,2711,669,352,-15,280,-507,473,-241,-76,-187,-72,35,65,-563,66,-55,165,208,193,-184,3970,-18,296,70,13,31,-314,8,420,224,-104,369,51,29,1730,-269,-191,776,614,-320,-144,-172,641,-250,-293,6515,94,241,5726,-51,64,5401,5330,1038,-290,2,132,171,-191,-208,-847,-252,-77,218,46,1219,153,592,97,-411,3,246,913,222,122,58,334,392,748,551,-14,-83,19,-315,-635,5203,-522,1,6564,-55,274,-102,-409,-649,-228,-566,-351,60,-122,-215,-166,-25,412,406,467,80,-286,287,126,174,2942,14065,17303,365,3,88,9530,11601,7,1854,-200,8,244,-4,108,26,26,-202,126,59,159,167,-133,-676,479,37,125,-185,13,-148,304,-1,-207,112,-190
46,-56,-43,43,177,-116,-184,-105,-62,0,-40,30,-436,-171,-176,-77,49,7,-70,29189,14,88,-93,2,-137,-99,-127,33,171,-69,-33,-122,-23,-238,-141,-137,134,173,316,291,44,327,19690,19406,21859,14924,20034,14555,70,-12,155,30496,15351,82,952,140,66,109,-85,142,108,76,127,38,10,115,63,785,72,270,-586,-925,-1,15,-140,-77,64,122,121,509,67,73,711,-18,-49,-15,369,85,825,349,-10,313,62,596,394,197,-83,14,184,7,14,98,-53,72,187,-140,-2,1253,467,-492,206,67,14,121,-166,-691,-67,46,82,-46,-66,54,-157,321,210,18,-278,-66,-60,128,252,187,112,132,28,-5,284,141,1147,820,425,63,283,343,82,-38,420,138,863,0,-75,219,93,18,272,951,181,381,-93,600,-219,376,433,2090,197,25,33,249,521,1660,313,905,69,209,229,67,373,31,272,69,423,937,85,-38,27,40,-41,12,-17,-580,53,1877,-4,-10,-69,710,1953,173,223,102,1211,-17,372,18,31,93,193,96,1653,1646,415,135,-121,37,-20,5885,-414,95,1199,-53,1583,1091,-83,86,4,53,15230,-63,415,557,67,21,337,433,179,47,187,245,900,859,232,3417,8,2233,27,31,89,-43,264,238,259,101,2099,833,53,460,2,547,56,1211,-49,1621,885,-456,362,-46,37,-1,-727,-50,-34,-255,369,96,278,1064,467,67,-41,-252,118,115,1015,2994,210,1,4,96,340,1205,-18,13896,1439,3487,5,1074,50,479,86,207,399,-54,157,316,-72,41,21,197,1901,41,-93,-144,703,-5,127,915,17,5,-17,-28,5,378,1656,1182,1012,129,366,583,1107,132,242,1524,3437,472,151,70,242,532,492,2015,434,180,277,922,233,-8,46,268,60,56,398,399,197,4143,134,242,69,1454,317,28,142,-599,503,356,1778,38,216,54,968,424,698,521,-62,298,186,1234,554,89,313,659,75,167,4,11,1895,746,1090,-170,142,59,544,73,-33,115,-41,-37,140,-21,101,373,818,293,330,345,258,77,154,-73,-535,-83,43,655,1799,101,-40,242,163,317,183,18,4,-11,-12,329,421,142,30,399,79,50,15,950,119,-21,46,613,83,698,638,192,168,2059,181,283,-12,218,36,8,-28,-4,808,2209,11,1413,450,-73,-7,996,-83,0,298,80,-1,477,2093,-63,85,-226,-43,-92,181,285,69,43,-27,297,-181,83,-21,-15,665,-5,15,466,373,-27,330,358,134,14,427,77,451,171,-112,86,163,154,228,584,522,-101,15,-23,606,40,870,202,245,1093,192,-179,222,115,95,-207,24,867,534,111,199,129,789,151,168,252,343,220,332,233,135,288,2932,160,698,205,590,79,368,460,47,628,330,3823,794,168,-8,187,-288,36,49,56,363,-27,142,1113,1020,118,-44,233,21,5,-56,10874,129,8,210,173,20192,37,-652,857,-245,1,93,238,515,376,239,101,67,401,20,-137,502,186,947,280,124,249,531,259,125,92,11,-38,219,151,313,53,-62,-64,-4,46,314,499,226,293,267,-525,219,33,759,89,-131,118,30,326,866,21,157,-171,264,1827,138,7,268,932,112,128,-140,231,51,-57,41,756,85,154,-88,-57,554,121,444,40,-101,21,804,70,251,857,633,-114,30,11,1075,112,103,17,254,-1,70,89,-98,164,329,316,1267,571,997,-124,112,1711,-64,241,449,-33,1865,638,196,399,14,93,170,589,-88,116,44,-49,-116,245,327,863,228,184,95,564,70,34,590,101,-4,51,36,786,-197,47,37,147,375,135,710,431,37,831,-23,-73,92,119,271,119,15,77,1093,297,168,-831,223,85,0,212,514,75,708,93,109,69,54,75,147,249,112,630,82,56,270,54,9017,46,85,194,88,801,-75,109,882,-109,-67,148,3498,24,7,-90,10,342,-453,-31,34,30,306,-37,945,108,99,72,1194,272,2,15,752,590,-11,1277,-5,190,-57,215,-62,-20,129,1556,-44,73,40,109,635,489,-102,-75,2147,547,255,-90,197,-85,2388,2379,430,115,174,150,36,-34,14469,488,1,3136,808,1127,336,238,21,847,-257,-656,295,-102,-480,-184,-892,-239,166,14,197,514,3452,518,-46,-43,-213,414,453,-150,270,-24,24,93,2,307,244,-300,66,306,-21,4,1114,101,-30,293,-140,194,-438,30,285,-30,-112,-90,-115,-177,164,10,391,-86,330,-102,447,125,93,212,1344,16165,664,99,150,1670,-38,723,-643,5791,14,-111,75,59,-33,-14,271,0,18500,316,108,40,62,226,-284,479,44,-274,22367,-57,-28,119,-80,1247,21478,56,-573,116,109,128,41,170,-405,1000,72,-109,90,14,2775,166,410,157,29875,759,-257,421,332,399,92,88,-4,235,8,-43,10569,-24,85,33,-5,-23,219,108,-101,4,-147,125,33,10,47,18,232,-186,241,828,82,-233,116,1680,95,-89,7,122,233,441,272,108,326,164,-37,-47,-118,54,-62,82,33,95,-75,21,103,171,-64,135,-69,301,56,321,-57,-176,7847,-60,428,-30,118,138,-93,-49,-17,36,1,-326,223,9233,127,418,14,606,-57,157,394,-194,76,340,114,200,-47,-1306,12268,971,15,-10,4580,-37,83,197,14463,-79,431,216,254,17,-98,-270,609,202,495,115,343,88,72,399,-40,145,93,-248,-51,275,505,519,51,218,102,12,53,493,1820,610,1090,116,98,-141,115,197,856,108,509,-20,5610,-83,394,799,561,-157,27,189,11977,1136,460,232,2103,241,77,-183,3868,118,1171,-46,427,140,235,96,59,106,10,-7,90,-310,965,114,2,49,121,1101,1152,40,-57,373,72,425,275,405,321,1820,1355,24,272,72,-249,1186,410,1276,-64,10,366,-28,4344,277,7,49,-197,44,44,2,-14,-43,138,-20,443,1006,509,756,-18,36,99,-1,187,77,1689,2,333,67,59,2245,134,-2,5,177,-23,-7,970,64,-85,77,119,262,-51,254,716,33,1614,90,171,-1,200,93,8,-125,-79,51,47,-20,990,-34,-95,-28,109,1,51,103,23,1324,50,36,529,-4,66,498,-291,358,-116,407,121,171,-177,194,-43,-7,-2,-129,194,668,20,-745,183,-8,29051,12674,59,-27,-401,261,70,-5,213,85,-288,49,245,66,-252,10,547,2515,140,142,160,-10,18,226,980,-12,425,1524,23,-18,-109,554,46,-10,121,713,2053,36,24,106,-96,51,5,0,1494,20,142,-27,495,23,-1,-75,-34,31,-49,3358,23,163,8,-1,850,57,-82,270,457,-24,867,12937,24,420,-40,25,1389,51,763,-10,140,95,232,176,80,414,522,36,69,-15,36,132,369,-10,47,-37,-586,593,179,82,541,1124,223,394,129,-154,373,70,2,265,-151,451,88,205,3023,75,721,15,-1016,103,-194,-124,236,-993,-30,707,200,128,732,791,112,108,190,56,1719,-80,200,103,49,629,339,950,-4,-51,635,550,155,89,-17,196,49,1289,16934,-1,623,1965,41,5,13488,96,112,-4,1163,438,801,103,49,4,60,952,86,334,72,12,56,70,3781,1065,-14,144,-2,246,931,-437,-17,2549,138,-101,167,394,332,-83,69,105,33,82,-506,-145,46,434,-343,5,480,3790,425,244,77,389,62,515,20,235,346,-98,28,9089,151,-7,244,41,-24,82,27,102,118,-7,41,365,183,449,421,70,25,73,158,202,-141,324,320,-38,225,105,-43,-255,222,323,4,12,125,-90,-34,92,166,-17,333,658,187,-262,15,-241,-18,90,2581,79,-11,225,190,-41,-46,49,37,-15,265,111,197,-25,150,-555,118,158,64,222,532,135,-37,27,102,-11,-36,-428,1716,28,274,460,-11,57,105,547,179,54,28,753,873,1328,391,525,311,-80,50,64,1111,80,229,67,41,-365,231,79,72,79,-70,67,248,746,248,859,-108,30,-67,1199,115,398,13460,503,186,37,-50,278,76,51,-4,14,31,402,613,44,840,36,37,82,138,31,314,76,600,580,177,284,529,11,25,96,362,-30,-47,128,235,49,90,5,30,-192,-64,27,365,-95,-37,-384,4,14,64,-28,67,-75,411,-340,218,96,10,-46,-210,150,-85,18,222,248,524,347,37,412,24,479,213,245,290,23,168,567,50,-20,339,11,570,125,-1,51,762,28,129,-25,1804,85,225,1594,642,316,131,18,40,24,613,290,111,0,271,-67,324,114,31,-379,-763,41,-181,44,41,37,373,-38,80,-69,210,108,281,-4,47,788,10026,50,-112,6802,8,-64,70,-332,64,869,155,5433,218,-20,8,-79,463,-181,199,109,210,140,60,580,-255,101,918,166,-154,1311,2931,295,-60,13721,161,-265,477,160,4,59,99,-4,-150,199,-306,525,-18,290,-41,-125,116,10,-27,95,1208,177,114,347,1074,1286,18,30,-125,1328,-116,98,358,116,145,-566,102,173,1976,166,70,252,-115,-215,219,121,57,-24,92,-36,85,59,229,-95,-37,19203,86,20935,22230,12072,37,-99,-15,-27,-346,160,277,5111,-17,-24,2419,-30,1162,-190,160,-96,616,628,24,281,118,164,352,99,1,316,-99,-395,336,-88,213,-31,92,233,7495,57,453,-44,-332,-8,98,154,444,311,67,-89,95,-67,-72,173,1248,163,321,498,1061,151,301,577,184,480,366,776,739,99,219,75,37,427,580,95,49,5805,-92,23048,912,-1,30,106,-280,30,20,382,72,46,41,77,98,134,-12,73,37,56,24,-24,184,50,-27,142,43,319,1290,34,1,272,3182,-41,105,-1,270,18,47,-10,148,25,49,187,-238,-15,145,-138,127,64,44,304,258,-10,-70,15,108,1423,-82,177,50,132,63,698,57,60,69,-235,272,1594,337,89,125,235,-161,18,11,116,-1,363,112,502,2092,-503,99,21,2,5,1520,525,9828,1192,-311,3692,584,33,44,1,-192,311,-219,174,225,109,257,701,885,128,-101,6820,7,-31,194,-8,199,651,60,-44,713,1869,1221,-108,5586,909,1114,-5,271,-92,134,675,580,127,1507,163,-7,99,85,329,815,199,119,664,372,-70,-8,-8,85,210,56,131,333,241,-122,254,64,2164,742,137,119,463,38,116,1683,63,10,288,-23,18,359,135,1944,60,-7,72,424,7,378,135,750,53,385,285,-141,12,412,436,372,173,122,916,-2,-77,242,215,199,196,-50,59,7,1,-62,573,450,-67,176,-287,820,44,3328,258,-15,360,33,51,131,-184,401,-118,2057,258,21,814,362,694,56,157,218,85,-28,-1,-144,-73,-1,329,34,-30,268,1367,80,-511,63,-99,-46,-7,111,-174,-21,255,92,316,106,1402,177,20432,3338,762,8,54,69,-11,144,2,-40,190,232,15,-20,-57,18,102,-92,586,60,-202,72,7685,-298,8,76,-59,444,1750,-23,781,241,313,-92,641,267,57,924,228,1110,347,-79,15,33,-176,-8,1259,109,613,89,129,-15,584,-69,399,180,90,-33,145,34,560,-181,138,1023,307,5,10897,-589,2793,34,2,258,-38,922,83,-4,90,-620,363,200,86,38,-10,-51,298,64,460,-38,467,46,67,238,987,4024,3783,93,-27,121,54,-67,-47,-53,-43,161,34,226,459,-96,184,17,-127,95,147,51,-106,125,248,1130,275,-7,-262,28,4097,144,616,15,57,365,34,-209,77,563,-101,157,-72,-59,83,127,30,56,70,10139,-75,128,346,-173,532,131,443,66,176,355,56,-960,1,456,311,-36,47,356,160,2,-63,1147,7,34,19076,323,176,-101,193,238,235,1,222,181,183,34,-43,553,399,-90,453,38,-880,-83,-293,-109,160,768,-36,-64,-14,1666,203,-83,21,13049,635,75,144,128,251,-31,-259,239,127,2308,-114,86,134,342,1695,41,141,417,1326,60,-313,24,50,-228,92,226,407,28,226,368,-142,799,-115,859,14,821,17,248,251,1055,70,186,-43,-141,3014,420,-59,125,33,43,27,41,-51,661,2733,602,645,392,95,128,37,317,814,6841,404,-21,80,-108,205,433,508,96,257,349,15,60,463,200,628,77,352,70,129,394,95,-106,1,-79,768,1812,554,-157,473,1121,219,553,-30,-24,186,423,529,173,906,555,300,24,17,-147,119,18,-12,173,-135,493,33,316,-219,700,108,-218,85,2766,1166,121,-96,-77,-44,255,535,347,-280,768,-60,77,-49,366,317,183,205,-38,10,544,226,-28,2,-53,231,155,246,-57,177,1377,21,-1140,75,25,75,522,5,301,18,329,301,79,134,207,399,98,124,12,64,427,2050,73,-62,-40,-184,-38,99,-88,275,-67,24,304,860,151,333,21,115,568,-54,1991,119,53,310,225,98,77,553,-417,90,1,1976,323,1,244,508,124,69,-317,317,-90,-46,75,-33,160,-28,265,267,-111,245,56,131,151,-17,86,8,72,111,-76,10514,275,118,-106,66,44,132,-38,619,197,-124,63,197,316,-77,177,952,20,-77,12,-2,-145,-20,903,-43,615,385,-1,-147,-25,27,209,-167,44,-49,-160,1256,137,187,277,-499,-33,41,53,86,193,128,257,66,-115,-118,635,-212,88,547,590,-138,-151,50,333,135,135,1195,-283,41,-7,-44,37,-88,131,-60,76,41,50,43,125,7179,443,450,-116,480,129,108,610,-28,291,8,192,414,-158,216,148,-399,399,-151,154,102,431,73,-53,316,-10,43,140,-301,41,67,-222,24,49,203,24,-8,17,277,112,270,12,345,-73,659,3403,265,-8,495,-124,740,337,174,20,88,51,509,82,72,-44,207,167,1826,62,493,194,-20,21,-685,323,199,726,132,53,-12,-1,589,25,1165,-27,1726,47,-93,1244,119,166,164,28,54,-38,-207,281,275,4,-337,-137,145,53,4,163,469,1100,-245,17,88,376,20,20,-64,51,67,216,77,160,229,17,430,-28,929,368,772,14,69,215,929,506,275,347,56,154,8435,310,2033,181,14,1501,330,285,66,0,262,-20,386,-11,-33,-40,518,290,41,83,-90,20,118,1064,205,101,51,20,349,1656,14298,11203,160,-56,128,116,25,-10,784,1,-15,96,145,40,235,-63,-40,311,-49,98,47,209,102,-79,50,38,288,371,83,232,21,218,62,43,145,186,333,1033,57,215,15234,23230,12573,9584,16077,24371,3403,652,2588,145,-114,399,41,163,488,144,128,-306,25,251,76,-30,122,275,184,135,5,356,36,90,-1,324,270,41,760,30,82,-49,79,-20,31,-85,333,28,-138,246,115,254,86,187,-56,207,587,-69,75,-38,119,365,278,-186,36,300,-54,-4,92,75,506,138,20,34,639,93,293,1,402,-106,228,4,-40,25,47,25,596,128,40,-51,24,-248,489,92,31,119,245,215,-167,2,1335,323,131,-82,-36,193,2,184,174,-34,303,-36,-25,729,-11,-168,431,83,64,363,12,1,222,257,70,72,1290,18,109,115,5,76,392,271,241,5,268,54,1026,46,410,1243,272,444,184,86,222,92,-51,381,184,-41,12,-79,355,138,160,15,187,275,5433,56,8,599,21,-23,76,27,80,89,-127,480,106,49,-72,38,7,4,31,-1,95,57,47,-101,12,320,95,-10,571,-14,-50,1,62,17,56,334,77,502,171,-189,389,271,239,866,12,899,49,77,-57,4799,34,242,-11,382,-194,436,-76,28,96,590,-206,752,-27,818,14,151,248,265,285,76,-28,51,-49,86,49,-54,108,372,147,138,298,-25,421,-96,-95,628,462,1331,121,-21,92,31,-21,-79,69,301,62,180,267,184,265,346,-59,798,21,-215,347,47,-50,-12,225,80,261,-278,-4,480,862,272,-109,258,-24,77,103,222,147,209,596,90,76,30,77,202,-38,528,226,62,137,-606,307,-220,98,-64,47,284,14,2,463,-206,30,122,-27,-18,870,460,219,118,1082,265,550,109,-25,405,7,-98,129,-49,153,122,642,75,99,163,0,157,-449,466,1331,239,397,291,10,-10,105,23,1793,349,-56,34,140,1279,59,98,30,726,954,326,233,-44,4,206,-382,-27,-15,49,108,79,108,140,402,642,210,132,82,-205,-531,1048,128,238,564,-18,59,293,436,106,635,73,38,719,157,213,1403,131,-17,79,-90,-395,-18,116,83,-310,602,15,-187,-69,46,-101,258,451,1191,142,-283,366,346,-15,285,36,53,31,80,56,190,93,470,166,-63,-44,166,-43,160,0,665,-147,235,544,-18,-1,180,-8,111,515,187,3293,150,1313,176,127,427,626,395,892,160,423,-43,64,30,2616,-11,124,414,-15,319,1445,329,-40,976,938,-93,49,64,-14,-128,28,67,241,431,77,135,-88,414,59,453,-245,218,-38,765,-723,4,-44,271,212,350,189,321,47,-228,-147,106,-2,-241,502,-2,119,372,239,238,-98,-99,488,17,5,-92,294,-15,24,547,525,259,392,304,69,220,15172,36,818,-119,153,215,591,-238,76,-80,-36,983,46,-4,373,668,-11,437,226,228,144,54,324,128,1569,4,41,658,77,96,6753,121,278,678,695,222,482,1462,41,804,72,568,11,306,206,137,21,2028,161,-612,823,553,-220,-23,-7,43,412,955,153,228,186,548,43,118,-5,251,-479,-18,-2,841,301,1129,135,629,-101,-2,254,51,41,-49,313,944,10,636,-1,-7,24,38,-88,-5,186,73,114,73,-5,21,132,659,912,766,190,1039,467,-36,-547,-11,-106,-10,171,-145,887,-90,898,-168,-216,36,141,115,926,11,-30,415,4,1,43,77,334,417,433,202,31,15,241,60,480,53,164,281,8856,515,378,60,23,290,5,50,144,218,207,-2,160,229,10,535,30,23,44,-34,23,102,5,1679,108,-8,54,160,218,-206,-12,428,11,46,49,-125,-119,54,-612,-77,114,469,92,151,86,118,558,-4,521,-44,155,2,-23,43,-60,283,1331,294,147,-34,49,-21,83,202,-586,695,-28,213,-15,2210,79,150,-36,8,-25,-223,-215,-79,86,196,205,51,121,161,70,1240,-8,984,-62,-28,466,-1,-20,-21,-1,108,11,-21,11,937,859,51,69,-50,-17,96,870,95,593,225,690,-50,28,158,137,184,-20,57,115,-31,103,171,366,294,290,23,480,14,118,24,43,724,729,431,645,-719,174,47,63,137,477,1,207,4,31,295,90,127,242,-160,59,72,69,103,-125,427,44,-50,-7,574,96,40,873,460,10,438,-11,88,2,711,384,-17,5,51,308,-11,353,297,25,-12,17,802,397,226,-140,785,695,270,72,1043,5,701,46,228,-49,-127,148,261,-300,4,145,-157,108,174,23,392,700,691,372,272,288,1491,1308,23,154,538,43,77,24,379,-241,-151,246,-7,10,-44,267,-51,53,215,708,-118,310,64,180,101,274,-223,1750,310,-12,34,285,-49,179,398,153,527,431,-36,163,-7,-82,-20,196,457,125,7,122,952,206,50,701,-95,93,72,453,125,222,118,864,-7,505,-200,82,11606,646,911,127,-105,131,36,1709,362,750,-128,151,288,51,467,53,36,108,7,-271,236,4,-34,20,8,138,-5,90,187,-538,200,-218,69,69,142,384,424,776,102,248,444,249,147,-17,116,2964,408,441,77,66,41,477,2,688,220,30,30,170,23,674,49,47,18,-44,127,-17,2,155,-18,-44,-49,82,674,119,-27,-37,44,8,293,-53,456,733,371,-54,-7,15,53,-59,226,148,14,274,-73,183,622,176,730,-73,144,192,0,415,-2,69,69,655,293,30,17,535,-18,103,-259,-20,-337,-53,38,241,-46,82,103,75,-190,-378,290,148,1319,284,36,-750,63,40,-397,-210,869,69,-46,-7,51,939,-11,391,271,200,49,177,20,255,174,-64,64,177,131,157,257,56,31,-14,109,620,340,108,36,15,20,372,298,-54,-254,-72,209,209,72,-38,116,96,-153,1452,18,454,-108,140,875,459,540,154,236,-151,82,535,38,-129,268,-24,36,11,-4,-7,301,285,-431,766,88,-34,397,368,521,638,158,119,1126,50,203,41,186,-132,355,-1,332,111,-170,4,1490,66,132,168,-41,693,5,-106,-63,-20,427,21,447,141,105,69,125,-60,-18,206,25,24,4148,506,15,150,347,-43,79,-164,597,773,591,290,346,5622,475,-222,3089,25,-34,218,53,134,115,373,111,8,63,127,-343,125,788,-73,-44,779,30,37,-27,3947,21,3605,-340,5271,47,67,12,31,16170,-4,54,24,-258,-11,34,137,404,-10,307,2103,-63,2614,36,-64,-111,698,27,434,41,93,460,236,66,5254,-768,21735,158,529,-53,190,76,404,363,804,1106,-127,20,157,33,21,36,270,293,103,51,908,-14,-10,85,-311,760,137,-166,115,-30,-21,615,-769,83,25,67,8,-62,-34,67,27,157,-18,145,2,-24,23,-285,22238,7,183,31,244,128,918,24,225,285,-46,14,-64,-60,-261,213,135,90,69,20,17,785,-73,145,4029,207,77,0,241,-384,-64,5,415,421,10,168,954,77,229,-1113,508,324,2460,0,1698,-111,79,363,347,700,4533,306,-50,0,135,591,375,-57,229,171,66,837,-43,-30,27,-17,4951,724,-36,-193,112,2884,554,7,321,1630,150,147,-47,1771,-56,77,114,17550,-17,49,21210,1572,-134,1552,10,105,524,1507,-30,1282,70,51,272,-231,449,-4,272,242,283,67,-141,28903,150,44,1007,145,90,28,15,170,-163,-57,14815,3234,-56,37,54,79,-14,34,228,-196,-147,-18,7,-181,-56,-7,-5,-281,63,-124,83,145,654,150,358,144,46,782,20,-109,766,-103,5079,1095,222,-10,4698,174,-111,799,144,-288,-2,11388,209,-17,-353,-27,60,-17,424,892,59,53,521,-37,-12,398,70,-18,122,462,218,617,408,75,213,77,303,176,15417,2282,44,-62,-60,21,15575,974,506,80,101,1324,1585,-53,118,54,108,440,37,23204,8274,50,529,23,176,750,554,193,499,-92,5849,-122,20,187,220,-51,-17,193,4685,34,-160,-12,43,-33,535,-27,-28,75,3972,381,127,4,-66,-38,50,-23,108,38,-321,-70,385,95,-2,1113,2226,395,820,50,343,-109,1335,3768,414,76,137,18,281,-40,-25,167,96,128,652,460,46,99,-4,177,385,264,12,566,-67,1416,651,639,193,399,14439,3117,-4,49,25,99,168,-119,-38,558,73,194,24084,62,138,-212,4,-102,73,356,589,382,83,-11,290,220,375,167,875,662,-30,-66,77,12634,174,46,90,111,15,-112,-36,67,18,127,-30,53,288,303,34,625,274,259,14,-148,28,-8,215,493,218,246,1878,262,223,392,93,4,109,77,151,573,928,28,472,62,281,82,14082,-239,-337,15,233,239,90,1006,128,4132,-95,67,40,340,4034,-14,327,-21,259,73,275,24,231,62,-70,-174,864,158,23425,8370,46,938,2357,291,571,83,939,496,2581,89,67,563,-425,-137,1334,98,23,200,244,82,6649,394,5,346,15,-43,2318,375,2717,129,1819,449,57,88,186,245,687,181,-267,-116,540,-141,488,16935,-69,77,-47,7,576,96,934,384,166,161,102,20,265,-111,554,363,330,1651,1185,73,54,109,160,540,298,-4,475,183,11,203,639,37,407,-140,-7,267,1672,41,69,147,76,64,2,404,21,135,-168,566,144,-40,12,-67,47,271,457,427,114,821,729,-90,41,23,206,-38,-46,231,1017,-36,30,-38,295,90,1208,-47,3726,-118,17,-47,-60,-21,106,83,-145,379,111,-124,2121,277,142,36,23,4832,236,389,96,24,11289,756,184,25,102,-167,594,14,-69,307,846,350,2,176,21,75,76,649,1072,1344,669,50,319,50,189,271,873,1155,20574,505,4878,255,177,121,320,294,57,124,-140,-80,-1,77,134,2149,51,44,47,-8,-27,-109,212,-21,7,1862,160,-31,10693,33,1058,1494,-363,-54,56,-37,226,15,145,50,428,-14,-14,1413,183,293,-181,125,122,111,54,226,-134,-14,226,295,121,20,147,11,300,-103,132,144,119,25,0,21,66,-121,24,366,225,111,54,72,111,456,499,265,180,-4,105,-43,-14,-12,158,189,567,28,717,261,-72,-114,-73,106,-51,205,-8,-258,141,38,398,-96,-288,297,270,176,-24,-17,118,724,183,-259,-8,-10,701,59,283,83,233,-115,394,251,-203,4,-225,85,50,733,131,200,25,18,62,14,20,14,343,10,902,-21,385,59,210,1345,82,1,362,571,119,368,470,62,28,293,375,83,665,41,925,47,-23,-218,-41,219,-70,257,831,244,281,319,-190,184,181,-102,-101,469,958,147,-106,24,-550,103,27,11,-8,-57,8716,-76,391,27,189,-44,76,28,-101,-12,268,701,67,238,372,438,105,-160,-135,25,641,294,-40,-5,145,1038,277,241,333,-69,404,89,259,40,241,209,21,-449,-23,-122,216,667,121,95,30,486,21,291,490,265,46,-17,62,17,368,-54,376,359,-142,142,131,-912,231,60,334,278,1091,-53,-187,-106,441,-85,514,142,853,33,-428,111,376,912,825,76,372,-560,76,667,-66,56,187,38,51,1009,1588,7,-24,106,8085,1747,-54,140,-121,-88,772,428,27,-235,150,47,20,-12,114,346,187,-24,23,0,-64,-41,-50,272,-294,168,-18,236,17,1081,163,262,213,66,50,444,-34,283,-31,589,63,246,-41,987,892,109,-213,394,606,-37,259,119,-63,180,-181,5,514,-129,24,-254,90,281,521,-50,14,1,-34,69,-46,-27,-129,-18,127,704,54,80,25,18,43,-30,15,-1,21,98,53,-114,719,124,-60,-75,187,99,72,-207,106,636,-284,93,394,-76,36,-79,-157,180,607,4,124,137,63,311,75,10,531,-105,119,1,248,-142,-10,-83,25,265,21811,965,-108,987,1800,5,-59,336,210,179,-31,-41,150,-306,-124,-31,239,1350,336,36,-15,-33,-51,46,190,567,36,31,76,823,3826,489,-15,34,47,66,20,96,5625,537,10,-60,72,-38,18019,830,-23,12554,239,5,-108,103,44,83,14,368,795,33,89,186,189,436,291,10,929,66,-245,17,210,33,616,462,231,30,36,5,154,23,51,271,3061,63,1046,171,-86,-25,-53,-5,125,-40,450,38,449,830,18,200,150,-1003,170,-41,70,121,-63,40,8,105,0,459,216,108,8981,1326,-7,166,-27,4,776,-179,495,44,-23,1156,30,118,319,6179,531,758,463,879,248,160,249,1103,294,-190,209,148,-404,-20,47,23412,-199,609,375,124,150,-67,17,288,0,-88,-46,246,-99,-147,-147,89,830,0,-281,0,73,-275,119,18,-2,186,23,-231,241,22198,-187,280,60,8,479,271,138,14781,3502,0,257,-24,-258,1451,612,215,220,77,345,779,144,23,449,95,674,122,17,268,347,324,524,-112,-47,326,-1,34,566,-43,875,-368,131,18,-21,23,255,145,-12,54,765,-153,446,155,73,46,1231,-112,-8,33,98,23,220,-44,669,-66,41,-36,62,27,60,-30,983,766,830,270,77,-62,-15,339,12496,25,161,333,258,-17,805,268,-49,411,92,11,1002,275,34,15,85,-179,-177,-21,317,60,30,395,1003,-20,17,101,203,135,-17,225,168,79,158,88,-62,262,49,75,-1,-140,-342,454,161,1,-501,-44,308,63,232,105,278,1043,1387,-36,756,-30,209,69,-31,116,8,17,-12,24,-4,66,-36,352,-215,63,34,49,-54,134,72,251,43,193,281,306,-20,-82,-49,15,-103,-85,27,160,277,79,168,64,77,30,-11,255,-2,447,619,59,521,129,49,-102,137,381,93,-93,70,40,15,59,1137,-89,53,-14,101,142,75,-44,290,1009,-5,-59,-106,740,254,157,-4,106,21,21,92,-15,15,1290,-30,327,134,8,3520,245,-15,-40,43,15,7,59,41,-8,-101,-469,278,209,3923,1163,-38,33,121,121,72,-1,711,-1,-2,551,62,20,525,228,576,-20,171,50,268,40,-34,1504,108,-2,-83,-12,192,257,-37,18,43,49,72,41,-102,2955,95,-103,-297,-684,1121,13650,17,43,-7,-86,5,-5,-129,-56,21,1046,209,101,56,2705,93,1999,-47,669,54,-10,-36,24,99,782,21,-1,-347,34,218,96,-98,111,93,449,407,721,635,203,-1,131,-564,248,-111,24,4824,15,128,154,277,336,454,359,433,82,10973,840,-33,-1,407,54,11,109,-14,161,-12,-10,54,72,-4,-70,1069,945,20,17,-206,88,0,265,80,-257,-63,70,24,46,25,521,-27,-31,28,277,-59,-11,244,-15,76,-1,180,-44,274,171,158,428,127,-67,153,-72,389,-134,155,350,5,105,-46,2445,-73,46,34,1090,830,-27,-258,438,258,408,285,-72,1376,1186,883,2219,-541,1026,-38,-57,1140,64,72,8,229,-431,42995,62,714,-24,210,-24,85,88,-14,166,102,-36,7,12,277,-12,2796,122,1132,278,363,-101,69,726,-82,77,-98,-17,-157,-31,310,-24,-119,-145,-103,1098,111,-36,-194,-11,1199,164,-67,-264,80,176,49,444,76,-187,876,-23,-105,-142,-102,1376,1673,167,-80,-255,2295,14,39600,26849,-186,313,-11,2607,9199,733,15,-199,103,2451,-63,-14,20,119,483,756,15129,17706,75,-21,98,67,82,-76,-12,90,131,70,241,801,160,-122,-43,49,-225,-317,482,72,-75,64,40,21,-551,470,153,-54,15,-75,103,547,-82,63,-63,67,102,-249,37,-233,80,-103,2809,63,477,323,25,356,246,639,-119,239,313,14,-41,-5,145,-30,-27,-79,233,-168,-60,15,441,607,2753,4092,1872,5157,-56,33,72,96,103,-34,759,-82,-40,-64,82,47,284,79,-28,389,79,-15,-106,-82,124,1145,-10,447,-49,101,67,111,-96,96,3687,-27,-50,116,329,-664,326,-148,245,80,46,21,34,-7,-62,109,506,560,314,202,95,147,70,0,-31,15,218,-1702,268,187,225,88,15,275,375,147,-170,60,-576,294,1029,486,957,833,98,241,-127,37,-53,209,96,-8,540,184,879,355,948,246,212,50,847,89,179,98,512,88,25,352,-27,808,-1,-21,141,86,-118,729,-23,236,72,-92,10,-124,10,-189,134,141,-782,453,8,-98,-138,144,529,13213,232,-163,17515,-83,-7,-46,-145,395,1020,1035,-1127,418,46,66,7655,2698,3609,57,892,14,-12,115,17,141,-2,118,20,-15,-141,-219,4,154,2606,153,23,467,693,-70,88,-327,-47,199,46,-131,119,-8,-92,15,88,506,218,-75,95,109,132,352,480,-141,355,63,805,1000,49,119,-54,752,386,66,163,-50,1397,1396,721,24117,24046,27,128,47,-118,-72,275,436,41,1546,258,-27,38,66,99,187,122,-270,112,-18,-56,41,44,219,362,257,-77,277,18917,241,31,112,258,-85,86,127,-73,200,28,-181,-236,75,1049,291,12,662,449,-14,-189,766,76,1146,314,14,-150,51,-733,17,115,116,2168,34,28,1471,41,-93,505,47,-135,200,-83,-23,88,219,287,-8,53,193,85,1153,-62,206,535,-57,-60,56,66,-34,108,794,-31,326,398,-31,43,-228,249,203,376,-433,-219,-79,-180,-10,50,1133,-79,532,228,183,-67,-46,90,118,85,-17,73,-33,142,44,-24,-46,98,-148,373,293,740,-116,-27,570,257,10,75,90,496,69,649,-122,10,496,-17,30,119,245,79,5,111,202,17,-225,-53,-124,-103,30,33,385,-232,112,-118,50,-518,18,-1188,911,103,77,132,46,411,464,14776,213,142,834,43,82,-187,-105,590,37,77,5369,105,11089,-7,-28,12511,886,219,-23,-213,-21,749,95,1451,-38,623,1329,750,283,-41,66,-60,11,-102,-109,-160,233,495,441,138,5589,-28,105,695,-27,-15,437,96,4,164,75,192,7,249,62,210,1787,7545,-5,37,28,-80,-25,-89,1178,226,-23,691,3856,72,3043,-220,-47,3079,138,-5,-47,-477,889,-118,369,-34,112,-268,1074,166,-590,24,554,59,262,77,604,957,-36,336,4042,-218,67,438,516,229,225,99,80,2070,2353,-184,41,88,129,326,475,106,841,261,645,4,118,262,121,-24,257,166,-353,-24,505,-15,30,-555,-66,2040,56,-27,443,688,577,-82,-23,1,36,620,612,50,-59,1143,8731,15,98,365,-64,106,23,317,4130,59,57,92,496,994,-33,86,427,255,93,778,-15,89,821,392,5,476,25,160,18,-14,545,3381,586,121,-313,21,-106,574,10,12,-85,23,-21,-41,568,157,196,153,-176,-233,124,532,-257,284,2161,70,-8,27,177,7,232,106,1178,-118,54,213,-33,512,37,47,-207,108,-148,6747,30,-11,248,11,-1,352,229,285,174,167,334,-77,2398,59,80,2,77,-14,251,89,246,88,625,228,294,537,863,30,83,199,59,-7,-17,1012,-36,330,639,974,321,382,151,-349,20,106,-10,86,-93,-122,59,589,60,31,4,88,99,399,174,-14,173,-34,-1,-2,115,11,116,-358,405,-47,9541,4454,47,112,73,929,174,20266,-7,119,98,72,-418,-27,77,290,15,395,190,184,366,14,-167,-73,-38,-181,30,-40,31,797,82,-180,-24,-202,134,-12,466,327,67,824,388,-21,33,170,83,-4,-7,-23,-166,333,114,155,-7,290,-311,317,-231,127,488,239,-44,12,-93,-46,92,-62,215,425,1264,-138,609,719,550,-31,-661,-145,57,101,67,-108,1549,10,18,141,-150,-41,-63,27,115,-433,-70,518,174,-90,456,-684,-17,-49,141,60,274,428,15,197,745,1067,-21,219,154,131,105,1467,66,-118,141,-14,281,15773,333,67,10,33,210,-18,46,2209,199,521,550,1386,-98,-251,176,275,44,160,101,-46,44,418,137,267,-359,33,49,67,14,483,454,-186,-591,24,8,293,418,2900,3830,12,-14,503,5,2285,38,47,205,-838,329,40,786,307,784,-4,1469,115,-155,-241,-275,86,109,1521,-1,95,25,179,62,40,319,-181,704,-190,-291,-304,566,-90,-116,-40,121,-43,98,21,36,245,779,1,-67,-456,10,-5,3595,2,-137,-405,385,9635,-27,222,-2,786,430,27,209,1615,-288,59,384,379,75,23,633,-1,43,21,264,-21,92,454,131,-255,79,-249,-125,280,-46,-105,99,3331,-11,254,-85,-82,-1042,96,1114,1303,363,-1417,27,50,-2,229,7,11,-85,449,246,76,339,359,135,238,207,694,1513,333,17250,1633,-633,630,-37,67,49,-14,827,-67,-954,-1006,-323,625,-7,-353,1458,125,63,483,-31,24,54,2715,-38,-34,38,417,210,4050,1510,-101,736,311,-137,828,3667,186,38,-79,1085,24,12055,-222,-2353,-2708,-8318,-590,11,456,921,40,14,79,-34,171,199,697,11959,8953,44,12,-92,40,4893,272,1160,62,37,124,158,-168,746,129,-21,701,207,96,-36,43,375,495,681,12,3703,-2,270,4,-327,17,23,662,212,82,-50,88,160,-53,80,0,-25,15,27,-122,197,488,274,124,1036,-41,88,-225,-10,498,167,427,108,-17,-27,17,-268,145,144,337,980,733,430,7,17124,-4,-4,8,28,-23,238,310,14,-300,20,-44,-75,1038,27,-93,-170,-38,265,-50,823,33,-15,-108,46,317,40,-59,-105,34,121,56,-34,15,-43,183,200,154,10,205,24,150,-77,476,46,106,44,667,1,51,54,18,86,375,21,47,522,-5,57,56,174,7615,-47,23,-41,5,115,255,14648,59,213,-66,-50,363,-127,232,-179,44,103,108,1557,1300,103,-33,350,161,118,124,431,1624,1430,220,99,5,-21,-5,-4,-73,542,75,62,223,96,-83,82,-53,4,1058,877,-47,-186,-691,862,301,51,313,101,54,-197,1,40,171,75,1215,64,334,3424,695,511,-33,1171,-801,252,-21,311,-1,37,-106,-23,-80,205,-47,122,36,-25,51,3749,538,415,70,176,-27,-73,-236,412,295,-27,623,21,252,937,-310,-229,373,415,59,73,-28,388,-28,-131,14179,277,329,3679,-8,83,6493,7170,893,-488,23,86,262,-135,41,-469,12,-30,137,189,3267,-381,630,86,-85,408,633,1012,184,37,17,209,252,1015,506,-166,-23,14,-7,147,10354,451,37,8978,28,245,30,-24,83,27,-18,27,83,8,-56,-75,-4,228,119,423,190,-529,203,127,235,3972,14440,21449,732,128,-112,21379,18125,141,3899,-216,75,284,50,33,50,5,5,76,79,111,288,36,-599,438,103,593,0,-24,18,625,173,63,63,-62
47,-243,-218,-163,182,-289,-268,-285,-172,52,-134,-140,-321,-439,-149,-56,117,-31,-243,41275,84,178,-172,-14,-271,73,18,-2,16,-23,102,18,8,-462,-212,-191,52,203,1466,-18,-189,-233,7760,9582,16248,6858,12511,18311,254,100,216,170,851,323,968,-56,268,84,-132,-4,65,-212,1147,35,-77,285,172,1548,239,582,-451,-369,769,-277,-365,-39,-56,-27,180,853,8,195,802,-67,39,136,346,102,674,432,92,342,159,754,542,235,-142,-27,250,86,-54,25,-226,260,287,241,88,3038,596,-693,472,84,42,168,254,-647,-174,8,54,130,-296,-42,0,128,998,10,-245,111,73,317,430,329,-260,94,126,-2,357,92,1445,504,565,-157,130,151,294,571,306,54,661,44,445,130,-73,-2,920,531,117,388,-237,897,-63,1399,252,1632,329,6,56,1172,630,638,516,2008,-42,2,464,107,113,220,27,-18,235,762,271,6,-54,123,-44,-79,-35,-323,-258,3339,0,35,-75,777,2284,216,25,25,1035,237,485,302,58,31,317,-96,2771,1008,863,44,-176,136,132,6713,-687,619,1607,27,983,2927,-142,189,-2,48,19362,-84,1666,1199,0,2,327,540,401,302,172,445,498,2006,487,5148,214,3610,33,12,63,-67,138,714,432,-84,485,628,-21,369,-254,58,90,874,-6,2719,790,-617,113,-96,-31,42,-380,-94,96,-84,90,321,357,1561,439,275,258,-525,-50,73,1084,4284,231,107,86,128,468,878,-111,14407,1891,1723,-60,760,479,447,172,1491,573,296,182,214,-2,340,105,289,3158,275,65,-98,945,-77,268,617,170,189,54,126,56,329,2399,1410,1191,172,111,930,1912,138,157,1494,1307,869,123,229,334,369,1134,1178,397,266,558,1168,247,-94,67,676,235,-130,1094,292,48,4148,193,285,197,1136,136,-31,63,811,752,489,2317,86,229,-79,1407,874,613,1466,-75,140,224,1304,722,-37,590,1273,243,126,-14,100,1223,1109,1176,-651,235,134,-50,37,12,48,-193,-56,254,-56,254,672,624,302,645,695,300,380,340,6,-216,-67,134,779,1065,-138,-50,317,220,241,386,-37,168,-35,176,666,874,289,-54,939,163,170,88,1815,199,-254,161,182,498,359,687,481,361,3065,18,262,2,-92,-384,176,18,319,1138,1384,147,1435,672,-132,-470,756,-422,138,-27,191,29,958,2252,-247,52,-142,-60,-205,313,25,23,60,168,479,60,712,281,102,1861,268,374,638,325,1391,134,-84,142,294,977,23,266,-18,-105,132,119,428,407,94,388,210,-75,247,1525,479,1351,390,25,3280,193,-380,187,155,174,48,-31,1235,666,231,783,252,535,546,172,-268,798,1000,477,540,325,342,8670,332,666,306,1727,405,741,1124,6,65,413,3967,540,302,100,365,-239,73,229,-42,237,56,44,1054,1525,29,6,619,-33,105,296,15873,71,-23,264,426,25794,105,-369,960,-132,123,201,302,638,510,523,294,142,1141,14,-229,661,353,1309,197,388,968,1597,315,447,338,136,-123,613,128,445,126,300,88,96,176,-14,401,397,334,491,-632,319,-69,710,268,-222,18,42,283,579,-37,256,-205,640,1248,-287,44,-60,327,10,420,-195,73,63,65,170,941,447,-258,-75,6,1195,14,552,170,2,31,851,71,489,1721,338,136,-79,84,565,258,163,69,256,-50,84,388,-33,716,491,287,1754,1361,1193,-107,58,1132,298,399,764,-79,737,371,540,731,-65,92,159,376,-327,174,16,-199,-92,479,376,622,334,92,254,867,107,701,605,-54,21,329,235,579,-258,56,117,201,332,142,1025,382,52,567,-12,130,289,208,382,29,172,336,985,817,479,-1548,525,69,-21,115,874,25,437,63,321,477,424,266,-8,226,56,493,-86,-14,498,273,7172,140,174,147,268,954,-132,304,584,-437,77,399,1924,187,105,-247,193,201,-874,-14,58,56,332,-119,1344,155,130,84,1605,161,134,-105,485,909,6,1849,344,603,-37,25,-60,-31,189,1550,-44,229,138,100,1626,506,39,-16,3593,1374,308,-119,619,-63,2425,2242,1777,195,472,178,52,203,21516,407,105,3400,811,1069,289,428,134,611,-500,-1174,216,-134,-792,-144,-905,-174,212,-264,222,374,3028,886,214,-174,-279,390,756,-178,395,-75,88,37,14,323,54,-81,-161,430,44,203,1613,119,37,117,-407,287,-178,29,424,42,-50,-182,-65,-136,10,132,443,-79,-222,-130,1288,214,134,121,2527,24405,271,-31,142,1924,-281,-2,-607,6039,151,-79,44,-2,-18,128,645,136,24378,325,23,77,262,256,-14,1027,113,-250,12850,-229,-98,-25,-107,1145,26019,-12,-653,92,142,397,100,346,-285,1733,285,111,18,54,4513,-71,1681,487,23523,1395,-39,237,313,132,336,88,-418,161,-27,31,10248,-98,65,-111,-142,-115,395,428,-60,-243,-416,275,-2,-52,758,67,12,-365,586,1002,-23,-275,136,619,44,-128,180,311,176,508,706,224,573,121,-176,-94,10,147,-56,277,-136,79,-363,-218,-16,201,-42,8,-98,628,136,1239,-37,-176,16498,-18,687,113,374,65,-138,-138,-73,-90,-174,-170,336,8857,220,409,-176,298,0,180,563,67,-6,65,92,180,-281,-851,19194,329,63,-84,6247,-170,37,2,13635,-344,382,231,275,-48,-105,-943,489,302,254,-252,308,-90,1132,876,115,208,92,-239,-323,445,638,298,-113,-140,100,-544,149,537,865,491,983,275,126,-75,-21,140,2221,203,571,-170,6108,-92,300,884,926,-428,54,191,8361,680,533,287,2126,239,-63,189,3927,65,1342,50,558,71,367,42,-144,189,-4,332,340,60,575,247,121,-2,84,4660,1805,319,371,901,0,319,355,890,285,865,888,-77,111,8,-35,1197,-18,1500,416,-25,636,-35,5018,92,4,390,-386,-92,48,-159,54,-65,-14,-60,510,1655,241,966,-90,16,-14,-6,233,84,2410,8,407,205,-44,-67,92,157,-94,273,-77,147,1382,-159,-117,359,-222,697,-44,624,1048,98,876,56,409,-56,441,195,-2,138,56,88,27,252,872,69,6,-2,77,-12,161,226,-174,1180,392,-273,384,60,84,384,-262,134,92,617,-98,237,-60,176,6,241,-18,-233,147,1803,-166,-712,147,-485,37774,12156,-191,287,-300,195,178,37,311,50,-208,35,355,90,-140,-113,378,3992,-193,302,-42,-94,-25,401,806,-23,531,1092,-58,44,2,920,88,0,226,491,2343,46,54,-138,-130,75,-201,79,3107,4,489,25,426,29,-321,-18,52,-46,-88,1357,-323,853,-29,262,876,21,-159,102,924,-46,1286,8834,35,374,-107,52,1987,-27,834,182,296,105,176,94,323,1239,-2,94,176,-10,25,203,456,109,474,-10,-743,548,180,477,586,1559,296,544,147,-224,590,92,-27,199,-63,443,130,250,2446,-2,407,6,107,100,-264,16,166,-960,86,869,516,94,752,754,67,84,-191,84,4215,-21,109,121,-58,899,168,1229,37,-132,531,434,170,874,-117,279,-4,2866,14840,71,603,2521,37,-44,2904,107,279,58,1328,1674,699,-16,60,-27,-46,567,71,115,111,178,256,56,2422,485,44,439,29,588,701,16,-287,3271,29,84,132,979,201,-296,-21,42,-109,239,-731,-193,27,645,-218,598,649,3433,865,727,88,-8,73,426,119,285,567,-203,-27,3627,-48,35,277,27,2,90,-657,342,31,-46,6,592,956,1054,922,-52,-69,56,163,441,-756,321,353,2,16,-205,-100,153,374,727,37,199,199,-54,12,142,8,376,430,712,-109,-388,-75,-226,-4,63,2063,128,75,193,247,-33,-142,121,-65,0,851,189,340,-81,222,-88,258,117,-58,113,506,-71,54,46,-128,2672,-54,-422,1910,388,201,287,98,46,29,825,31,-25,264,802,111,1582,355,210,437,77,-111,-35,972,113,548,-12,363,-48,359,-294,18,168,-52,39,325,842,659,825,-73,195,222,1143,71,195,15022,1069,264,-210,10,208,2,-2,313,191,8,821,1006,-21,579,-27,300,-239,-197,25,239,-69,1483,615,48,44,233,77,243,94,268,-48,29,-27,462,182,172,31,241,-29,121,-16,35,-56,77,-477,21,-117,-71,16,0,-489,493,-399,533,428,-14,-287,-6,147,-2,157,239,371,588,395,-56,382,-126,506,187,355,510,4,176,920,-109,18,153,140,575,29,149,-8,550,6,107,0,691,37,268,886,1552,317,98,111,29,56,395,311,317,-86,350,84,180,-18,-35,-260,-334,166,-376,39,-12,46,378,256,170,-187,-336,136,212,-98,-25,914,6421,105,-174,11063,100,-140,94,-388,37,821,37,7369,231,4,-2,-229,117,115,-39,2479,1094,191,142,762,-174,56,1107,71,123,1428,3681,115,-149,14888,229,-378,420,353,107,60,197,12,-96,344,-268,594,-378,203,-189,-65,212,163,-132,-8,920,134,256,311,838,937,14,-44,-308,668,-220,355,195,605,256,-453,174,313,4509,168,-63,651,388,-149,222,4,6,96,250,-96,130,182,289,-149,132,10944,603,23838,28736,22279,14,60,115,39,-214,588,371,7176,10,-138,4087,706,418,-500,86,-174,550,1584,-166,229,-71,-94,1790,332,132,521,-258,-35,640,-88,256,-126,16,266,13617,31,1857,25,-195,235,187,-113,498,195,-27,-77,170,-172,-214,424,2807,123,-58,546,1122,107,525,956,214,371,-403,367,558,218,453,271,287,357,155,189,-147,9519,168,21877,987,29,134,533,-42,792,18,365,479,-178,189,-117,170,117,6089,128,-42,65,147,100,174,722,44,-84,-23,258,50,-10,195,264,3650,71,92,-46,-401,8,157,168,25,-94,107,363,-439,-155,92,-65,172,-142,94,611,-180,-77,-69,161,67,2097,-37,216,163,25,105,668,-14,46,332,-195,411,508,434,693,144,111,-153,77,168,182,-50,323,214,540,1689,-416,420,39,134,-31,3042,514,11969,1130,-344,4539,649,-48,126,-21,-666,226,-384,84,361,163,363,548,1017,77,-161,7586,33,-153,327,203,664,1403,23,-6,390,1220,1496,-161,3250,1464,2048,48,287,-81,29,596,802,86,2345,239,117,439,447,371,720,271,296,308,197,69,-115,107,46,149,336,63,327,138,-111,661,-115,2462,756,6,279,361,214,453,1531,138,-42,1229,-168,10,535,58,409,-48,134,48,142,437,321,-44,739,149,767,298,-54,159,483,224,815,-111,117,619,48,-42,615,258,94,100,-90,-16,159,16,-92,601,31,527,-69,273,239,-23,1078,798,-88,107,1895,147,-163,-245,102,-2,584,136,382,1334,-60,239,243,489,205,-69,16,-119,-256,-69,109,481,12,-27,531,523,205,90,-75,-73,-71,605,594,-174,-81,294,50,-21,46,63,149,18429,6299,848,88,100,155,-25,155,105,-16,147,138,46,10,-4,100,189,-187,1828,382,-321,107,4465,-90,-268,-46,-191,403,1405,-105,582,598,264,-73,1040,491,-123,855,71,2446,441,348,151,88,-155,-65,2414,-233,588,-73,-37,33,516,54,222,130,50,-81,-44,-134,332,-199,42,100,117,-16,12810,-31,1157,434,-35,294,117,796,252,266,153,-838,121,260,56,73,-371,-258,552,-134,767,-71,233,16,224,470,933,1128,4179,-153,-10,88,262,-94,-214,-75,-29,426,773,153,985,-237,151,10,-113,201,184,79,-159,31,187,2408,409,-6,10,241,1971,105,1237,-105,50,1052,39,-84,262,346,-123,222,-100,69,166,254,23,147,170,13064,-130,153,699,-434,479,363,1767,-29,346,243,235,-1078,285,1117,254,-86,126,380,224,86,-161,1426,0,23,18576,243,69,-216,422,302,615,4,224,18,397,8,-166,514,378,252,323,176,-605,155,-182,-287,147,1021,-128,216,-46,2008,336,203,33,12303,697,-23,231,77,342,-12,25,558,71,2990,-33,-23,334,714,2242,119,86,498,1508,-71,-510,-79,134,-304,-136,182,487,203,378,395,-48,2790,199,2179,128,1183,67,-212,550,1132,-10,153,21,-111,521,235,-147,222,37,256,-134,203,-46,542,7989,355,1216,638,512,264,689,271,718,1338,500,27,199,-212,344,65,132,54,745,363,84,109,344,277,443,-8,208,92,428,1138,126,42,-18,-231,1784,96,731,-266,958,1622,140,809,-289,-151,317,128,256,592,1162,1187,369,27,21,289,2,-151,147,851,-155,308,-81,195,-178,918,235,-84,65,2189,935,-98,10,-117,231,374,678,537,321,674,-119,176,12,247,353,254,-35,-73,-90,714,178,-12,2,-69,338,344,96,161,239,2189,182,-1124,-16,98,172,937,46,-52,84,468,296,245,216,-60,311,201,472,73,54,806,632,220,71,-29,-6,23,144,-56,346,-4,166,254,777,-94,220,18,18,1395,25,4677,149,170,401,268,69,220,495,-224,144,48,1674,31,-65,50,363,33,266,-193,1143,31,-52,256,2,60,-33,464,531,2,651,342,336,319,123,42,-50,170,121,52,12627,111,73,-275,191,27,151,785,617,184,-277,16,153,477,-86,142,-67,136,25,136,176,-63,-69,979,-14,1281,-75,-50,-273,-94,25,189,-447,16,58,-243,418,48,178,226,-371,119,92,21,81,260,182,252,128,-37,-218,491,-203,8,682,800,-195,-31,92,163,58,142,1204,-382,416,428,205,37,-466,296,-241,187,191,111,231,31,2660,266,794,16,481,201,75,2303,-4,2231,102,195,323,-336,273,184,-426,294,-140,306,-10,119,79,178,682,-79,18,168,-35,27,102,197,109,-107,96,105,121,-134,153,155,332,10,422,-39,485,2559,361,-39,819,-54,937,365,147,16,214,23,834,94,134,23,260,332,1027,96,680,388,-161,60,-332,229,483,1031,750,115,-6,73,1069,432,729,29,1950,123,-33,2097,48,258,-35,86,4,33,-287,378,31,88,-748,-107,525,176,243,348,739,685,-21,-44,52,151,-10,81,-46,172,140,191,0,161,313,-346,407,44,504,193,218,107,115,208,1805,668,353,235,42,-369,16544,245,1792,218,294,1737,413,92,2,81,411,-84,403,-166,-100,208,680,197,128,60,-96,203,311,1252,42,392,-18,67,369,1080,17489,14858,75,-75,-126,65,-16,44,998,56,-81,111,208,-111,-90,147,-153,422,-174,361,-79,392,245,254,-25,16,756,601,69,380,8,533,31,63,178,638,441,1368,-33,-107,11963,23006,21270,13402,10822,30741,6539,437,1630,235,-197,462,119,138,516,189,92,-367,-191,243,-88,18,102,392,298,203,-123,191,-33,-195,25,224,216,239,1019,189,197,-86,44,-79,-12,128,-27,8,-155,96,392,-174,-33,153,-111,243,714,-33,187,-73,224,138,558,-231,201,374,-332,205,92,235,229,69,157,365,567,33,285,130,25,178,289,63,33,159,-12,157,743,220,155,-69,96,-27,1115,-14,98,338,273,321,-191,88,823,182,65,-229,-481,292,25,132,105,71,214,94,27,598,262,-109,1803,33,144,315,65,229,287,378,-48,33,1863,39,121,71,-10,27,479,247,136,-65,264,-63,722,92,359,1508,632,1395,327,10,77,201,-44,395,44,-105,151,-98,645,218,638,21,327,367,7945,35,-90,407,-84,-92,151,180,149,210,-21,693,386,111,-325,128,155,58,-14,-195,271,243,18,-189,-94,645,168,-113,67,153,-18,-98,111,-100,-12,519,8,424,172,-357,281,163,81,325,157,416,6,189,98,3189,79,489,73,733,-27,796,-191,8,60,657,6,1281,48,2334,332,403,819,420,107,71,151,27,-8,214,182,-94,142,462,163,785,218,-2,504,35,-102,502,298,1718,256,-105,-134,23,-52,-33,79,470,-94,117,107,172,289,561,-86,2582,-50,-308,447,-126,75,18,596,12,-21,-195,-90,531,733,334,-6,323,264,-58,121,170,60,329,1164,-153,220,14,279,102,-37,233,550,-81,361,-615,413,-205,2,-172,27,42,90,27,380,-96,14,27,-6,25,748,281,195,-33,762,735,636,159,27,762,-105,283,161,46,130,77,1002,-44,18,281,8,161,-439,554,1945,479,79,212,-235,180,170,-115,2242,264,-264,65,63,1208,63,121,-10,550,708,365,311,21,-21,222,-283,-35,-23,111,37,23,111,222,495,430,300,161,-37,-428,-413,552,65,239,611,-12,50,210,283,-69,218,6,102,619,226,514,1826,216,-67,126,-369,250,-14,134,350,-157,212,8,-231,-130,-132,-218,323,357,1069,134,-321,582,168,35,390,65,14,-159,65,-75,128,323,321,296,10,157,332,121,-18,176,676,-132,84,714,-46,-27,14,-140,153,172,231,2946,75,781,256,-25,210,460,647,1441,195,643,-56,136,73,2080,-12,214,218,63,42,1456,439,-6,563,1443,-107,-105,281,21,163,-10,-33,813,386,300,166,182,468,6,434,-445,178,-149,451,-367,-58,63,504,117,544,369,516,-77,-105,-73,100,79,-132,1132,-27,-10,514,542,325,-172,73,384,155,-46,239,298,107,8,956,273,54,598,292,233,195,13367,239,561,-113,113,184,1141,-46,247,-115,157,1763,14,111,504,512,-88,252,504,199,346,-71,287,121,2578,52,138,945,239,-56,6392,229,626,743,806,123,880,1933,-4,268,178,912,149,922,191,229,65,1420,52,-714,729,664,-102,2,98,6,281,1080,439,-14,6,598,56,25,18,428,-168,-50,60,334,111,1615,14,798,77,0,84,155,-235,-37,-197,2280,75,1557,-14,231,304,220,128,460,-12,-18,243,46,-73,-44,187,666,666,2429,231,231,334,-67,-178,-60,81,25,229,-224,325,-77,1111,-39,554,-16,119,109,1298,77,2,420,65,29,8,126,590,159,313,75,54,-159,273,-18,569,121,159,853,10729,306,693,8,94,239,-144,48,203,275,590,-96,201,258,-56,798,-8,109,37,0,187,25,153,531,174,128,96,157,88,-374,-27,332,-69,132,-52,-31,-252,205,-514,-50,-201,292,245,216,191,111,353,0,550,-12,138,-12,-33,54,54,481,1233,-58,-77,-52,159,46,210,334,52,1050,-77,-4,96,3208,-60,247,54,-52,52,-161,-304,-98,136,210,342,54,123,329,-27,716,203,1101,-54,0,703,58,-92,216,-2,848,-81,4,71,172,827,166,65,-96,-187,88,1262,98,1134,233,706,52,33,214,294,325,-319,201,353,-105,-73,201,502,182,52,23,-67,18,132,-94,2,590,325,489,645,-632,6,84,115,187,716,27,348,149,153,363,29,147,409,-136,6,-48,111,550,-31,432,14,-54,10,1468,144,54,649,260,2,111,46,222,119,1157,187,-48,0,35,365,21,453,329,-39,-29,25,1128,283,371,-289,258,958,437,-462,1334,-39,1065,29,432,-50,-119,113,298,-279,48,50,153,46,168,21,516,890,191,590,-63,294,1607,640,218,50,1082,4,-130,-130,159,-212,-69,481,46,-63,-18,157,-48,176,266,1389,-163,220,96,60,94,376,-52,1926,63,79,35,451,-6,216,332,205,605,722,-119,231,10,-63,142,84,361,60,-130,199,258,537,-81,464,-92,14,94,363,-48,273,-23,874,37,-140,-140,52,7489,689,2206,134,-102,50,-86,1853,302,386,-516,260,384,0,1019,178,149,229,208,-374,63,134,-119,-8,144,132,54,52,254,-128,798,-413,77,27,14,273,470,672,-44,350,493,77,180,-100,52,271,682,483,25,-2,134,498,-65,537,262,-29,48,281,-39,756,-6,92,220,-58,-100,-119,-39,-54,42,56,-21,180,546,416,79,-56,73,18,311,-287,521,235,-319,-25,407,111,84,-88,216,294,4,483,63,197,954,264,439,69,189,96,275,512,77,317,92,273,235,-44,73,729,-123,69,-346,71,-767,-14,107,208,54,65,176,157,-119,-271,292,180,2088,33,529,-292,178,29,-382,-48,516,54,-126,-12,-182,903,52,201,220,113,25,44,21,374,294,21,388,220,60,302,264,60,-102,-365,439,695,252,189,-42,-100,-33,336,462,25,-224,-69,350,184,214,48,67,117,-176,1214,-84,441,-136,289,758,378,342,109,67,71,128,451,-201,-54,163,81,48,-39,-33,14,67,819,16,516,-73,-115,222,336,487,434,256,220,1666,-67,311,96,498,69,424,-37,353,119,-168,23,2624,75,174,56,187,413,8,-327,71,-77,315,180,626,275,229,79,329,2,-92,247,798,6,2561,153,92,189,521,-56,21,-340,924,1958,1441,48,233,1544,664,-121,2450,216,634,306,-31,121,73,224,111,0,357,346,176,147,500,-94,-12,481,27,203,-37,2704,-35,2183,-304,1990,33,-4,161,-31,10841,25,132,67,-247,46,42,779,153,-50,210,4539,-52,1609,2,54,-134,601,94,416,-50,170,-35,357,283,3639,-643,25410,111,516,-115,37,18,298,73,1876,2366,176,-88,-60,39,195,289,306,334,27,-21,716,-8,-100,31,-367,605,-67,60,273,-37,-27,2492,-332,264,58,21,58,10,-12,163,-16,348,14,266,-54,226,46,184,21530,-31,27,-10,241,256,1506,151,485,661,107,90,-136,-18,-256,575,359,134,48,88,237,1019,-35,126,5593,205,-23,-109,321,-199,-12,96,645,453,-31,130,1328,161,142,-682,584,323,2742,-94,3215,-16,-31,205,16,506,456,138,-94,109,96,273,182,29,325,18,94,983,29,-166,205,35,7251,1452,-63,-10,130,4026,149,239,678,512,208,-594,-29,960,113,172,241,13936,75,264,18740,2109,-126,1069,123,348,287,2660,-18,682,79,176,-27,-1670,109,-52,285,-44,2450,224,21,13804,189,18,1641,184,79,142,-56,67,-21,-10,11824,941,-140,35,111,-31,-63,-65,121,-409,-71,-63,50,-311,-60,239,29,153,182,336,113,491,893,-115,176,44,50,733,-98,254,954,-229,6539,987,46,25,5898,268,449,136,626,-281,-174,6648,168,71,-395,16,-73,-71,306,601,161,-73,416,-107,-16,189,138,-29,117,489,590,857,785,-16,-96,4,714,88,10069,1588,-69,-132,-50,44,13516,-56,1172,113,-56,1628,1086,12,319,231,-63,243,23,21650,11687,60,-92,96,86,308,340,323,588,-138,5549,-71,-155,-48,266,-77,105,245,1458,46,-199,54,96,-109,584,-63,33,113,3198,172,144,136,-42,-4,52,84,-33,189,-109,247,668,189,29,1250,3868,794,1647,-79,16,60,567,7361,275,260,411,-65,172,16,-174,386,25,113,628,300,12,69,75,212,907,659,84,661,39,699,636,306,340,506,13820,1884,-8,2,56,69,357,16,37,399,159,380,14571,119,199,-23,-31,-44,134,458,432,353,79,-56,250,39,287,357,855,1620,-153,208,46,5249,-25,90,-94,153,-50,-90,136,138,10,-56,-37,123,363,130,-58,943,-77,208,-437,-29,-21,-119,233,453,535,279,1758,197,384,523,29,159,63,-18,128,203,506,115,-77,-71,63,126,22186,-115,1687,10,254,176,138,1033,-67,601,-100,231,132,-29,1611,-241,500,203,462,6,453,-69,71,187,-54,-338,655,632,21102,11038,96,1422,2477,271,544,411,189,14,2122,6,65,405,-676,-115,334,107,-56,294,338,187,2567,27,-21,355,92,-88,3042,546,1853,149,1643,67,123,60,344,88,268,25,-302,-96,561,126,311,15588,-168,29,-23,4,1157,35,1603,1903,182,-2,77,157,123,132,493,407,630,1689,277,105,107,71,264,664,395,33,245,298,-75,102,1231,6,1122,-136,-29,424,1550,-10,65,233,123,56,44,332,-35,218,90,655,250,27,12,86,84,371,546,565,277,500,392,4,12,-67,176,-21,-172,691,2219,2498,81,-2,592,144,535,-56,5184,-100,-94,-27,50,-193,184,132,-121,-220,90,-21,1225,197,111,31,29,1464,363,441,149,92,9540,250,149,12,-6,117,649,-220,-130,250,430,231,96,237,52,56,14,178,1239,857,1122,-378,273,115,208,880,247,731,26326,296,5024,144,367,243,334,409,48,31,-2,-287,-75,60,73,1821,153,25,109,31,42,-73,445,18,71,2198,180,71,212,50,912,1647,-65,-134,132,21,109,-130,60,100,674,29,252,897,258,260,-96,361,42,69,73,50,-220,-117,119,281,6,8,123,67,195,-262,100,279,84,180,-155,-23,100,-237,117,741,661,71,-262,-2,-86,348,376,107,332,37,102,-130,-8,-58,273,239,777,4,1008,233,-67,35,-44,241,119,292,23,-271,96,-67,1365,-245,-117,-77,456,117,10,44,191,1926,514,115,27,-193,489,96,474,142,271,-6,231,258,-264,-50,-35,-50,14,256,23,460,205,2,159,-54,-33,54,737,168,1017,-31,869,-27,338,634,130,46,332,6,258,447,233,348,-115,283,292,126,128,111,645,-52,-10,-210,-2,65,-235,-67,739,210,451,258,-296,-37,226,-197,-136,430,817,98,130,58,-477,140,-65,-10,46,-195,6919,31,569,0,-10,-94,-60,399,-317,353,260,806,42,205,729,153,474,-90,-130,151,722,584,84,-94,136,924,239,409,296,-138,552,12,16,115,369,-48,27,-487,16,287,289,899,367,241,6,218,161,481,571,81,147,67,75,-56,287,109,552,672,-18,182,151,-987,392,69,527,325,495,178,-77,-426,685,29,699,81,502,-166,-397,140,340,800,722,168,226,-287,-84,138,-27,176,472,189,21,1847,2191,-138,-37,-371,12652,1819,0,203,-262,-50,1664,298,69,445,138,6,107,27,52,1271,126,8,-81,113,4,-77,-63,-134,-336,208,176,216,-52,1269,92,262,271,121,130,170,-8,157,182,819,254,338,10,884,1073,214,-142,502,184,86,92,140,44,111,-121,23,1256,-81,21,-426,-29,155,218,35,2,60,334,-6,-187,-79,-283,18,86,586,117,29,-46,71,39,-73,60,73,25,35,102,-300,672,151,-6,54,178,201,287,-289,100,458,-226,554,367,-136,10,-6,-233,342,210,4,58,306,60,107,306,56,609,-163,54,8,149,12,216,-42,0,138,31224,857,-317,624,781,58,-214,294,214,142,102,-42,355,-222,-245,-44,361,2275,69,109,-31,-140,273,201,50,319,-98,-71,2,745,4152,481,60,29,226,180,157,502,6564,205,-161,-37,8,-12,7625,1092,-2,8506,229,-52,-140,73,111,216,-18,355,1691,21,229,193,39,1071,275,67,1422,96,-235,128,67,12,886,247,353,-2,86,21,166,187,149,325,3034,321,1040,-58,18,-42,18,-31,94,65,346,94,210,1775,65,195,117,-977,174,39,60,121,52,60,29,195,52,224,117,73,4910,1506,-132,107,-48,-16,661,157,424,-292,-117,827,63,-224,6,449,357,724,243,313,0,260,140,1748,149,-121,302,-285,-369,132,-12,23012,-71,508,271,-502,216,-191,86,12,21,-161,-52,-14,-111,-14,-126,0,-79,-16,-271,0,79,-411,29,2,-18,2189,109,-262,775,30140,-27,84,153,-96,273,100,96,10616,2149,63,182,35,-142,1584,836,224,479,-79,554,203,332,29,1447,86,853,92,102,-195,647,201,672,195,-52,155,-14,147,392,65,1099,-193,210,113,81,10,386,447,-18,44,680,69,561,100,-14,48,745,-229,23,21,84,67,508,130,136,-544,-27,98,115,54,615,23,531,1088,1649,584,25,44,65,281,11782,23,418,233,126,-386,1017,220,8,315,123,52,1647,376,21,8,98,98,-44,35,605,-39,44,130,1130,23,-23,90,241,153,18,451,216,182,189,386,-220,184,153,67,50,67,-208,237,201,35,-382,-52,102,187,88,142,142,1489,3656,12,584,50,107,90,-50,203,69,-6,48,178,134,54,6,-58,-306,63,23,-48,-94,79,346,397,-71,205,605,218,-25,16,184,100,-123,117,12,77,294,0,184,33,348,-23,134,69,-18,563,745,107,540,256,0,25,359,380,201,-31,214,102,-27,218,147,-144,-33,166,189,134,-16,117,180,1454,54,-16,-157,638,504,315,-10,279,23,6,-403,-214,-468,1903,102,73,-25,60,4738,283,-42,-172,-4,130,12,157,155,115,-159,-592,432,205,1664,294,550,50,313,289,199,111,1149,130,-109,1073,18,21,1670,489,1138,-67,21,21,838,79,-84,1681,287,18,-71,-105,313,119,-50,332,16,98,357,-493,-510,2893,2,56,52,-382,1099,22039,168,102,46,-245,6,98,-155,-21,-14,863,445,-12,401,1626,46,876,8,613,-264,-189,0,-8,69,1092,21,481,-546,-39,302,153,-18,81,222,565,304,783,-275,-79,-52,132,-869,275,-23,-46,2372,149,321,-21,166,94,258,243,592,75,13829,313,60,-18,422,172,6,512,-205,-174,-6,4,4,52,-54,-37,893,1555,8,-63,-180,-4,-35,-71,153,-529,-161,-63,159,90,193,466,271,-18,142,893,-6,16,321,-39,224,46,75,-569,285,283,111,809,136,-12,247,-48,577,-153,-123,281,81,-94,-239,1956,-52,-12,48,416,859,29,-2,676,256,54,266,-39,710,531,720,1279,-516,289,-44,-31,6016,113,138,174,138,-456,28123,353,441,29,470,27,168,195,144,456,182,8,81,426,500,4,1679,422,1561,163,182,-119,-92,371,121,178,-199,-65,-189,63,-65,71,-479,-338,48,409,361,-384,54,353,287,367,161,332,-63,235,86,254,71,-48,945,-31,-388,119,-117,844,2164,86,12,-401,2973,84,43221,38430,-100,155,-163,3429,15382,1054,-102,-474,119,-39,-130,12,-86,-12,374,619,15085,11463,212,60,-21,86,184,-52,44,199,96,-27,208,630,231,-369,-58,37,-210,-472,430,-42,-199,-18,102,-6,-548,514,4,2,-56,-48,88,485,-266,84,151,39,86,-117,27,-470,-42,-174,2805,58,73,100,96,233,46,592,-136,279,92,109,-69,-117,-90,-25,-75,-16,-81,-205,-48,0,334,519,2969,9824,2368,10204,-149,-23,142,182,35,132,720,-132,27,-256,58,-12,264,113,250,138,8,277,-60,-140,121,2065,58,388,-31,369,12,403,-12,63,5963,81,16,-142,525,-657,464,-296,264,6,81,-52,81,-21,163,302,283,573,432,184,229,134,325,144,-33,50,31,-1040,357,481,271,212,243,-12,266,102,220,-525,-264,-27,884,916,703,392,-18,115,-235,-16,-235,247,142,-90,863,-2,-107,609,489,208,161,77,933,174,199,170,311,29,275,323,-75,1536,289,37,205,0,44,212,224,479,216,-58,44,-42,18,-208,109,6,-432,737,187,-163,-359,96,374,18494,1548,8,19730,-102,-23,-8,8,7346,30010,472,-346,3669,136,67,7607,2090,2715,-50,590,60,-16,58,39,-60,138,100,325,23,1475,-287,470,275,1952,71,-21,1401,252,44,56,-703,12,226,84,-71,-56,77,-283,138,52,117,111,-75,271,37,197,605,432,-760,531,-18,109,941,123,359,18,1693,1002,119,283,-100,2061,1143,1176,31014,17450,58,216,119,-189,-54,121,582,178,844,-96,-187,8,-216,-113,113,411,-523,197,-50,-107,23,216,111,275,416,-123,166,25597,762,81,25,33,21,241,105,-54,434,229,-378,-603,-144,764,605,-23,838,-187,69,-174,905,-262,147,371,79,-69,355,-951,-294,105,96,1611,111,25,1771,-71,0,-27,-63,115,758,52,-37,69,296,531,296,279,201,81,781,21,365,590,-46,73,-6,-2,-18,52,958,-18,109,306,-33,212,-203,964,380,296,-451,-29,-77,-273,8,23,916,195,809,107,67,-144,-69,142,50,281,218,84,37,96,58,-119,233,498,31,168,350,1071,-92,390,651,943,189,-8,376,210,296,342,39,18,479,2,-98,571,88,371,-56,365,-75,50,-384,71,-214,0,380,48,519,-197,102,-92,86,-424,100,-806,1525,144,-58,191,-4,523,361,11885,630,60,731,128,63,44,-100,384,128,84,8269,23,6526,-27,-52,15073,579,-128,56,-308,-6,456,88,888,-23,-149,529,247,302,-12,197,16,197,-281,-134,-155,210,563,447,220,4196,-105,-92,554,-79,479,811,-4,109,277,-48,-90,-8,-128,48,182,779,4612,-111,-33,12,52,-96,14,2015,285,-102,1107,1609,63,1008,-130,12,2101,193,29,138,-2,800,-109,-144,-102,294,-214,632,144,-451,-33,21,-90,371,18,987,350,67,197,603,-374,-144,567,573,294,180,77,474,2170,1481,-88,67,216,4,380,493,35,752,182,561,-168,-27,254,126,262,254,357,405,-10,773,163,102,-504,-56,4055,208,73,1010,-96,147,-128,-132,254,75,325,596,35,-121,1115,11790,-16,342,33,33,96,-311,279,1914,317,157,117,441,603,35,63,577,275,-14,523,168,191,722,430,128,199,126,56,50,25,29121,1162,777,126,-519,-39,-262,1296,12,-48,-226,-44,-44,63,695,174,23,77,-69,-81,296,1204,-109,441,1872,231,130,-52,163,-2,363,252,1973,73,-77,500,92,367,-111,153,18,33,-283,5972,90,25,407,-229,18,664,243,180,46,159,710,-250,1260,54,65,592,760,-8,153,-115,477,25,5461,-109,611,653,895,-69,-94,56,81,-86,25,1368,-16,279,882,781,329,735,382,44,-184,178,-134,67,10,-342,199,176,69,168,300,144,359,489,163,98,462,-208,111,208,-48,-6,275,-313,401,-8,14560,6858,-180,60,311,1479,-23,16798,119,-308,54,-37,128,-300,100,332,208,451,126,182,544,56,-155,-35,-77,-210,25,18,-50,678,224,-100,-98,-100,208,-29,317,371,123,489,256,-42,27,241,35,-37,102,-121,-69,308,489,250,170,584,-445,462,-201,239,632,338,4,128,-155,323,178,-113,287,521,1067,-44,594,985,504,-27,-563,-149,-187,10,235,-111,1805,77,678,306,-191,-163,-172,-119,193,-590,653,460,197,-113,571,-302,-25,71,144,132,113,1002,109,163,806,1340,550,231,136,60,115,619,-42,-126,193,-258,346,21190,363,-35,-75,14,140,-21,296,2534,144,258,622,2633,54,-336,317,285,-285,170,-25,-201,224,313,10,350,313,-203,94,27,56,703,277,197,-388,21,-29,628,413,3769,3559,107,58,827,86,6281,226,75,151,-928,651,386,575,128,1090,2,512,220,-84,-86,-254,56,170,1035,29,69,174,168,-10,-136,350,-27,558,96,-382,-71,579,-33,-37,-113,346,-35,149,142,178,-75,369,23,2,-25,52,-189,1792,218,-287,-767,937,4240,-50,123,-90,819,575,250,388,1351,-260,-73,514,199,182,-2,336,6,-44,334,416,-14,-6,922,-16,-477,117,-100,90,193,-12,88,37,1836,-86,336,-130,-73,-851,-14,1067,2061,250,-1636,-29,-113,115,235,31,37,-29,344,96,63,58,281,33,306,285,161,823,554,21541,2193,-382,18,4,42,-60,90,1987,144,-855,-821,-302,277,-92,-371,1660,21,-584,977,126,-166,-483,2433,-16,-109,292,203,226,4513,2280,-266,817,363,-279,2513,2752,-86,247,29,355,25,10158,-609,-1359,-2462,-7861,-933,-554,546,935,63,-84,189,44,292,-273,878,4545,6047,29,0,-29,-33,2315,519,926,25,0,149,109,-527,1040,56,-54,983,208,-31,-46,369,58,495,914,18,4303,-182,-2,-2,-546,-92,-77,546,350,67,79,105,180,4,195,90,52,-77,69,-273,308,783,504,159,105,16,-8,-201,-42,907,25,283,399,-29,138,54,-90,426,336,582,1052,506,-229,-52,13058,210,-29,-73,-4,-37,313,-58,258,-237,86,96,-111,1742,142,-63,-111,63,445,-37,12,58,-130,-218,39,5434,2,117,4,189,380,39,119,113,353,304,302,790,50,155,-4,50,25,521,-96,315,-8,151,-71,197,8,-8,65,-214,-54,94,1704,65,33,153,111,8140,-4,94,42,-44,96,163,4396,10,296,-75,-107,285,31,178,81,27,96,-151,706,1380,-163,-111,237,21,10,-39,287,140,1103,-128,250,29,2,-37,-39,-102,399,132,111,319,77,-16,58,16,-81,1042,710,-218,-81,-113,485,256,174,2,113,71,56,14,84,195,-6,935,71,247,3328,1660,386,-6,1149,-1170,477,-33,189,18,180,48,8,21,430,-96,157,237,-92,29,1588,872,479,46,88,-33,268,-201,495,554,-10,63,86,237,2599,468,-168,5936,4070,117,-37,-100,827,21,-161,6253,56,153,2778,-25,63,6430,6369,1229,-519,63,157,424,-132,42,-628,-73,31,239,203,863,260,630,197,-262,456,117,3408,237,205,-2,418,449,788,117,63,-73,77,-14,84,6409,401,-2,653,-153,424,-79,42,-94,226,245,8,52,-67,-88,-239,14,222,-39,533,172,-224,58,271,205,317,11122,17048,199,147,27,10313,8428,199,3242,-69,8,121,-39,18,-54,-6,-197,262,-16,23,168,-180,-1460,613,174,277,6,81,2,722,170,0,510,-73
48,-130,-177,-28,266,-170,-326,-222,-93,10,159,-3,-643,-502,-129,-31,247,-100,-498,11195,-20,188,-75,-29,-19,150,-119,-82,-63,-44,-24,-232,31,-701,-366,-413,-437,54,650,1453,632,362,14640,10675,17262,11636,14738,15303,217,-6,222,1491,2967,963,1218,35,95,262,-105,133,260,28,128,46,0,833,390,2222,246,592,-1046,-1123,1766,-420,-637,-59,-57,138,863,872,-139,285,1652,-8,38,35,583,-103,708,1263,445,1019,705,1655,852,149,-149,-16,402,218,-39,186,-175,257,191,-339,31,4192,689,-833,536,-116,85,130,414,-1373,28,7,449,209,-445,26,-186,206,1044,-76,-330,-77,-65,257,348,285,4,61,217,-11,325,304,1201,1249,485,-256,121,180,942,175,224,435,804,154,-165,219,61,-62,1046,1432,-365,772,-247,1472,-164,1065,186,3359,329,-149,177,426,1487,2769,1687,4608,30,-135,846,592,287,40,24,26,437,2343,423,-16,62,-229,79,-52,-18,-1062,-10,3561,7,-51,-575,1955,3931,453,39,638,3895,106,866,475,244,84,449,432,3575,932,698,134,-558,78,91,6817,-353,444,3233,-36,1261,3479,-170,239,-11,-33,21519,-66,4514,2177,114,144,805,1553,1039,140,-59,465,925,1883,319,6462,422,6604,-13,-2,170,-29,42,1026,398,82,630,2613,92,795,-219,618,33,2058,126,3794,2283,-884,54,-122,96,46,-1022,-65,119,122,218,613,630,1692,850,338,87,-703,-189,36,3784,3303,246,48,9,156,685,1514,-76,15324,3997,6308,110,1027,392,449,330,1554,538,99,-286,421,75,812,231,383,3943,659,73,-264,1295,-24,217,654,-2,100,27,111,20,276,3141,2953,2029,326,884,830,1838,164,345,1751,2547,2165,178,125,377,504,553,3438,760,310,462,1262,819,19,-44,1363,294,-28,924,310,164,9660,229,291,162,1221,106,413,299,17,511,172,4151,93,309,-141,1462,908,595,2081,259,141,737,1745,1056,200,800,1380,370,217,-5,-350,2638,2087,1110,-624,324,381,-41,18,-60,190,-171,20,159,44,412,772,1414,758,1594,1045,650,393,380,-30,-576,18,-169,906,2419,-84,2,535,368,557,740,229,311,19,82,968,846,404,56,743,135,527,83,2782,170,-99,294,547,905,853,1281,1281,776,3771,232,391,-4,-157,-383,317,-108,669,1408,1357,127,2477,865,-69,-621,1511,-589,281,-100,51,62,1973,4841,-297,96,-106,144,148,673,-61,7,177,467,1034,-23,565,768,2,1548,194,-30,1014,682,392,208,414,295,275,818,59,683,322,-104,273,304,1522,976,174,1040,56,-196,477,2848,42,1524,286,132,4699,870,-333,402,495,115,-295,35,1624,1123,520,743,345,561,485,212,-822,812,576,463,937,104,550,11744,617,999,561,1947,294,579,1617,124,272,107,5801,544,478,-16,460,-570,29,267,-207,560,-13,297,1663,1644,196,-33,1701,-1,-8,-77,13777,282,168,443,535,25231,128,-1313,2491,-285,728,47,860,740,1216,1453,495,145,1729,247,-338,1010,646,1731,260,253,829,1497,209,696,500,174,-117,1513,112,519,230,165,-41,206,169,104,631,923,472,899,-1066,676,119,912,209,-142,-20,101,387,915,114,850,-316,581,1901,212,39,238,1619,129,741,-232,310,79,94,137,2366,485,-434,-3,559,1934,199,705,138,38,-44,2375,281,579,3251,263,-765,-36,-42,975,189,502,78,1981,122,144,326,-176,679,609,536,636,935,1735,-193,549,3154,449,426,1076,46,1722,704,1088,872,0,349,273,671,-200,486,-93,-193,-140,427,287,489,291,-27,320,1105,338,1473,768,18,93,510,283,1055,-343,-194,165,368,701,203,1269,1264,133,1242,-58,99,305,469,472,405,386,479,1775,1064,556,-2080,638,259,11,332,898,232,580,-136,393,101,782,257,290,307,207,454,-96,161,1158,373,9132,211,610,152,35,1544,-268,914,1205,-377,37,389,10157,228,43,-256,125,193,-859,29,187,-15,171,-207,1472,338,268,53,2628,323,179,-61,1510,1508,45,1225,306,535,26,89,-20,-193,193,2611,-134,589,189,194,3655,323,64,-111,4661,1473,210,-93,553,-237,7275,2859,1712,182,478,-153,-54,197,21530,539,275,10164,2218,1727,576,365,364,1062,-456,-2087,400,-54,-1133,-273,-697,-348,117,-249,168,894,4738,810,159,-142,-166,994,989,-364,309,18,208,167,-7,481,229,-213,-107,285,-76,110,1604,100,-188,-34,-23,301,-576,140,611,74,-403,-192,-170,-348,285,-13,936,-92,-319,-237,1153,108,99,537,4854,22757,1065,44,249,1265,-288,225,-1288,10728,21,-328,-114,57,-54,253,953,402,18971,123,97,64,155,335,-169,432,89,-473,18447,-171,-105,234,-152,2052,19944,50,-988,30,21,207,127,552,-532,1853,107,210,-26,24,6532,-69,921,114,24225,2131,25,605,486,187,552,113,-195,57,677,-95,11871,-199,362,55,44,-67,739,353,-746,-172,-616,253,143,21,348,84,24,-445,639,837,-110,-503,286,965,-20,-150,38,357,258,805,1242,187,409,431,-95,-76,-61,193,37,259,93,189,-214,-93,144,423,-21,154,-139,683,64,1730,-143,-378,19330,-172,1162,360,232,53,-274,-133,-59,-57,-182,-205,501,13018,1186,435,-273,542,33,44,780,-98,-11,95,0,117,-172,-1510,17884,919,63,45,9361,-142,-29,-48,14363,-496,763,337,401,-38,-181,391,904,350,724,-204,344,-374,903,735,-33,261,189,-563,-52,325,664,908,-47,-160,44,-901,95,469,2006,1071,955,340,386,-346,204,48,1797,196,860,14,8751,-73,313,1674,1924,-196,74,764,10661,1714,648,308,4498,302,42,151,6795,18,749,0,675,162,632,118,385,307,-101,104,1078,-570,2800,383,-158,-24,82,700,3106,316,-109,458,90,599,736,1278,362,2067,3629,-155,-154,-61,177,2782,441,5393,363,65,1075,-29,10813,420,-35,497,-795,-40,77,-244,49,-21,-194,-89,598,3326,1223,854,-5,40,51,139,292,126,5645,204,384,56,-15,4399,17,195,-19,-4,-64,50,3350,96,-98,369,84,798,132,161,1770,213,1421,127,228,-98,495,93,59,-114,-59,31,-15,32,2654,143,-222,69,87,26,81,64,-104,2585,618,-328,507,261,139,679,-427,121,-252,653,-258,130,-234,147,-163,136,-38,-504,317,2476,-190,-868,636,-838,15390,10879,78,176,-376,469,227,85,568,69,-397,133,432,62,-1,-22,1068,5709,-84,584,158,-4,5,843,3414,-80,692,1415,-126,9,45,1519,120,-9,185,1031,4695,95,141,-83,-136,1,-3,106,3417,109,1084,14,712,17,-96,-174,54,35,-7,3511,-255,1166,-38,385,1248,-792,166,-294,1112,94,2291,13261,15,785,6,154,2435,136,1087,110,433,1,332,100,95,702,1242,-44,461,11,76,3,550,262,998,7,-912,1116,502,208,791,1297,256,642,377,-215,1227,68,-29,313,-55,781,233,294,2648,10,571,579,-1721,201,-170,45,310,-1620,-25,1308,116,161,1450,1466,58,43,177,147,5576,-64,450,216,-64,3291,503,1983,155,-114,769,526,498,1118,-115,229,115,1841,17369,77,1005,4805,295,38,5431,51,85,96,2023,2235,1587,257,160,112,47,1762,95,399,206,19,-21,64,3904,1205,-65,564,58,843,1033,-252,-244,2561,64,-858,318,1388,349,-199,-15,210,-107,74,-1397,-211,88,1522,-751,1223,1105,7974,1024,1582,139,924,78,505,-3,561,1070,-333,-67,8052,187,-655,224,21,-107,-11,-1150,502,-297,-42,117,1117,591,1086,1608,-156,120,214,226,523,-1013,759,507,-113,147,-152,-48,-273,512,1169,-13,-80,206,-96,43,64,53,917,286,2023,191,-200,-53,-337,-91,146,3704,299,185,248,279,17,-146,43,121,104,1659,191,1113,-4,306,-284,312,101,26,186,637,-27,57,133,-88,-41,-6,-654,1870,308,208,191,17,24,463,344,50,132,79,649,250,1788,516,709,1229,-103,-82,-183,1570,8,328,207,483,-164,581,68,83,240,69,71,432,860,766,1796,60,441,-1,2478,143,303,24273,1449,339,122,-57,415,-12,126,74,-95,-7,1711,1286,11,1543,-72,-71,-29,-117,163,304,92,2970,1316,564,210,939,12,239,153,562,-73,44,-39,1685,191,117,108,63,-133,186,0,510,-256,-72,-598,-10,41,-44,104,11,-207,741,-707,152,605,-4,150,-136,555,-34,317,702,156,745,907,22,759,-45,905,340,816,595,-112,182,1307,-8,-19,126,75,603,38,121,95,200,81,278,-5,1165,0,618,1973,1317,537,164,61,-165,64,449,683,299,128,421,9,348,-90,7,-110,-79,168,-721,-7,62,104,437,-153,83,-120,-687,347,1312,-38,-36,936,10431,-24,-133,16017,-18,-20,68,-913,-28,8546,100,7216,246,25,-248,-23,354,-153,112,-83,141,239,69,669,-190,86,1590,301,26,434,7756,577,-177,15725,382,-513,789,195,74,97,224,27,-37,212,-286,1203,-410,673,-190,460,284,132,-39,13,2344,402,-27,331,1365,2967,160,-75,-1059,2096,-142,841,1024,92,204,-646,221,178,2049,382,-66,355,-108,-599,304,15,33,60,98,-114,142,192,481,-116,-87,18163,361,21619,15850,19196,43,-241,1,471,-308,438,1075,11195,24,-69,3390,199,903,-758,223,-275,976,2682,-58,630,122,-19,2852,170,20,35,89,-402,351,9,149,-21,279,541,9346,-46,3438,252,-33,302,143,79,562,-265,226,-213,348,-246,-226,289,4558,192,39,505,1369,528,373,1484,431,1149,282,361,1851,436,452,604,222,784,1174,436,-266,14338,160,18472,1245,196,53,41,-235,902,-40,305,119,-462,20,51,254,348,548,11,59,81,340,54,439,18,85,-382,5,420,-183,-49,166,322,5654,3,163,-55,-946,105,120,52,-303,-12,-177,525,-361,16,107,-198,132,-287,22,973,57,-152,-431,138,358,2336,-76,362,227,-30,139,1112,44,110,349,-158,657,1200,1103,860,268,342,-209,46,102,109,39,498,316,2664,2616,-539,292,2,19,-5,3994,694,16659,895,-355,8477,2167,116,154,-67,-676,553,-295,267,814,3,328,1002,1212,-109,-166,6329,57,-129,190,-10,457,2494,127,6,984,2123,3115,-126,6031,2546,767,104,71,-35,-27,1101,1451,244,3021,111,51,86,355,479,1630,328,374,1859,317,12,-57,99,69,70,319,395,658,63,-239,932,107,7571,3011,143,676,448,331,231,5439,119,13,497,-59,-26,589,-92,6080,16,57,152,348,87,384,343,947,283,927,225,-108,494,628,424,818,59,206,1039,-16,-43,630,507,239,205,-100,63,72,35,-105,1756,100,185,241,-290,351,-81,5807,819,-610,385,39,176,7,-335,671,-347,1767,-18,15,1542,730,1472,308,919,67,-1051,-94,-78,-164,-250,-280,477,73,-42,553,131,-19,-267,-2,-6,-66,38,768,-273,4,580,133,153,33,582,1080,18453,8450,2151,30,29,321,9,337,237,6,172,333,56,22,-23,36,167,-325,1946,359,-251,233,7188,-361,-227,-155,-60,767,1642,-147,683,683,564,-116,1583,242,-169,1854,152,172,723,-1,125,106,-143,19,1588,-184,1207,-126,176,-2,1130,-80,450,402,241,-20,98,8,754,-286,112,370,301,-139,12265,-1132,2968,756,-19,157,92,1522,174,200,422,-1029,650,293,6,66,-349,-164,604,-188,1005,11,397,193,292,700,1839,4069,8651,90,-85,10,210,-209,-237,-13,147,1246,242,256,1869,-183,141,75,-163,35,160,-33,-547,-16,-21,2481,1625,123,20,225,4215,157,956,-4,73,818,-51,-242,103,191,-317,221,-191,25,103,795,49,37,260,18386,-228,287,2012,22,658,402,455,60,609,278,349,-1822,244,450,263,-444,306,233,343,700,-12,2540,104,-30,23491,399,207,-247,670,595,353,51,143,248,291,4,10,958,477,-39,553,255,-936,95,-39,-220,146,1727,-195,277,45,3742,681,-140,33,20114,2001,-6,300,14,656,-76,-361,393,486,5422,23,-43,80,675,3254,320,280,700,2940,3,-448,-87,290,-665,192,568,600,-73,476,558,-10,1821,-146,1647,163,1358,-43,-9,728,2351,138,1349,-24,-505,2456,748,-107,401,216,189,-59,200,-36,549,3711,313,278,1340,191,171,435,657,467,8921,414,12,288,-251,483,358,800,233,379,525,60,335,464,128,1203,26,463,91,364,806,185,55,-66,-244,2244,1358,1091,-60,2253,2996,97,2717,-455,-188,342,335,714,542,1770,1859,707,139,108,221,205,-133,-127,350,-176,533,7,103,-362,1063,389,-33,129,5633,1442,292,310,-132,-117,564,1722,588,-851,617,-97,324,-131,303,606,301,221,-113,-277,1604,6,-24,-30,13,326,164,530,5,776,879,129,-2349,0,49,242,51,-11,133,-38,511,304,200,624,1,615,10,267,45,23,768,1694,185,85,27,-178,-75,221,9,135,-223,79,227,1487,-81,316,59,211,1115,15,9468,150,483,593,277,109,342,428,-688,279,-23,2582,104,-58,161,582,33,618,-515,2526,19,5,146,-36,259,-44,627,561,469,550,274,312,246,19,149,9,37,326,-34,16254,606,130,-325,241,143,388,97,343,200,-239,-31,219,546,-34,312,-61,56,-48,26,134,-144,11,1157,-44,688,-61,56,-552,-59,105,589,-384,185,25,-138,2344,-93,312,421,-512,-100,96,212,89,933,159,267,63,-99,-277,636,-260,8,684,1101,-293,-282,170,298,131,56,1000,-522,295,313,61,140,-145,1228,-108,227,-208,134,96,264,11152,607,1184,-315,554,250,52,1832,-172,976,24,110,95,-769,369,133,-467,310,-456,263,95,844,120,15,657,-42,67,340,-380,284,327,291,-187,24,185,43,156,-122,82,-11,103,-66,673,33,913,5632,482,-18,568,-90,1024,1339,130,70,213,-78,1361,227,444,-127,480,148,1251,214,513,-53,-108,73,-338,147,877,911,1279,146,75,158,682,388,897,-76,2900,81,-53,6453,-65,-78,2,216,196,73,-568,514,-308,130,-1076,-360,553,40,87,179,562,1232,-246,-108,171,405,247,343,-15,229,188,412,120,439,557,-451,1463,-160,1809,436,290,65,257,-30,3092,962,466,219,70,-273,16914,604,4298,70,132,1342,1429,91,118,-16,965,-41,1420,-222,-146,121,1028,540,142,-59,-58,136,329,1646,52,344,19,-9,173,2657,21144,13958,194,-78,325,129,95,60,499,127,-22,127,596,61,142,81,-245,620,-233,250,-11,352,459,427,6,57,1042,1370,282,386,-3,541,177,65,22,831,517,984,-8,-210,18141,19009,20378,11892,16759,17741,9267,1025,2764,435,-267,557,429,41,769,418,114,-524,-287,629,285,-86,-165,941,28,-40,-115,434,50,40,-15,443,236,33,1075,64,197,-204,27,0,-42,21,145,38,-114,-202,292,-243,396,315,-119,847,1188,-332,206,-100,822,173,1806,-411,121,593,-279,0,88,261,935,96,144,288,1177,136,218,115,55,-42,362,30,-16,-26,125,19,630,205,77,0,120,-366,1383,-23,66,237,290,245,-689,160,1868,280,266,-27,-1510,429,57,260,222,74,306,75,-15,727,570,11,2627,-26,-24,383,-2,64,386,391,92,-8,1922,59,224,-17,214,-71,1758,401,175,-122,318,-27,670,57,313,1994,601,1974,48,77,132,212,-19,562,333,-117,36,-134,1165,472,490,68,582,564,10338,138,-80,1037,102,-167,160,14,127,72,-9,828,163,-20,-399,316,133,99,21,-43,158,244,-12,-260,-153,697,182,-144,-468,102,-135,-152,55,36,48,1026,-58,674,236,-803,330,587,1078,690,-9,1057,-26,290,-96,5870,403,478,121,515,184,540,-287,-17,166,392,-29,2415,152,2501,174,433,825,134,56,62,114,-140,29,169,459,-177,128,399,141,1590,320,-92,937,-455,-75,2063,493,5315,382,76,172,116,102,-142,178,592,-161,170,381,139,300,767,-7,3482,-114,-320,477,-53,479,78,1259,-99,-954,-521,57,994,1850,113,-25,436,-254,41,129,167,162,721,1543,-14,172,72,76,573,-101,367,606,-33,286,-1199,1080,-376,42,-292,-21,48,121,6,712,-188,47,90,-9,-137,1087,757,386,1026,1011,571,1138,484,93,1096,-378,180,620,11,918,238,1404,0,158,519,-11,773,-588,749,2315,599,133,471,-47,168,186,-15,3913,387,-344,26,324,1431,-17,64,-26,1068,1582,595,156,-82,-323,77,-684,-98,57,83,375,46,57,-63,707,417,515,31,86,-537,-619,1486,76,241,468,-78,114,302,252,169,618,480,21,1067,463,881,2534,348,63,-23,-592,-476,43,86,237,-386,493,4,-224,-54,-152,-557,630,442,998,137,-358,675,340,30,1281,214,53,-30,178,-58,-239,98,1501,294,-41,-58,185,-109,344,169,1501,-288,279,930,-107,23,304,-134,369,348,631,7119,296,848,-171,118,297,575,1053,1110,45,609,-62,206,200,2764,-3,208,289,70,430,3273,638,138,5502,3187,73,70,256,15,-230,34,14,1056,457,360,989,357,529,64,733,-170,620,-166,692,-295,-64,-91,870,420,970,505,1251,167,-199,-153,283,63,-707,567,-154,62,799,671,325,-136,-315,451,264,323,-31,589,382,1,781,616,-210,1251,544,487,229,21604,80,751,-77,280,267,769,-309,344,-244,-90,1875,120,22,920,305,-6,687,0,127,746,152,686,353,5165,38,97,1767,190,83,7528,161,415,1004,1469,752,445,3024,14,215,169,1510,-61,1344,650,560,81,2887,0,-1385,1338,1156,-133,51,34,-17,472,2078,363,-159,216,699,-48,-100,-39,434,-512,-42,-19,1670,-114,2136,124,1407,196,-20,220,106,-48,-242,535,357,38,2763,90,84,95,383,26,83,92,86,52,123,100,0,210,1507,505,4652,149,527,1783,-98,-57,73,116,17,412,-188,910,-305,1962,-633,201,-36,218,187,2685,123,98,838,0,59,3,87,742,642,889,153,43,99,264,-38,998,113,233,274,13176,716,843,38,64,315,-76,34,149,676,242,-99,368,178,-88,864,176,211,105,27,239,158,247,1945,196,44,-7,246,118,-453,-7,429,-29,171,35,158,-166,193,-800,-76,-453,1250,258,319,93,181,783,-114,717,48,-11,24,-168,51,3,679,1166,-100,-25,76,124,-88,179,314,-1261,1400,-149,-371,151,5467,-254,198,-33,-223,131,-350,-247,10,506,149,372,-1,146,305,-14,553,93,1163,-204,-28,1074,21,-288,12,47,83,37,-2,-8,274,1185,95,70,129,-35,270,1028,-97,865,592,1416,-26,55,220,422,468,-40,265,312,-26,209,240,774,184,441,72,362,140,210,-153,-49,875,454,665,537,-912,71,110,63,409,892,78,704,96,289,589,0,58,311,-100,38,203,72,613,16,610,98,-26,-10,2050,147,23,955,357,15,675,55,213,115,1727,671,27,6,143,297,133,1166,775,-132,110,35,1122,951,386,-420,315,1036,551,-229,915,14,980,60,156,26,-171,81,397,-304,53,152,-666,147,478,146,1104,1620,205,1892,-19,344,2082,1414,59,370,1474,70,-56,-43,376,-205,-258,560,151,43,-24,845,-4,164,209,2287,-36,-52,267,517,2,516,-297,3013,-234,116,5,162,153,383,144,796,1090,648,-94,240,62,-46,-97,509,1464,139,-243,46,557,1150,-162,2115,-191,179,400,1091,66,318,327,1430,80,142,-185,148,16816,1376,2504,164,-88,34,3,2948,375,1204,-719,378,695,174,1648,99,52,463,234,-385,108,92,-173,-20,41,87,-35,120,591,-157,1334,-509,229,49,57,338,949,1087,96,406,479,344,258,-129,140,1846,615,272,35,-130,45,954,-36,947,486,14,101,563,1,979,80,175,669,-9,132,2,-7,67,490,-19,15,172,467,133,-135,-17,511,103,680,-243,595,564,-38,-103,560,-27,-164,-174,453,607,-131,592,144,270,1754,229,814,0,105,680,312,633,347,330,150,1405,315,-24,71,956,-110,107,-473,56,-1300,-16,-33,500,-110,60,353,191,-523,-65,1232,231,1953,71,334,-187,233,417,293,-93,815,5,-5,-34,-44,1161,-83,898,356,483,114,32,233,647,290,-54,139,43,270,286,565,210,-46,-643,465,1291,782,418,121,-182,0,623,588,-10,367,-167,196,634,393,-358,102,23,-153,1457,6,687,-44,284,1831,706,1656,200,469,224,474,1627,-152,-681,434,38,-42,-48,41,124,395,1695,-286,918,102,-41,1959,1191,786,899,599,113,3352,194,487,81,352,8,1370,45,708,282,-207,252,5057,759,29,438,172,696,48,-369,-30,-43,497,206,1744,373,532,122,330,17,-43,151,116,21,6274,1096,38,161,1455,-42,52,-245,1361,5042,1737,-37,762,6184,1051,-349,4193,95,-101,593,57,209,349,296,99,-79,12,258,-186,223,1751,-67,63,2385,146,268,56,1613,50,7016,-551,5846,-8,19,21,82,18580,49,60,-32,-412,-52,77,811,1068,95,355,5160,-26,12955,79,83,-218,1147,95,418,78,40,124,357,357,4919,-379,21948,51,671,-18,669,158,339,2070,1976,3364,31,-107,55,49,-23,336,533,152,477,-71,2294,-52,12,44,-360,701,-173,302,342,-80,73,1665,-1213,419,360,191,38,-12,-94,3,152,243,-10,821,-267,44,63,48,19966,46,595,21,636,294,2208,-18,599,407,150,80,-161,-160,-323,542,1050,70,68,246,331,2462,-30,174,4410,108,57,431,53,-229,-125,-13,1166,278,-10,142,3273,173,520,-848,917,554,7303,-57,6031,17,20,380,318,916,3865,543,-175,-36,-93,1051,309,-25,411,399,195,2230,-21,-157,-69,-26,16859,2004,-51,-113,143,8949,766,112,742,3395,424,-243,-49,5498,117,102,196,18157,30,778,19735,3900,-276,1708,15,617,852,6266,-34,1870,73,87,235,-625,153,24,389,300,1537,97,-107,21018,373,34,2643,226,81,140,3,18,-243,-129,11306,3623,-48,79,166,-27,-42,-14,488,-377,-99,62,-40,-577,-7,133,20,94,246,226,213,173,569,-189,458,384,80,1025,-210,144,1405,-430,13949,3928,252,-10,11472,461,1134,693,137,-371,-351,12307,497,162,-161,47,12,-27,604,1519,357,116,611,-116,-29,937,-127,-24,60,499,1536,2195,833,28,190,130,965,-184,15228,1357,13,-297,127,176,14719,265,1695,188,-64,3862,4187,-21,385,-95,173,114,48,22605,14761,34,0,-49,213,1710,1043,242,524,-164,9201,-80,388,-19,309,-122,67,494,6074,70,-372,-1,82,-215,-69,-150,178,489,10565,412,516,63,-12,59,95,155,-75,182,-299,-17,1492,323,54,1723,4723,1310,3483,9,123,135,1523,12618,372,258,141,-78,156,69,-175,400,34,251,1212,1335,50,86,485,225,1428,641,241,663,-46,860,1496,1560,616,767,18877,2822,-90,-27,106,115,-18,-362,47,821,133,449,21771,2,818,140,20,62,181,686,810,1427,-108,-19,608,20,860,496,1373,2026,-389,100,47,8051,249,41,209,47,4,-111,62,261,-60,80,-57,105,608,379,0,958,264,380,-1128,-104,-22,-283,617,322,311,689,3172,366,476,325,174,179,174,41,122,987,1007,26,497,36,114,214,22377,-164,-546,74,240,248,261,2885,-680,7201,-249,302,80,33,3650,131,462,187,1132,166,492,46,133,322,4,-397,3990,329,21945,12657,137,1901,3959,322,956,237,1369,295,5400,474,242,601,-71,-314,1401,218,3,1008,620,533,5327,34,47,680,67,-108,2851,969,3363,177,2934,-169,163,317,412,103,2069,125,-322,-182,1857,-41,361,17593,-156,153,-20,-11,1917,98,2061,2123,283,283,552,275,602,224,1116,767,625,2758,1862,112,-6,184,753,1375,537,33,264,191,1,143,919,83,2386,-120,-8,856,2784,200,210,618,-51,437,-78,404,52,311,8,850,667,17,10,-125,-36,513,1627,1488,552,1218,961,32,140,38,508,-116,-104,1213,3848,1688,131,-34,1673,329,1376,-97,6415,77,80,362,-49,-24,1050,526,-265,115,-183,-32,3763,427,562,155,142,5916,646,1214,278,43,15980,1379,524,69,60,92,1709,-79,22,183,535,7,97,339,73,166,-39,606,2920,1398,1574,-483,539,159,300,1148,811,979,13574,592,9134,669,386,245,822,936,49,257,-629,-337,-86,48,349,4138,90,186,21,23,0,-18,1006,191,76,4180,189,-57,18727,84,1358,3334,-179,-20,366,0,165,-98,-108,216,929,-5,382,4105,225,345,-95,474,252,102,133,253,-277,-57,464,487,251,-31,292,28,2614,-364,188,267,-22,227,-19,3,139,-344,191,1790,1474,511,-255,194,150,600,423,568,597,65,99,-19,-26,-77,437,494,1541,23,1123,1067,-82,-286,157,515,-89,376,60,-527,235,60,2648,-57,-391,-37,337,225,-30,-14,229,2593,608,-186,10,-225,1307,66,633,164,403,-36,334,409,-13,-17,202,-267,136,165,20,233,115,67,39,11,-58,77,877,182,1557,-114,1838,125,805,2577,118,278,341,962,387,1139,614,274,-33,490,652,38,457,127,2048,93,-49,-391,98,181,-153,200,1881,134,325,1083,-375,413,150,-107,-68,732,723,212,-113,264,-1166,-33,3,-20,-125,40,11899,208,1503,454,267,37,19,805,-85,269,457,1286,14,773,210,589,949,-61,-506,269,652,622,98,65,226,1853,408,442,545,-144,504,20,137,173,632,95,21,-520,-19,93,502,2059,482,217,29,592,136,492,917,474,-16,-48,73,-31,282,82,1030,795,267,167,105,-1931,454,537,334,615,1800,-113,-248,-322,723,-120,1060,346,2224,-109,-378,238,342,1271,349,348,884,-221,-200,704,-182,-30,327,18,65,1502,2846,-145,-5,62,16129,1966,-69,835,-197,-106,3778,171,23,90,219,131,17,107,64,1069,149,114,197,429,-76,-98,7,291,-378,180,-9,491,27,1733,17,134,444,0,-55,571,-76,648,-346,2250,120,138,-11,2108,1468,439,-282,340,381,-1,569,90,-69,279,-316,63,1535,-217,152,-547,9,129,154,-28,15,40,24,281,-167,-208,-202,102,83,1043,234,18,15,86,-38,-162,10,30,131,139,95,-230,1097,184,-84,19,266,290,103,-226,152,1043,-219,478,505,-445,13,145,-498,535,274,-1,375,579,63,355,94,-33,1458,-339,283,-81,116,-379,48,-40,-55,624,14170,1622,-516,3080,2591,304,-145,478,866,182,62,-165,326,-431,-164,6,413,2665,-179,121,45,-98,213,471,556,376,52,108,57,1643,7803,590,11,171,286,114,227,971,9698,523,153,-151,31,-43,16527,2065,59,12515,841,27,-286,184,-4,159,95,341,3927,158,31,119,592,2183,551,70,1890,48,-164,197,466,102,1112,956,1139,128,36,-205,193,108,148,832,6920,108,1938,-35,-136,-9,-10,-52,295,-162,611,83,1310,1864,126,407,444,-2293,644,-22,59,249,-46,44,46,198,66,563,217,233,13017,4407,-73,460,-76,25,1012,-28,657,-180,-217,2729,142,-219,539,2589,316,646,344,710,97,337,203,3079,357,-39,332,83,-434,-97,-21,15906,131,1126,734,-692,367,-145,143,114,-5,-223,29,15,-24,-57,-42,3,344,136,-146,-67,79,-353,18,-143,-50,1497,168,-1200,403,11194,-337,534,161,-68,1203,411,112,14023,4030,95,746,48,-175,2781,707,283,783,-87,1156,1893,236,129,1929,263,1587,169,70,-213,740,407,980,-127,21,1263,54,174,1940,187,978,-696,28,165,61,-26,766,219,28,11,1025,-437,956,114,-23,142,1797,-235,-21,52,133,37,691,178,614,-553,239,188,112,25,417,8,3113,2427,2351,730,252,-149,99,841,18263,43,469,486,432,-473,2608,957,298,1357,156,0,2370,1386,-64,-62,320,-130,-190,3,902,-66,47,-73,2624,5,85,476,102,551,193,1052,326,172,384,242,-73,-1,75,63,-85,233,-223,333,629,19,-655,65,108,128,-255,151,128,3029,4559,-16,150,-131,593,114,-397,330,36,59,36,-86,81,190,32,13,-116,48,39,76,-59,285,511,551,78,253,61,293,-60,-1,34,33,-66,-19,59,33,378,193,197,90,378,34,229,218,34,784,781,441,510,76,122,-90,286,1626,404,-108,446,81,-52,257,980,10,-73,309,339,178,123,-24,324,4775,-13,-25,103,876,994,40,39,407,46,68,283,-141,53,2244,32,246,25,38,7509,522,40,-58,-58,157,-75,88,107,-7,0,-1018,439,257,2810,760,-63,844,355,211,245,445,1968,239,64,2032,122,56,2363,1035,1332,-21,-29,69,584,42,26,2819,354,-50,-57,-17,-42,109,0,96,35,49,308,19,-176,9908,158,-15,-234,-492,1448,14286,-243,-64,85,-93,-40,45,-78,-70,-33,1745,786,96,175,1543,330,3001,-57,1018,-595,-101,-101,-12,204,1316,-21,85,-776,-76,541,241,-99,89,321,759,409,1555,42,475,-7,5,-2442,344,-67,6,11886,6,-130,24,518,290,244,523,441,83,20940,903,-14,19,583,126,77,1349,100,43,-8,76,80,60,-22,14,1225,2709,57,-39,-338,-1,-51,-95,19,-425,-84,120,98,208,154,1355,49,41,168,806,-96,-2,1133,-124,167,52,286,-133,604,324,9,1145,139,9,19,-78,533,-114,-61,340,-34,-113,-188,3115,-31,0,133,1693,974,-13,-309,919,399,164,588,60,1249,480,880,2734,-638,1658,-47,14,9819,-1,189,23,195,-804,23203,62,783,-55,272,7,43,302,81,1352,398,-24,-37,802,965,53,2967,930,3840,108,1009,-19,21,1025,28,-36,-163,-59,19,85,178,38,-226,-164,48,2257,777,-499,-251,126,5752,713,37,244,-21,715,247,544,310,-120,1554,10,-384,-192,-100,1477,2812,54,-92,-443,8192,43,8147,14219,-208,626,-129,4362,19976,2406,-103,-39,227,23,-216,450,-9,-67,-26,650,16446,17185,116,57,117,20,137,-267,6,221,229,184,143,1229,396,-228,5,91,-688,-1196,1120,46,-246,142,-228,22,-763,343,117,-139,-22,-150,48,817,-175,44,81,-43,91,-127,-29,-510,-73,-282,6996,126,558,232,-123,19,30,1089,-622,631,14,-30,-43,-9,283,-57,-6,-67,20,-439,-90,15,223,518,4180,12175,3385,17896,-800,-43,88,205,163,-121,913,-236,65,-320,20,68,287,334,195,125,86,199,-144,-165,264,3289,66,959,-40,376,119,510,-76,86,9261,20,-46,-114,550,-995,410,-248,197,113,0,139,141,-21,126,273,881,741,561,351,218,295,174,164,10,46,-85,-2849,415,400,27,122,50,-344,432,66,-474,-661,-661,123,1047,838,1744,1084,78,126,-407,61,-199,202,51,-95,1063,136,321,554,1188,403,554,101,1437,307,142,220,113,327,344,358,-104,1156,305,61,17,127,88,669,212,209,155,-173,73,-213,-295,-350,418,-11,-1305,331,161,-210,-508,196,1088,14924,463,57,20401,-66,-29,-15,-204,156,-36,894,-1448,1417,25,139,15174,6782,10417,-20,946,-7,-17,313,9,22,58,177,741,-52,774,-39,263,119,3384,323,-36,1577,314,-70,-7,-734,-47,421,80,-92,1,37,-314,326,367,1703,238,-69,96,59,116,1844,579,-1003,186,39,1046,1376,163,647,-2,1534,1886,212,286,-98,4291,3158,1476,11603,20585,-36,439,159,-102,-78,-69,1114,158,5500,60,-78,-38,-5,-137,115,83,-687,356,161,5,59,244,400,370,669,243,299,18616,661,118,-1,268,-53,-30,191,-46,572,0,-149,-574,91,1307,920,133,905,326,129,-226,888,-51,240,530,92,-79,212,-1039,170,120,152,3296,198,29,1685,-38,19,210,115,52,1066,19,2,44,347,1200,275,495,640,200,1517,328,360,927,-141,76,66,222,-6,83,464,-37,330,438,32,168,-114,1415,132,306,-745,-228,-28,-704,118,77,1406,130,694,232,190,36,-1,415,32,242,21,109,-102,80,123,-238,311,450,-232,346,439,1526,-130,39,932,738,115,74,390,838,337,664,-358,32,797,-90,-45,2295,516,135,-22,887,-180,0,-141,-51,-177,-218,305,96,364,-15,161,-131,138,-649,57,-2278,2895,196,49,122,-1,707,810,14219,581,129,985,249,150,-26,-104,66,-147,62,7093,-246,8049,2,44,12624,1240,207,93,-573,25,613,-32,1100,-82,94,1144,868,222,33,110,0,96,-106,-267,-249,240,455,706,182,9256,-92,-67,836,29,-22,777,92,-47,22,-104,-334,14,548,93,284,2338,9535,-11,-30,-92,0,27,-96,3334,562,3,1382,4013,82,2275,-439,-29,3972,456,76,-139,-517,2044,-52,542,-107,152,-582,926,16,-970,-39,273,43,536,416,448,872,57,272,402,-575,-67,840,721,243,65,78,132,3074,3035,-88,7,185,-204,389,951,49,1920,428,1051,54,-47,201,156,-27,-585,344,887,-42,1048,151,20,-1310,-218,1189,46,5,507,1075,348,-26,61,156,107,929,1316,-655,-119,901,15952,-29,177,379,69,481,-550,375,1785,233,44,69,728,1336,38,63,779,851,28,871,9,511,1856,689,-24,1087,-21,374,31,-42,295,1801,2097,154,-570,-15,-265,2868,114,103,-50,30,68,-8,886,586,31,183,-483,9,-459,1239,-484,723,3648,511,189,0,216,38,382,170,6664,-206,41,308,76,673,133,9,-456,10,-45,8489,130,62,550,-157,32,919,412,778,11,148,1032,-64,401,22,4,458,149,-11,255,41,664,-147,200,-1,647,1110,1161,-153,-73,231,-134,-11,108,1478,1,410,470,1292,506,664,386,168,-103,359,-155,91,-112,-414,-13,43,43,139,189,440,583,714,267,681,372,-133,221,256,77,0,231,-285,662,20,12436,10797,-539,90,163,1831,609,12534,90,-99,82,-35,-38,-236,192,605,74,621,235,364,1203,183,-199,-42,-30,-171,151,-27,-8,1687,174,-161,-278,-333,173,0,552,399,121,350,410,-70,114,210,184,0,35,-113,2,879,-77,75,44,350,-729,457,-279,317,703,653,0,148,-555,35,167,-28,369,714,1699,-316,1109,1749,643,-6,-1629,-298,-206,105,-49,-50,2166,94,387,219,-260,-96,-137,45,253,-806,936,1413,669,-168,624,-650,-27,17,241,72,193,899,378,252,863,1517,530,755,235,-152,85,995,40,-203,154,60,928,16106,478,-39,-23,240,294,-66,138,5041,87,210,1022,1755,-150,-413,258,351,8,339,124,-127,78,1229,226,953,-249,19,177,48,35,1167,394,-824,-552,50,-7,548,581,6186,8867,70,131,828,-15,6332,244,84,109,-1742,1987,181,854,196,822,23,1283,38,-200,-377,-418,134,475,1706,-2,166,25,0,-77,-123,656,164,2695,5,-457,-211,429,245,-133,-77,207,-80,152,69,-118,-286,516,54,-51,-411,106,-397,5620,20,-689,-1454,1483,13870,-115,324,-271,1060,468,274,275,2567,-422,-4,1391,178,116,-22,419,36,-38,166,611,25,32,1331,435,-414,152,22,222,437,2,-382,88,4594,-37,252,49,-18,-1318,-186,568,2955,289,-2566,-29,48,91,587,8,-1,-64,526,175,5,1610,740,755,481,473,804,1406,680,8530,2674,-638,-4,0,103,-13,94,2614,100,-1167,-1137,-438,577,-314,-841,-125,35,-1052,978,85,-139,-353,2706,-76,-151,298,855,461,7262,3479,-114,3042,444,-190,1897,5499,153,293,308,1348,95,14716,-648,-3288,-5415,-16945,-1075,-89,801,594,-47,-44,575,-27,544,-61,704,8353,9947,146,0,-276,-33,4761,636,271,48,133,-17,2,-535,203,201,68,298,577,-64,15,0,229,901,926,71,6351,-140,356,-20,-567,-67,37,799,353,110,-49,76,288,-152,217,145,91,19,33,-94,442,860,582,68,263,-19,-19,-205,-70,509,252,836,277,53,37,-40,95,408,347,769,2428,1372,-85,-113,12088,238,60,30,57,5,220,44,129,-388,-56,64,-101,2753,60,90,-14,-120,422,-101,-103,282,-124,-276,-109,5535,-135,38,-8,212,379,42,-191,-168,72,468,738,383,-67,345,16,621,0,760,-1,225,147,1154,-76,268,19,100,261,-79,42,4,1838,56,98,-51,289,6279,66,-76,1159,7,120,363,7166,-123,352,-169,212,706,-142,937,-191,233,73,-106,961,1584,-209,-94,278,-10,104,141,407,463,1303,-27,227,137,38,-1,43,-251,1332,-6,278,493,-216,52,96,-41,100,1663,2410,-174,-367,-282,1442,99,360,275,166,43,76,132,172,161,13,2520,26,546,4374,2294,598,-54,1589,-769,328,-231,578,-23,110,-110,41,-98,492,-52,190,563,-8,266,1437,1473,9,128,125,74,-129,-177,1377,595,-149,706,-38,681,2720,53,-100,691,672,-63,-29,56,1554,19,-96,14299,304,296,5800,-36,78,7217,9162,1130,-507,18,209,421,-84,100,-1700,-275,-66,319,266,1003,72,838,26,-355,156,174,1739,223,305,-5,404,319,1526,161,-274,-287,45,-28,148,11783,909,101,2841,-17,640,-13,-10,-101,213,11,38,25,-57,-119,-63,-63,414,311,535,114,-541,232,290,322,742,17100,12692,210,226,208,14833,12933,530,1350,-124,7,269,2,200,69,63,147,285,-10,296,413,-146,-677,1475,233,643,51,450,-46,612,370,29,333,-19
49,-256,-249,-410,24,-535,-810,709,-316,27,14,-69,-1014,-906,-193,331,303,-273,-566,21777,182,272,-135,-12,-270,-44,-183,-206,109,-88,-94,-510,-39,-3766,-403,-358,-257,85,652,10309,6028,3806,10093,10127,19092,17374,23936,21605,366,-236,138,12616,13679,816,4062,-252,0,294,-105,1062,91,68,327,96,-354,190,199,2867,102,750,-1940,-1394,-170,-331,-331,-633,-247,185,266,1839,-2,44,2356,141,-58,112,705,-236,1260,750,91,750,279,1028,948,823,-138,-49,527,205,-79,333,-38,226,280,-103,64,4041,826,-636,447,142,-29,307,49,-2802,-78,354,349,-17,-300,-103,-396,-1,1742,-195,-626,-59,7,304,689,716,425,-95,19,29,747,-356,-293,1029,1007,-386,366,-29,311,-428,364,220,1793,45,145,468,302,565,2739,923,-1086,1619,-531,515,-349,2364,237,1588,333,64,-11,517,636,923,430,2495,-91,-85,-51,-14,589,49,-7,-12,686,2310,-292,-193,136,-427,59,-74,-138,-2283,-103,4366,-22,-39,-206,297,1398,283,131,-79,438,256,663,0,245,-159,-262,-535,1330,869,477,173,-760,178,-374,3846,-1725,767,2404,-373,1455,794,-175,166,4,142,18585,-227,794,991,-9,-51,317,733,814,-132,-121,531,1273,1964,532,5320,616,1830,64,-64,-8,41,82,534,646,-306,1161,320,5,752,-662,195,-74,460,34,2967,1920,-1125,1273,-54,101,148,-1749,-78,9,-635,136,1054,1383,491,970,165,-96,-863,-300,-47,1428,12104,223,160,-38,196,708,1158,-336,12658,1893,3391,-88,1953,-106,527,749,434,594,384,-129,151,180,1010,2,330,3081,341,-309,-507,904,-266,190,968,22,112,-35,96,-29,319,2299,2265,2193,642,391,1148,638,179,91,2300,1344,716,558,129,497,-168,601,2153,720,79,64,1047,-44,148,122,2220,262,-645,1870,639,35,2203,363,55,121,1772,309,344,-8,-2299,1515,753,2290,99,749,-206,2832,816,893,461,-373,535,153,1752,941,203,1849,1247,599,344,-79,349,2020,1139,1551,18,578,168,462,-163,-118,146,-485,38,253,27,264,1314,888,1042,388,394,173,190,-296,-163,-847,-249,274,575,1189,-192,-58,849,282,262,145,-8,-12,-1,-160,525,1216,71,102,2128,374,76,400,3334,223,-321,-4,11,203,830,1027,415,85,2893,782,940,85,-535,-908,478,246,99,1558,1044,119,1357,1111,-126,-1568,773,-561,408,-622,128,176,1158,2770,-428,141,-434,-237,-250,190,-123,-22,94,-18,323,-182,112,-159,105,717,411,-202,688,274,699,245,-31,-118,195,494,-19,-86,331,-1262,222,232,233,119,425,866,-575,-453,1044,1370,-169,1743,534,-15,1547,0,-752,257,403,64,32,21,874,957,135,1114,85,510,139,173,-935,1867,1532,1649,443,333,1387,7533,209,727,757,1166,199,391,309,136,165,233,5813,900,358,-394,29,-1081,49,-121,-55,1958,188,705,1710,2813,112,95,206,-45,56,-48,9419,481,-260,478,47,26823,34,-2759,759,-445,-69,153,914,1105,606,307,205,425,512,-51,-659,1396,170,3910,253,320,784,508,274,380,-31,37,-255,662,21,344,964,-84,-136,353,367,59,1287,282,994,477,-2386,477,227,1861,495,-245,453,42,349,-273,65,249,-267,1192,3572,433,-173,-873,-152,391,66,4,296,-91,-29,339,424,696,128,160,-515,1750,64,834,175,-418,-149,225,-37,878,1431,1391,-621,-8,310,5847,465,74,169,34,71,102,111,-8,552,790,515,2480,1141,1340,-1260,76,1366,-353,272,602,-106,1458,575,462,559,58,4,155,508,-131,-68,-1,-183,-703,670,670,316,478,153,81,1148,-7,410,598,680,94,86,160,829,-877,-115,-255,163,784,179,1125,1058,-131,2,-209,68,266,71,259,31,289,94,1008,368,504,-2305,302,68,-32,29,2152,14,622,-66,76,356,212,349,-84,163,85,1762,45,153,484,32,8094,179,139,507,148,1240,-465,1,354,-914,-142,638,7721,152,88,-193,-99,582,-2028,59,160,-185,2417,-451,814,327,360,190,1373,170,182,17,696,1688,0,1337,-84,1148,72,168,19,491,427,5776,-286,280,-15,158,1682,1041,65,-292,2773,3219,514,-203,1054,-404,2787,2763,3393,376,1168,242,-5,-34,17016,954,260,2910,716,2555,306,981,103,1004,-1282,-1793,447,-286,-1252,-740,-1772,-564,366,-145,651,451,2701,2255,559,-296,-554,1552,1464,-347,103,-131,-168,548,119,601,762,-947,-386,571,0,123,3983,219,608,54,-236,604,-1162,250,1142,-122,-366,-410,-102,-623,185,-25,1381,-123,-1629,-185,1948,438,544,873,1985,23426,320,106,585,3045,-245,253,-2047,7303,27,-293,148,35,-175,655,1054,648,23792,1095,279,99,269,586,444,21,240,-670,13260,-273,-111,511,-28,4148,22178,42,-2000,142,-42,113,415,880,-1012,5360,121,141,27,198,3853,155,462,116,18166,3403,727,1025,1058,188,1088,-5,-169,821,65,-126,8889,-252,-407,108,42,-94,236,510,-1334,-267,-1133,287,113,-121,1236,105,-806,-820,839,109,-35,-1993,500,3951,37,1,-12,769,632,760,678,230,1320,-34,-196,-25,-105,267,-196,816,260,357,-418,195,776,1206,-102,-75,-243,1455,112,417,-534,-504,16063,-175,1626,189,639,1,-448,41,-188,-152,-52,-579,1059,3688,27,505,-1530,414,188,500,591,-230,-139,-51,894,277,-202,-4260,15690,116,163,-264,6229,-240,155,-287,15318,-913,897,454,773,-61,-103,-2216,445,132,961,-188,732,-549,1776,1213,139,330,453,-896,-304,636,1012,55,103,-49,48,-1018,230,676,1987,1814,960,500,151,-507,-189,148,2877,427,1457,-239,7547,-280,1074,1676,2186,-557,-32,34,7007,817,1675,510,6996,226,25,-354,3809,471,86,182,760,123,555,330,-243,109,-22,163,159,-307,-24,645,-192,-56,296,2079,2420,643,-682,366,-72,-1,354,636,417,510,881,-131,125,-135,-133,1508,726,2000,2121,29,545,-24,8003,873,-112,168,-1364,-99,-166,-31,-24,-91,-166,-170,861,2307,-2,1276,-39,146,-529,11,492,180,2785,148,561,393,145,311,81,95,-78,-259,-131,199,1236,-176,69,680,623,588,66,443,1044,330,2017,-68,-12,79,200,151,94,-199,206,7,-99,548,688,24,115,-66,292,843,141,232,-9,1859,686,-2067,-406,61,206,198,-1165,256,-662,1102,-433,180,-458,69,-307,453,-29,-522,753,2985,-98,-2099,64,-350,29500,7507,59,-81,-877,492,-69,112,276,145,-1029,119,609,48,-985,-55,21,4027,-287,678,331,108,-5,1,189,-82,1473,521,-139,-9,216,752,239,-96,200,853,2696,494,-4,18,-132,-49,76,183,2844,233,105,199,512,-176,270,-388,279,-68,-41,2166,126,336,190,-212,947,-482,42,-19,3042,-2,2074,10583,-66,106,-229,377,3558,-14,1539,141,371,-129,213,465,85,1393,-35,-5,119,-105,22,-133,696,789,230,146,-1431,606,397,133,797,1739,461,767,501,-598,457,69,-72,401,-250,992,229,391,4390,146,1041,101,-2265,289,-1205,-876,521,-3409,112,1814,833,411,661,2673,272,-465,903,136,1903,-102,404,264,349,1202,753,2926,260,-294,1179,212,280,488,-334,326,118,1273,20723,118,2097,1582,-108,-2,3984,81,319,-18,1166,1263,1445,-39,21,149,35,717,64,629,203,183,-58,242,2077,189,-166,843,75,813,524,-1098,-1075,4135,24,-1501,769,861,462,-394,-24,-160,-337,-119,-1914,246,29,2508,-1369,246,475,6812,1624,1172,195,-1537,81,300,-51,384,373,-401,89,3456,111,-1055,-273,-29,-400,-89,-1314,455,494,-109,173,807,723,2306,937,-148,-158,501,136,424,-3970,760,608,-188,-159,-252,-111,-715,750,1477,-42,22,222,-115,51,66,-14,21,180,881,1071,-884,-311,-639,307,24,950,273,591,1133,303,34,9,232,136,-106,249,142,95,-85,299,-1186,386,94,-66,364,1297,8,-145,172,-45,-74,-151,-1149,1678,363,-58,975,-51,58,45,260,196,232,190,1384,-784,866,390,562,-1052,206,-126,88,1625,31,722,-339,79,-448,645,-632,141,329,-160,199,368,977,766,89,82,149,245,2266,172,471,15941,451,260,-420,-102,-29,-138,199,7,-82,-37,1755,1051,101,381,-138,-178,-477,-310,7,373,-199,444,625,-42,286,518,18,27,511,594,-262,-45,-22,531,32,196,145,-129,-870,320,-105,860,-1700,113,-584,-39,571,-24,86,-79,-772,853,-877,297,391,7,-277,-76,363,-99,202,361,1337,641,1300,18,1179,-195,673,888,274,802,320,-9,904,-116,21,510,15,763,-65,-4,239,537,17,310,17,4317,28,39,2106,-344,1186,368,44,-374,41,-461,163,-162,108,-81,-133,777,105,-256,-478,-1820,373,-2068,230,12,35,1104,22,138,-156,-1069,370,311,-81,-81,2601,3219,-14,-299,11629,-7,11,-78,-1049,199,185,387,6603,256,-74,243,-349,475,-260,-387,320,72,334,239,750,682,64,1192,407,-68,552,4813,670,-370,15956,-112,-420,71,255,323,153,75,370,-233,579,-192,514,-1082,98,-175,-360,152,-2,42,-9,1272,453,217,735,849,279,69,-149,-518,957,-145,611,183,112,188,-1685,321,390,6682,558,-89,890,-269,-636,253,-48,24,-11,193,-240,195,178,511,287,-129,18928,47,25946,21651,21626,-48,-198,-32,-38,-819,743,2424,9701,151,-64,2369,1293,901,-202,430,-390,864,904,-331,115,253,58,448,230,-88,-21,-414,-1612,494,-179,122,-346,245,313,5390,-5,1524,259,283,404,294,123,953,-784,425,-688,376,-343,-363,-699,2636,505,-101,1632,462,-106,329,1005,357,793,192,256,396,259,226,129,390,1010,89,1,-1648,8758,198,23118,2853,311,108,-512,-237,1024,368,555,229,-648,98,-155,470,212,940,41,1,170,122,32,-222,-45,272,-1112,-4,933,-514,-35,-121,723,9769,-277,-34,-21,-2688,179,123,297,1145,-243,394,274,-756,-266,125,-415,115,-71,92,683,-76,-366,-817,106,206,1816,-133,205,521,-2,37,1048,-314,349,-76,-65,1047,6273,465,-64,94,88,-621,74,146,31,12,310,1086,810,1950,-1246,115,105,45,19,5423,1057,18969,1131,-2102,980,477,131,145,-65,-1545,-121,-69,528,149,-39,708,621,1324,56,-212,7067,8,-260,125,212,122,1072,-287,94,333,1413,1071,-250,8630,3233,82,61,652,-163,-82,1151,1349,589,4561,88,148,856,200,581,-461,594,-45,-371,971,294,27,68,76,631,1253,467,321,401,-475,679,257,3075,898,356,189,349,-106,252,1963,216,41,1239,-86,-29,934,562,1843,27,101,102,357,79,370,569,1119,296,894,500,-326,113,652,37,1545,-557,433,871,19,71,839,-1091,609,96,-207,99,226,4,-529,484,203,-341,-853,-136,54,-189,3221,1458,59,-48,2161,518,-78,-753,482,119,869,192,44,2095,1052,-396,735,544,777,-793,68,-128,-698,-313,-857,703,232,68,1089,-126,-162,-836,-136,-78,-166,59,178,-910,-12,-169,92,-276,-51,-49,212,22118,6795,1400,66,149,82,-44,-397,210,18,-394,417,56,-143,-86,-7,260,-569,417,541,-1549,-18,9950,-753,-547,106,-282,232,2622,-142,776,726,447,-245,447,608,-651,816,-35,-1659,1104,29,95,62,-223,5,240,-1017,814,-363,162,-61,836,199,631,420,302,-37,210,48,1155,-96,143,55,-28,-79,16670,-2859,715,-655,185,303,259,710,-790,435,229,-1548,112,568,-61,61,-700,-300,508,-34,-198,8,557,333,344,321,987,5845,5191,470,-94,35,-2,-286,-712,-270,339,239,438,507,823,-353,11,28,153,156,296,69,-1058,113,128,3327,264,289,-1447,88,1118,371,693,-190,-41,884,-52,-472,1131,-8,-408,267,-267,-175,158,149,14,82,95,7997,-199,287,153,-460,1326,490,196,-74,491,555,-199,-5139,443,1491,532,-430,242,397,391,172,-29,1136,-14,-27,17078,-145,296,-417,433,460,898,119,-81,622,354,56,106,1189,817,-262,1059,-29,-1823,-206,-471,-303,-31,135,-156,-273,62,2480,42,-190,102,12895,2742,-98,562,163,397,-219,-665,713,612,4561,327,-373,-220,1826,1230,108,121,747,-89,94,-2446,-105,129,-481,199,367,800,39,143,625,-15,1259,-537,1202,491,2253,105,-188,371,4201,390,527,-95,-485,3021,1314,-531,230,86,370,-133,196,-249,970,169,1108,-316,799,1,329,1253,286,371,4174,928,37,420,-653,283,1672,304,66,76,955,-17,-11,612,192,1559,146,75,185,925,1418,113,-700,25,-29,500,-81,1309,-532,710,2239,142,814,-1012,-54,118,572,582,490,2071,703,605,109,94,388,245,-414,-481,217,-531,1544,101,111,-933,1645,642,61,102,1743,917,108,410,-289,-71,753,759,1068,-621,1406,-306,388,-149,1161,1356,283,368,-133,-48,1394,-88,-173,-7,22,621,346,240,-98,-41,1279,-25,-4508,118,108,725,125,58,330,78,481,980,274,233,126,1088,-14,378,203,-58,1193,440,163,-115,-76,-739,-205,236,-141,777,-311,159,103,1054,-266,484,39,227,2149,24,3822,142,133,316,1132,-71,165,963,-756,136,-58,706,443,28,226,-257,274,403,-940,1504,106,-186,413,12,521,42,313,982,920,38,814,253,62,41,215,189,62,502,7,12244,578,66,-716,129,491,-199,-22,859,267,-649,363,168,447,44,331,-203,121,-196,9,206,-180,49,2283,-143,696,-135,182,-910,-9,79,531,-836,129,178,-494,142,195,240,807,-947,-18,25,135,189,425,732,545,188,-407,-407,933,-579,-142,571,1074,-245,-176,219,239,393,170,971,-282,24,280,-121,175,-300,293,424,75,-465,9,227,467,3837,321,1454,-651,1108,481,42,-101,-133,1653,-200,350,361,-398,1421,357,-1427,582,-170,423,216,1608,96,-66,373,-185,38,364,-730,-81,56,-212,-179,162,264,378,12,-279,431,240,129,-182,877,-190,572,9288,1401,-143,354,-136,814,1277,-151,95,484,-122,35,52,606,-133,907,219,1512,219,638,876,-193,38,-1283,242,487,812,460,280,-327,-51,817,478,1849,-280,1004,105,55,2364,-108,319,178,-196,200,-148,-935,438,109,-158,-2021,-374,311,243,-517,505,702,1397,-206,35,180,537,326,163,-47,472,371,350,-52,502,460,-49,575,-269,757,-41,702,12,162,1394,2065,1346,417,757,58,-1614,15988,153,2109,-665,-141,735,935,220,52,111,1024,-153,1118,709,-202,331,1812,340,52,-190,38,193,398,2119,65,1004,-34,64,-462,1870,15572,15357,86,-56,199,226,162,-29,1096,84,39,129,324,68,270,561,-230,623,-54,508,25,475,679,12,39,22,-52,575,482,531,-24,745,-52,15,394,239,773,988,111,615,10029,24788,14126,10070,12274,26818,4601,559,1300,95,-455,1088,113,212,1202,451,175,-772,-396,470,-58,-165,-257,816,178,38,-74,404,-8,52,-94,1330,317,91,-123,19,-71,-443,-54,-42,-44,-282,423,160,-287,859,552,-1225,767,373,-95,223,2816,-14,79,-51,502,417,404,-836,-37,249,-678,-35,158,121,478,331,206,178,1581,42,131,212,-166,-41,380,7,-5,44,49,-84,891,273,-28,-487,-44,-1012,1430,159,125,455,920,85,-611,2,1418,263,390,-143,-1837,700,0,383,-172,142,339,42,-39,1044,430,-406,670,-34,54,-512,47,245,303,1289,192,286,901,86,185,-41,266,-270,760,537,277,-99,435,-123,-28,200,133,4087,1346,2493,-339,336,277,-152,-41,-66,61,-297,68,-94,81,216,911,-94,253,874,5692,-123,51,-22,-88,2,113,-62,-25,4,-735,695,349,32,-431,-51,515,121,-4,-62,368,-15,-189,-632,-307,945,-56,-74,-407,-18,-307,-384,495,-22,61,148,44,840,507,-1061,-168,358,72,950,-702,514,-169,142,-200,9208,182,293,34,720,199,143,-443,47,420,196,-209,782,-142,1367,-229,250,424,270,123,141,-86,11,-54,272,750,-287,329,609,396,212,287,190,474,-89,-4,705,1031,2112,173,64,-29,81,108,-222,222,840,8,494,-653,233,856,534,-246,1146,-212,-869,316,-361,1736,99,411,185,-780,-716,31,398,1953,611,-65,663,-508,139,138,68,116,378,1390,98,132,-434,96,252,-207,260,542,59,-78,-1265,-488,-393,71,-391,-21,189,121,51,1297,-548,-15,336,44,-24,1161,293,539,306,1069,668,2017,531,79,1713,-515,537,467,11,256,15,928,-239,7,401,-119,-51,-923,678,1495,931,260,314,-95,329,203,-76,1668,343,-2816,-56,267,2408,0,74,-94,205,1180,928,146,-170,-216,19,-1558,-179,-186,51,651,39,143,-914,719,745,368,74,217,-849,-1067,2306,39,163,1111,-96,109,182,515,-54,300,125,-444,1124,377,227,2257,505,-111,-86,-1092,-266,21,79,85,-380,199,-5,-205,-179,-263,-992,1022,1062,735,246,-579,2027,699,121,843,378,51,21,361,155,-1209,-381,765,819,-172,2,488,-133,149,125,1387,-319,393,1616,-153,101,205,-290,158,958,349,6830,565,1708,1312,237,-4,730,928,2092,44,1300,-51,404,-8,216,-9,162,374,92,715,3189,266,-420,656,2098,-101,32,-9,1,-467,277,41,94,165,467,143,-869,877,384,777,-733,614,-273,1290,-1604,122,-159,1309,605,263,518,1421,1132,-465,-302,-44,203,-1155,2283,-331,108,827,901,507,-192,-347,12,143,368,401,453,279,-98,2582,109,-198,702,272,202,685,12139,91,1978,-58,370,18,1390,-792,153,-451,-263,1483,9,0,561,168,-81,504,-15,236,374,-205,391,111,1213,4,112,3575,62,45,3665,183,119,1524,1416,327,749,2085,-29,569,232,423,-25,424,142,182,61,4095,-245,-1846,1991,1470,-609,28,341,75,1426,839,574,-598,363,947,-106,31,44,490,-1029,-153,-31,-185,-293,1286,-415,292,-441,-121,78,-18,125,-504,1051,-478,42,2248,99,266,-95,-35,-112,17,317,-34,225,58,-64,32,290,938,851,1376,226,722,217,199,-582,-66,148,-27,309,1,-11,-311,2557,-316,853,45,64,132,1645,226,-1,1256,55,-9,44,106,1283,896,366,69,-52,199,920,-219,1269,34,453,935,10762,453,564,216,226,387,-183,123,339,347,223,-48,44,390,-128,846,85,274,-15,14,279,166,202,1095,558,-1,-78,354,481,-1635,-96,451,12,270,-294,-622,-633,-113,-290,-78,-527,1386,78,425,-217,246,592,-176,804,156,91,155,-447,253,-250,313,2577,-689,-1547,66,188,-153,273,689,-2297,1742,-457,-59,34,1626,-163,364,-37,-458,-5,-698,-907,-75,-82,554,1071,-307,502,-88,-1,609,1247,1490,353,-170,1007,15,-388,155,69,-568,0,-96,5,-250,1763,165,4,-341,-109,123,2927,-56,1250,183,1478,-102,200,460,544,468,-69,313,199,18,-595,532,319,64,168,132,212,-44,633,-14,-122,712,460,1652,928,-1861,277,9,226,297,1391,-42,386,-126,138,589,0,179,829,-118,12,-1183,165,706,-148,344,-420,-158,-18,1068,74,-62,417,341,-17,757,-129,71,-126,954,-84,31,-37,29,203,141,408,256,-193,-19,133,2471,552,880,-280,897,1065,601,-264,1136,-450,1310,71,180,-52,-139,129,717,-673,-55,76,-1015,148,-34,200,1232,2770,430,66,692,670,1502,3124,-91,-1581,3595,29,-269,-126,119,-482,-331,-84,75,51,27,901,-106,94,-123,1455,-64,-2067,195,-226,54,175,-378,2659,126,99,-324,-81,0,158,-82,309,1709,1511,55,206,39,-51,-121,349,475,220,-618,19,-185,-178,-242,2121,324,-4,320,411,232,796,394,974,-162,-569,-203,273,6991,445,991,210,-160,188,17,2564,280,336,-594,880,651,477,2437,163,35,1212,330,-1223,-95,190,-176,-19,106,-95,-61,255,633,-85,274,-579,146,136,98,873,1270,940,29,302,559,156,82,-237,-89,655,576,737,-64,213,72,443,-384,276,557,19,15,116,198,1418,86,190,215,-121,222,62,51,-279,-202,-74,51,529,988,954,-431,-199,-14,95,189,-418,729,418,-755,-321,413,176,527,-273,139,-8,-207,1038,-4,113,712,455,1826,240,360,730,-555,982,-54,170,205,252,802,-200,229,1964,-29,62,-779,-48,-2588,-25,108,394,-35,74,0,227,-562,-313,396,574,1289,575,139,-729,188,37,-696,-230,564,-21,-92,-58,-310,965,-206,-1444,212,615,98,151,101,1101,209,-92,42,302,27,730,693,403,-29,-980,782,1175,690,213,247,-159,-1,1049,743,-22,632,378,393,693,284,-141,95,-121,-706,1539,-119,1377,-225,528,1467,1109,770,76,-383,400,223,569,-284,-1200,406,-12,112,-88,-138,-172,633,1487,-471,1162,89,27,732,391,1618,105,158,176,3511,-45,321,108,635,-293,461,25,200,52,-689,162,1473,327,236,256,103,176,28,-783,71,175,645,45,1256,-324,247,283,283,48,-48,227,-12,12,3805,866,-5,146,219,-163,190,-461,1309,1619,5614,-346,-917,2487,633,-814,3807,169,82,182,22,-378,358,307,66,-17,-142,220,-64,-91,391,-169,212,917,121,21,65,2592,1,3136,-991,7949,-138,339,27,-81,16424,125,138,-388,-698,-18,71,-4,1165,195,591,5333,-133,1584,113,-149,-264,1874,200,512,61,200,280,1032,1068,3719,-652,24145,15,283,24,-109,-220,529,-42,521,950,-125,-282,183,81,5,156,475,642,588,-159,236,103,12,269,-876,133,-521,-247,48,94,86,368,-2094,118,8,-2,19,-216,-54,94,-141,237,49,237,-185,11,41,-85,21961,94,131,59,182,762,586,68,562,420,-554,-195,-368,-94,-705,-31,-198,113,-44,329,371,1384,-415,511,6154,165,229,-594,1500,-2568,-66,39,737,864,-37,59,1138,102,145,-1277,1300,465,1426,-82,1420,-284,42,-247,794,1012,3364,1406,-145,-4,-151,1400,732,-35,428,-113,-38,733,-34,-410,169,11,3718,478,-178,-414,115,3996,173,-1,992,1700,-126,-3337,-357,2740,534,1369,190,17989,-56,141,18269,2235,25,1864,94,34,176,1776,-54,1196,964,505,103,-906,113,-7,111,-242,690,-203,-133,25043,19,-79,2005,403,58,353,96,61,-898,48,7033,3649,-94,51,-14,32,-185,-217,155,-870,-186,-179,34,-451,-17,-198,155,-86,413,-588,297,56,933,-1304,341,480,82,2122,-166,-266,1228,-170,8241,608,537,15,2112,609,-356,510,38,-749,-373,10049,327,-302,-1317,-108,66,-192,963,626,207,-185,564,-138,58,955,-28,-81,193,262,260,708,717,-32,17,85,1908,-235,19317,2658,1092,-642,66,7,15552,272,860,243,14,1642,1596,-135,648,-210,320,252,75,23548,10520,0,-169,-29,434,1286,774,906,1173,-188,7224,-329,121,-106,377,-89,145,297,2735,89,-300,41,143,-331,1757,-126,230,-99,5279,998,183,-96,-810,31,65,-215,-105,370,-849,-799,321,678,236,2483,3273,1210,961,19,445,-8,-5,7585,760,95,351,-113,403,327,-193,787,-126,299,62,820,-148,160,-515,182,854,1089,1,2064,5,762,4091,360,1004,589,15050,790,-210,-55,9,276,111,-1302,-14,887,323,172,19659,119,-1,-119,32,-103,74,512,280,122,458,17,717,39,156,819,1257,336,-612,-403,123,10520,-85,132,-329,0,11,-4,-122,404,-182,156,-41,126,565,504,-236,1247,-363,180,-1465,61,-22,-230,101,632,783,860,2229,1185,871,380,75,21,170,19,56,313,279,-55,-49,-9,198,111,22334,-226,-1947,18,612,-163,333,649,-1539,6783,-434,103,165,-273,12905,-202,756,118,313,438,673,-25,-113,334,-21,-673,2386,292,22057,9905,74,880,4756,574,1785,829,133,720,2450,264,103,1359,264,-611,1359,165,131,336,99,145,3554,76,11,527,-206,-306,4857,824,2044,227,2287,2243,541,212,336,253,408,121,-957,-272,545,-336,736,13495,-226,31,-99,25,472,246,810,424,302,727,-129,178,378,511,2431,1269,1512,2151,770,106,-27,119,792,770,267,-48,595,544,-146,427,1048,88,310,-262,35,806,1108,219,65,-66,1098,122,-225,679,-594,259,-111,566,350,-19,31,-106,41,653,464,2346,96,1243,358,-47,148,-15,-65,-116,-510,213,3058,-143,-11,0,457,136,941,-277,4310,-64,-202,304,-24,24,237,79,-531,55,84,-99,2421,357,24,66,66,2205,24,1307,78,98,12643,850,1889,-55,-249,-220,1148,-215,270,393,252,-82,173,693,98,-41,-38,-47,1702,1792,1656,-307,267,344,484,354,269,1870,19666,1161,5553,360,784,608,488,565,165,235,-1141,-133,-327,-126,-8,1438,11,48,222,94,-52,-304,417,122,170,584,101,-240,7264,96,1032,1769,-217,78,133,-56,207,56,176,474,1599,-38,390,900,207,455,-354,729,58,-28,94,729,-384,-206,327,710,-15,25,250,69,205,-994,-132,276,-89,123,-69,-29,118,-585,-272,629,286,403,-96,-38,-227,888,854,568,152,42,81,-202,-101,-61,1230,1105,857,69,1366,-307,-294,-361,47,136,-206,31,91,-619,-101,25,1300,-606,-643,-216,326,418,-152,-66,507,4047,537,-1491,-76,-172,428,121,1133,270,-78,82,820,658,175,-136,-269,-185,-133,256,24,485,-158,103,95,21,-89,125,1410,-28,1574,-219,3715,-35,367,1233,245,-96,141,623,317,-92,333,773,-182,444,861,195,-32,113,800,-297,-259,-1004,210,56,-753,89,397,569,143,336,-859,-54,56,-65,37,810,-901,162,-133,74,-1877,193,24,-2,-250,-165,16043,15,608,136,55,64,22,-428,256,188,742,1222,15,330,350,38,280,-247,-220,642,1464,854,311,-75,-183,964,802,1255,898,-160,924,-38,-179,192,464,119,39,-1656,8,170,198,1202,243,464,-151,376,-102,618,1696,604,58,-59,377,-27,562,31,1245,1017,-357,-71,116,-3065,458,410,849,1195,612,-494,-396,-219,360,-190,1230,47,782,-274,-1124,783,735,2597,162,-62,548,-1012,-443,18,71,-142,364,82,151,994,1408,-309,-62,172,5916,2538,-7,65,-203,-320,1565,282,106,-887,166,49,180,-605,31,102,413,72,-21,99,-126,-8,-907,772,-608,334,-38,518,0,2431,78,510,737,8,-22,1455,-47,498,-207,994,138,243,-96,354,2578,72,-604,-113,293,-56,-38,139,-84,574,-545,89,2071,-128,-123,-370,-28,132,482,-17,-113,199,253,628,-216,-407,977,27,89,1846,292,101,-54,112,-7,-217,-22,12,48,151,-82,-173,740,623,-92,82,661,376,250,-339,-17,1639,-300,779,1252,-551,-34,-517,-612,396,27,-108,242,316,168,397,29,-31,2340,-178,284,-462,92,-1223,84,-247,-39,89,20698,1770,-1081,898,679,407,-225,930,95,401,-165,-139,116,-977,-572,28,793,-260,-313,116,18,7,629,-108,282,1108,152,132,185,925,56,809,143,477,-55,89,237,111,6610,871,-561,-233,61,-263,11002,1834,72,9543,109,85,-467,2,-21,61,11,683,1672,358,172,262,814,289,907,25,2205,200,-169,378,304,-193,374,443,662,64,223,-321,8,131,-953,937,2555,381,1673,-143,-176,35,-38,-350,79,-193,400,71,457,934,180,586,877,-3409,1220,34,255,381,-116,232,119,158,109,519,-505,246,4300,1042,51,353,58,-55,1178,-424,487,-269,-314,152,200,-780,108,2336,269,997,645,492,-62,19,433,2427,262,-160,668,-705,-690,-102,-45,20680,-703,2240,618,-396,347,-123,35,266,-14,-472,17,126,22,-273,-160,-101,1,34,-651,-91,131,-980,-96,-296,9,-149,240,-1578,264,6279,-454,263,128,32,568,700,283,13312,8932,294,386,72,-779,1876,2220,-1309,264,-21,992,-215,196,-56,755,246,733,746,-21,-474,306,621,1095,-220,-14,205,94,153,186,21,1807,-723,126,139,-9,-51,294,698,29,-66,921,-387,-569,245,119,179,782,-85,-18,11,111,99,96,-84,435,-763,638,-245,-105,49,45,51,589,955,1427,195,59,-198,123,178,16949,9,481,-317,670,-981,1779,-24,-192,1,119,51,3651,373,-24,-48,160,-547,-431,17,521,78,98,-196,765,-19,-34,41,215,716,15,623,340,280,575,447,-488,383,31,42,32,65,39,586,739,31,-1078,68,411,368,-655,410,307,2599,6034,-15,91,-168,619,207,-425,202,32,9,-341,-81,189,61,-25,75,-444,74,276,59,-1,85,386,917,59,391,1507,58,-180,-384,38,109,-240,25,116,371,1022,135,391,226,351,48,122,337,-41,888,1195,-27,747,363,199,-199,225,227,96,-199,207,-95,-47,353,2370,-226,62,678,-55,111,27,96,-15,3366,-14,-142,-280,2307,460,-656,-32,206,108,69,574,-15,74,2148,12,492,266,1847,5443,663,78,-119,-152,-1,27,-125,776,-158,-698,-1421,853,196,995,44,-122,-2,94,179,165,143,1096,273,115,2464,468,-58,1860,237,2166,-103,9,286,752,109,-79,3874,185,-282,-84,-61,-25,-216,25,54,-31,21,237,92,-519,4020,239,-11,-1078,-957,2209,28849,-370,-143,68,-306,-112,9,-455,-190,-88,2087,-138,52,108,2919,519,1946,-17,431,-141,-156,-152,-52,125,1608,-24,162,-867,-15,146,108,-141,-24,514,833,851,1491,47,1010,22,235,-3668,555,-193,-44,740,-482,269,39,293,276,652,401,1195,-413,23371,151,-129,158,1461,72,-56,227,-79,15,-66,-27,76,-96,-145,-28,262,3447,182,-4,-239,5,-58,-292,101,-928,-153,186,311,166,19,1816,-434,55,5,282,-237,54,692,-76,1323,29,343,-118,971,478,38,2045,138,-85,492,-203,-180,-260,-142,776,11,149,-688,3678,-15,-105,78,1024,1736,-28,-198,904,1015,495,468,-146,1396,-410,980,740,-1186,1035,-133,-103,2632,61,131,141,648,-1735,27112,303,1624,-195,280,169,-158,153,-24,179,180,-82,-75,-82,394,256,2654,162,1663,430,186,-52,216,252,122,-776,-282,-514,-1,1045,-492,79,-5,96,-95,569,433,-672,-626,358,4709,206,102,233,85,-264,142,45,477,-303,3725,-25,-1163,-605,-512,1109,2152,270,-215,-1014,3246,-5,8228,13851,-847,428,-170,3721,22337,330,152,-1807,501,448,-243,202,-307,699,666,884,14240,18411,58,82,-366,149,517,-705,-18,294,199,179,267,2581,651,-547,-55,-18,-1253,-924,816,-75,-482,24,-460,45,-1327,565,146,-200,-2,-257,-29,1537,-495,76,21,78,59,-129,-32,-524,25,-680,2753,89,779,339,-79,-616,-37,699,-175,549,-15,-78,-126,-22,341,1,5,-135,101,-747,-82,111,1777,894,4047,7363,1252,9761,-1012,-27,116,333,96,212,934,-602,0,-515,51,464,1991,148,388,534,-7,-133,-400,-518,237,2966,112,447,143,581,356,257,-578,86,5937,111,-108,-692,653,-1581,780,-604,139,34,175,344,227,-45,302,290,374,1370,343,445,371,113,153,91,-98,-34,-82,-4414,454,266,635,414,330,-717,1074,-5,-819,-207,-712,1,310,1022,2387,2225,222,170,-1029,-323,-152,683,18,-142,179,207,1478,559,213,256,89,-89,2048,313,-41,212,-245,264,92,-165,22,2172,501,64,210,160,-559,595,15,548,481,-72,182,22,151,-568,227,605,-1430,1337,96,-252,-240,743,353,20474,418,44,16531,-326,215,-81,-770,1114,-173,1458,-4276,2216,-293,163,6927,2322,2525,289,532,11,-252,102,-21,471,-132,267,141,-66,-1913,44,-89,323,1132,367,-102,786,401,-69,156,-834,-31,743,65,-203,9,86,-331,115,502,723,125,-86,126,-2,58,366,1653,-1111,364,-189,292,870,299,955,-34,2621,876,243,339,-28,3031,1299,2159,21930,16231,4,156,155,-320,-230,-48,504,138,61,115,-92,129,8,17,453,226,-1877,522,482,122,21,407,219,146,-122,-441,98,24289,1273,-88,-111,641,306,-121,155,-156,458,61,-216,-565,-111,1065,-62,327,1081,2098,-105,-1011,2554,-890,1839,481,155,-445,407,-1423,349,132,448,1535,205,125,1662,-175,-236,-106,190,-136,202,-44,-64,-65,1,1230,330,-68,508,173,235,-444,406,1145,-435,82,-81,165,-242,-101,1448,1099,91,336,52,8,-337,304,314,1114,-1531,-331,-24,-1720,18,75,1686,-358,1038,384,886,-88,-105,166,66,212,32,351,-136,96,284,-576,327,109,-310,886,760,1779,-274,-282,508,182,-22,79,341,374,91,373,-498,24,1715,404,28,156,595,384,-19,807,-410,-55,-109,-132,-796,-1109,794,-108,272,-344,360,119,188,-886,237,-4691,1524,213,-116,320,-49,534,1582,10003,307,491,1255,443,172,-1983,-233,588,-965,69,5446,-12,20555,19,-27,17180,-17,568,0,-1294,4,608,-18,2547,-129,-595,421,330,548,28,84,-309,198,878,-626,-844,-472,881,384,397,21601,-71,-225,1480,-65,-343,1037,-4,135,22,-453,-346,74,568,126,92,2363,5953,62,-81,-142,2,162,-178,796,840,-138,2820,2867,-48,2037,-113,-159,1648,-239,128,-59,-648,1594,-108,508,-173,508,-725,2477,310,-1131,123,28,172,431,84,2059,1653,-216,287,1180,-477,-125,614,967,548,29,116,183,2344,1360,-252,55,267,273,119,356,74,2589,447,1802,99,-210,642,-35,7,-951,679,-1807,-151,1316,66,-227,-2279,-639,2064,132,-32,1559,1267,484,-45,66,28,155,1126,3434,-192,-99,1354,9520,-15,203,357,-344,190,-118,633,1531,458,138,71,917,1025,142,35,717,128,155,1039,82,165,1307,1294,71,931,349,1079,-27,-121,1225,376,726,213,-1230,31,-363,1401,-192,118,-334,-27,-101,-544,623,-8,135,151,-784,-142,24,1940,-786,663,3797,695,126,-21,478,-7,531,-400,770,-464,102,-203,169,1653,518,58,-1257,139,-472,5169,-25,29,559,14,-56,730,584,749,-58,458,1151,-339,908,-18,-7,652,15,-35,424,-34,1317,-66,1363,-28,1212,585,1745,47,-22,373,-574,-49,86,500,17,-421,888,2675,695,954,344,-618,233,111,-65,213,-357,-491,170,205,19,189,-602,270,49,643,455,363,626,-179,-24,25,219,-2,408,-1525,1343,-74,8399,6850,-61,-199,162,1220,-98,23567,280,2,35,252,-227,-457,213,387,215,690,507,183,408,1,-396,-37,-41,-226,240,-31,160,2055,-126,-653,-175,-703,82,31,400,327,-8,2634,381,-132,274,264,406,1,-55,-193,-61,170,-219,193,116,745,-1199,1074,52,276,-294,277,-14,-12,-465,-158,411,-101,209,900,606,-404,522,3322,1534,227,-2208,-376,-760,126,-615,8,3911,131,450,384,-472,-74,-484,0,122,-1738,306,646,239,-236,975,-1071,-256,333,79,66,353,1014,-125,186,1643,2239,1390,578,125,-302,64,1320,-72,-364,183,-682,274,13573,311,-38,48,4,32,-96,213,6055,366,525,1296,3803,-321,-578,680,460,-287,551,-44,-242,480,257,152,394,-1188,47,-155,75,55,2008,635,-326,-1864,72,86,846,713,3725,4466,66,54,635,-72,4343,-9,56,575,-2836,226,-1299,266,118,1552,17,760,-264,-336,-629,-757,229,364,3062,14,324,78,176,344,-619,547,-39,1055,-62,-464,-700,1061,-400,-296,-74,-458,-217,99,128,2434,293,354,116,-242,-636,19,-11,2248,24,-913,-1213,584,10450,-219,663,22,1141,522,32,732,1998,-508,-351,371,544,96,51,334,297,-64,596,1049,55,92,377,186,-635,-51,-353,-102,407,-68,-755,202,2114,42,192,-7,-237,-2216,81,2243,873,581,-3684,-18,89,139,307,129,79,-159,907,766,282,292,431,74,51,132,605,1304,498,14032,1977,-1025,3567,-15,25,7,56,1750,65,-2022,-2209,-1273,1803,5,8,-1265,-22,-1916,42,-81,-250,-370,7353,-180,-175,347,246,15,6132,1675,-309,6046,441,-192,158,6597,-226,-410,44,1218,-58,23252,-2171,-6255,-9245,-26775,293,-561,524,418,-68,-86,-99,-316,1008,-881,6023,4762,6088,15,-62,-462,1,3211,353,2272,47,346,72,-14,-519,2421,121,180,2081,205,-255,-85,95,1126,1388,1738,123,11728,-410,209,-24,-897,-207,42,1054,595,159,-300,220,344,-135,658,220,111,18,45,-206,699,1709,1309,599,481,-51,-521,-262,-146,5278,267,55,675,-37,109,136,-227,237,403,1021,1467,1453,210,-303,18052,29,84,-11,21,28,168,-82,260,-685,148,159,-185,2746,42,-29,-52,-394,864,-98,661,225,-212,-480,39,5,-102,85,-92,156,111,-91,-283,129,235,354,149,453,-12,12,121,212,-56,1178,17,192,393,867,-267,360,2,163,641,-188,22,48,1851,65,61,41,393,3508,18,82,-239,-42,-12,632,5917,-267,645,-199,165,584,-293,141,-544,200,81,-337,1702,2334,-317,-266,356,-102,-42,86,596,215,2483,-262,235,242,136,-64,-24,-349,324,14,205,549,-286,-32,307,-21,85,2765,47,-170,-427,-1323,631,411,700,457,424,327,-319,-116,121,48,-146,1495,79,527,3788,1930,1124,-99,860,-4963,802,-596,569,-59,31,-65,108,32,239,-2,223,48,538,965,2629,1970,346,86,48,-12,907,-658,1760,1102,-423,1413,51,1336,9286,562,31,796,2790,14,125,226,1525,81,-240,8321,236,253,3032,74,75,3578,3947,1786,-1413,82,-219,823,-182,-112,-471,-320,-9,611,217,1267,605,800,263,-720,373,1498,2161,300,572,-22,511,482,1911,226,-219,-337,-72,91,212,5654,702,19,908,-4,116,-216,153,198,458,242,225,-14,-19,-250,-311,-47,614,-81,849,380,-1139,195,314,403,-9,21039,16599,2285,666,109,14432,7754,859,1898,-139,-39,1284,47,269,106,89,246,653,173,512,833,-216,-2699,1353,76,1455,-123,491,-55,1950,906,79,170,-64
50,-118,-142,212,314,-401,-452,-336,-310,177,-131,-151,-636,-1166,-157,87,314,-107,-345,18595,6,173,-111,-31,-153,159,12,-86,19,-11,12,-292,97,-416,-118,-60,130,166,468,-225,-677,-177,23636,14007,19127,17465,21896,14056,364,162,714,115,851,-513,748,534,470,334,347,510,472,-20,183,29,-6,81,78,1978,108,815,-1612,-1082,376,11,-359,-98,-104,83,338,1196,-15,404,878,151,-13,-49,191,10,1981,672,30,584,86,647,565,323,-130,5,583,225,19,49,155,182,-99,-771,104,2291,728,-1251,464,-39,-94,170,438,-653,-141,139,-19,-27,24,4,99,-59,1342,-73,-651,183,-4,135,711,569,636,-22,14,11,888,225,488,887,447,-313,258,124,308,377,556,38,1455,26,-784,162,218,372,322,457,-757,1381,-251,1192,-821,2211,-145,440,306,-131,-14,377,324,1835,573,737,205,1156,278,632,617,-1,187,319,463,2127,215,15,60,-336,-27,-29,-7,-1414,20,2899,19,-11,-23,551,2017,160,188,123,327,239,513,61,145,55,18,76,597,1173,1115,38,-297,50,-170,7417,-885,422,1145,-176,1382,1059,-33,154,0,-27,16366,-375,698,296,17,-71,544,651,647,287,-254,122,690,997,188,2765,537,2223,47,100,280,-167,214,522,693,-71,752,334,41,447,-405,293,-14,1427,63,3660,1185,-523,820,-70,114,-20,-1259,-14,-183,-1,222,1199,488,99,915,207,-160,-526,-4,-45,878,15392,66,42,-1,157,396,527,-245,16902,1253,1012,-37,1738,694,306,279,749,369,236,144,149,16,639,-52,47,3844,113,-107,-375,933,-37,78,788,-63,238,-25,-12,41,1137,1224,1388,1557,213,331,943,856,74,474,1823,978,736,73,160,411,207,303,2009,438,133,1399,2245,268,21,-122,1329,259,-58,1093,448,92,2307,235,1188,122,1783,100,-90,0,-2244,996,469,4459,36,279,53,2281,148,1274,997,-256,203,307,1229,929,265,953,636,226,175,-71,397,2420,1112,816,-859,368,-174,1,-62,-52,143,-209,-30,707,138,138,752,361,256,427,331,182,185,222,298,-535,-117,-263,802,1500,-61,-72,589,206,263,226,-23,131,40,20,370,827,120,66,828,73,60,154,1717,179,-116,-21,-14,313,812,209,339,15,952,314,472,142,-232,263,193,-90,172,2030,649,109,815,103,-116,-791,577,-119,564,591,346,60,977,7904,-231,75,-260,46,65,194,300,-10,59,31,397,-134,327,-120,-24,282,287,-191,775,-15,-113,-82,404,149,626,303,-36,110,130,-422,130,249,167,266,319,653,106,-153,1031,1202,30,696,536,139,1450,-377,-269,270,513,-152,98,1,1041,1113,57,902,118,255,318,70,-228,1044,-1,560,340,190,440,2365,159,837,536,2592,200,164,384,211,101,1257,14103,1026,374,41,336,-991,55,250,-98,575,230,541,4463,1815,176,-21,141,31,4,134,13549,187,-66,41,0,19082,121,-2157,1711,-415,-9,-23,598,729,290,451,157,60,1382,-101,-759,1138,-12,1563,-10,215,241,27,175,60,-173,63,-266,735,82,376,367,256,-16,88,108,-25,688,478,476,135,-1617,273,57,125,110,-132,48,57,207,105,-37,137,-422,833,2003,682,-8,-806,405,269,158,1633,230,190,80,78,258,459,11,-102,-395,1068,137,164,97,-156,88,558,119,529,1079,942,409,12,-4,809,246,17,215,-14,-21,195,164,-172,508,596,479,2583,1175,974,-306,-34,301,-322,223,62,66,986,662,329,560,1,-12,118,525,-210,32,-138,-99,-373,509,130,240,174,-109,-48,-211,-36,-142,928,185,-13,83,244,338,-622,-152,1426,632,418,1,1200,555,-20,1999,27,137,266,119,109,83,-91,169,2131,682,200,-2139,219,68,-68,11,889,-4,1091,-218,-43,66,241,273,338,250,41,1519,60,81,261,182,9543,162,218,198,405,2678,-315,113,1052,-558,19,334,-45,133,3871,-108,171,367,-699,-78,134,93,1241,-90,2488,602,13,-20,3399,438,101,-15,529,574,86,2100,-17,485,105,184,1,-1145,263,817,-133,861,81,141,1006,727,-33,-197,4320,1914,166,-239,777,-311,815,751,1566,378,628,352,40,91,19550,896,237,1321,579,9475,873,470,137,1582,-885,-708,757,-262,-1103,-681,-1207,-386,173,-764,151,-237,5060,1507,822,2,134,488,817,-621,285,-19,-21,-3,46,879,306,-591,3,377,-44,158,3266,211,-405,396,-113,282,-631,50,643,-148,-289,-273,-54,-316,55,93,1036,-261,675,-162,3268,158,396,258,391,22661,556,156,242,1895,-268,71,-2204,10238,-78,105,155,30,-45,364,874,688,19641,500,118,222,519,547,42,713,64,-550,13624,-89,-24,42,-96,2324,19497,5,-1501,64,7,-21,-115,446,-422,1559,1406,-178,20,158,5126,157,1663,-267,20699,2164,338,405,936,247,1072,356,-5,607,46,-67,10404,-211,120,-86,7,115,534,33,-859,-127,-684,312,210,-72,120,153,576,-399,734,-36,-133,-1216,494,879,-177,-190,-46,420,744,462,201,192,761,-38,-263,-90,245,111,-87,412,603,141,-339,-144,234,459,-58,-83,-162,1048,61,1007,-243,-444,22695,64,1089,375,475,25,-358,-440,-36,133,60,16,564,13085,44,495,251,489,-459,94,624,-111,-167,144,-46,238,-323,-4591,12450,2451,50,-388,6609,-26,76,-320,15445,-340,851,179,910,-107,-263,-353,292,-90,235,-52,664,-460,872,1296,173,391,238,-1005,-22,444,398,15,49,-55,-15,-683,143,623,2133,1225,3505,104,175,-233,-94,218,1413,359,811,358,8894,-223,300,1361,675,-495,35,-52,11109,658,825,207,2097,154,53,72,6774,237,4446,254,655,522,184,144,-68,133,160,-11,131,830,2965,178,-146,-22,115,-881,3707,359,-364,5674,130,434,572,1131,356,458,-131,-93,202,-21,-89,494,493,5159,402,-1,415,9,6453,1934,-39,110,179,-55,8,83,85,41,-265,-32,135,1030,-11,1094,-102,71,-6,-69,456,280,1309,164,526,2128,-3,30,90,220,12,46,-42,22,501,-298,90,273,103,591,273,264,3225,218,2513,538,264,57,197,151,127,-270,-149,217,-24,275,1255,18,-243,25,128,-55,57,-44,-36,1313,988,-1309,752,66,118,114,-680,594,-39,444,369,97,-356,239,-147,194,-18,-496,286,911,-158,-1820,-410,-740,20000,12220,156,-892,-714,222,83,38,83,54,-795,91,391,124,-994,20,178,2544,-808,207,371,-13,45,44,476,-23,850,2996,-109,29,116,2312,78,-37,207,374,6027,153,129,-189,-167,-22,204,104,2908,-23,142,64,636,2,210,-185,103,122,-219,1367,-138,335,6,-189,1212,-842,108,-123,356,146,1321,15252,-79,1814,-73,133,3748,3,1213,48,143,177,573,92,320,302,3425,-9,38,-3,114,215,544,-36,280,-21,-1100,292,669,181,472,2162,223,634,369,-358,564,71,-7,170,-311,723,181,466,4052,139,897,7,-964,260,25,-1267,591,-2566,194,1314,300,55,683,1318,145,-64,462,68,8158,-5,91,129,300,826,586,1983,-32,-102,645,123,108,-109,-341,218,99,2237,16166,93,1871,2053,296,-2,17961,-32,560,664,653,1088,1655,215,-22,13,12,750,80,587,236,76,115,218,9830,276,135,528,109,190,2728,8,-510,1610,338,-372,352,889,186,-307,-1,26,-31,144,-984,-291,16,705,-1057,479,728,5917,254,1492,70,-6,39,457,93,385,166,-325,87,9850,206,-286,212,143,-180,-45,-739,116,58,-49,134,358,909,1915,559,406,450,192,206,414,-2678,360,784,-188,-226,179,0,-405,696,414,-88,181,97,-77,49,99,165,-250,317,1842,612,-654,-123,-655,20,160,2159,106,169,294,326,48,59,234,107,-4,592,120,349,-12,287,-511,-6,565,20,177,616,6,24,302,232,63,37,-938,1644,377,101,508,4,139,396,838,482,302,157,574,92,2835,882,422,-394,-73,-54,13,1471,98,312,-107,464,-228,557,632,40,206,73,346,455,712,725,680,145,-14,2,2021,-6,319,18947,280,-42,171,-29,-19,20,47,-39,99,19,1076,963,27,149,-85,161,-83,-85,100,613,106,478,534,234,-37,760,42,-119,251,395,-156,-30,141,514,308,212,37,207,-71,123,-58,141,-1053,-25,-888,-29,-327,242,27,-156,-157,262,-1060,45,47,-61,249,-302,258,-148,246,195,595,778,2185,29,511,53,218,322,286,516,169,304,641,-107,-117,187,50,578,-13,-14,14,-166,-48,167,-52,2652,25,34,1800,1368,319,270,60,-234,35,79,144,-192,47,-207,-164,450,-15,-89,-197,-760,184,-593,27,35,67,1025,-311,118,-157,-757,334,289,-37,-114,1200,20576,420,-116,8523,23,7,-155,-650,23,128,31,120,475,-65,65,-410,382,-320,97,303,45,269,90,780,-304,209,1350,280,-14,-20,1243,259,-30,17877,356,-553,471,357,-117,152,158,173,183,338,-338,1286,-667,139,-47,-29,98,181,46,131,1074,275,-63,725,1618,600,40,-230,-133,1571,-116,4,204,7,240,-1166,263,2735,4624,347,36,377,275,-541,219,-66,-5,74,148,-139,-201,118,251,163,-205,15761,264,25251,16269,21647,72,-66,-44,34,-574,430,1045,7033,82,-43,3121,9138,1057,11,357,-327,2033,1185,-153,151,67,-40,1549,122,35,2525,-375,-1099,37,-141,1235,-192,378,521,6079,44,965,244,-886,342,131,72,605,1638,131,41,204,-192,-167,-323,1112,353,-54,1206,4513,-135,303,918,128,0,147,1959,403,317,431,238,928,1242,361,68,-406,6232,76,18672,937,116,44,-5,-201,257,-38,334,174,-661,13,429,184,434,91,24,26,-54,-43,29,295,483,209,-381,57,371,-61,177,441,462,4000,194,227,89,-1807,6,116,-97,-207,-7,11686,532,-595,51,117,-564,346,-199,41,850,275,-97,-348,278,138,712,-136,123,44,67,15,651,-55,118,48,-220,606,396,378,149,161,-92,-205,79,80,137,25,379,2072,666,2590,-873,267,159,398,1,1079,738,16090,1190,-1341,2506,452,3,143,-61,-838,153,-689,211,400,333,172,1497,375,75,-30,4744,-79,-116,299,1620,481,478,-216,93,302,544,2959,-185,3281,2227,238,54,251,-118,-65,895,397,183,2757,32,-21,411,313,626,759,402,98,87,134,197,-13,1,143,240,117,76,774,201,-349,457,441,4152,519,238,279,462,105,648,1212,195,91,559,-70,17,537,598,156,129,208,80,-45,1213,317,306,1219,51,1895,156,-294,-37,1140,135,683,-193,226,856,59,246,1242,-455,-25,17,-77,36,145,-60,-344,881,472,1214,-290,-406,651,-5,1772,1549,-563,743,2895,239,353,-419,2282,-181,3943,27,64,1734,670,146,437,103,121,-467,70,-72,-111,-278,-4,232,14,77,435,15,-143,-483,-64,46,-126,-145,86,-288,96,621,49,-126,22,-135,639,20015,4266,733,-59,23,276,20,-371,245,34,319,342,6,57,-25,5,149,-97,3427,151,-361,-45,2680,-154,-576,182,-96,137,6223,-77,1495,626,351,-195,962,7759,-384,1266,0,-1070,351,66,148,162,-44,23,1685,-394,1821,-79,291,-72,329,113,731,350,211,-13,61,-11,673,-343,75,947,330,-39,12777,-1610,1138,482,137,83,147,1066,-315,-55,153,-769,259,352,59,61,-554,-100,94,35,357,24,2236,261,207,254,699,15105,5544,121,-4,181,124,-415,-331,-121,27,74,1773,153,1523,-195,160,29,-148,69,342,243,-253,151,-93,2363,-29,177,-721,194,1319,171,726,-170,138,862,-61,-258,617,543,-137,245,-187,150,152,461,-3,-19,57,13045,-262,109,230,383,538,122,286,440,560,128,268,-1074,194,3823,474,177,165,544,330,59,-137,1394,69,75,20390,614,37,-244,181,47,389,63,274,242,757,27,27,773,837,-46,2292,118,-1202,52,-254,-325,54,346,-53,-6,-46,6407,160,6595,78,12166,4830,-130,358,166,181,-79,277,338,742,5866,-346,-54,233,617,2681,100,580,366,-390,76,-1514,-53,304,-536,248,137,570,152,272,352,-152,1393,-42,1396,155,1003,275,185,345,2729,170,151,-151,-296,-722,846,-102,399,76,211,-199,200,-308,257,45,383,817,225,7285,201,-13,366,345,1451,495,1071,271,43,251,397,68,230,2518,647,103,164,1178,166,619,11,408,158,639,1126,134,-213,-57,-402,125,1153,869,-425,394,2220,75,463,-152,235,274,369,791,230,1202,1531,377,111,155,1,9,-184,-164,11036,-347,749,32,137,-115,704,348,-105,237,1658,1500,107,199,-345,-108,430,565,744,-695,123,-257,175,-111,539,399,180,-38,4,44,815,53,-108,-27,46,487,492,130,-50,48,884,65,-2005,46,109,430,220,167,133,-25,284,566,498,132,282,847,11,267,22,-4,1372,-132,129,-178,-48,-350,-43,135,-290,478,-156,-26,381,750,-225,402,55,20,2003,38,7018,104,278,314,443,113,104,645,-394,181,-1,1606,106,-14,278,-278,85,161,-641,2508,24,-36,82,-95,301,68,537,216,445,229,316,325,146,-17,200,106,433,157,-2,12871,333,-146,-535,200,443,-52,34,906,63,-239,261,143,302,-71,130,547,96,-69,-73,110,-317,61,1112,-107,2257,-35,34,-362,2,10,495,-527,184,163,-484,58,10,179,385,-1281,121,231,-23,404,154,587,374,42,-159,-265,685,-320,-50,1431,837,-80,-152,113,407,178,9,1486,-238,-68,476,31,176,-241,261,131,1446,332,189,70,63,4131,239,1459,-597,897,311,74,391,-106,2947,306,259,414,-460,486,408,-1271,820,-25,381,431,1444,214,-33,241,-134,52,596,-226,-46,76,-398,-110,116,332,205,45,-244,246,163,-23,-75,993,-35,208,-160,469,-170,65,-145,1094,1567,-163,-17,96,2,580,-43,456,-17,208,96,1987,25,660,387,-46,22,-841,447,351,542,172,185,-522,86,1274,178,1193,243,1758,123,-58,2598,-54,225,78,77,-18,236,-923,476,280,187,-212,-273,441,87,-576,163,520,990,-103,-1,45,452,99,93,-24,214,187,268,-3,248,352,-214,293,639,250,233,314,41,50,828,2390,812,311,614,-7,-1186,12859,193,2621,260,-65,1582,173,211,103,107,408,76,1486,-2,-156,115,723,103,83,-30,-37,162,401,2467,271,209,8,58,394,1321,18058,12751,175,-24,-25,268,-86,61,1046,-18,-9,103,146,18,64,117,-222,329,-97,328,-102,20,378,276,10,71,900,400,203,263,-14,2193,9,4,121,408,620,2301,7,-344,15206,22157,19602,15545,14940,19355,5650,304,1707,126,-174,647,259,205,729,79,177,-560,-426,519,93,74,254,512,591,287,-141,479,78,144,42,997,308,864,234,8,27,-117,-7,-40,12,-237,574,105,-27,-226,359,-42,356,76,-149,359,813,-319,108,-118,609,647,318,-463,171,399,-133,-2,284,114,565,218,174,134,745,116,102,100,-27,-206,268,-38,-12,-12,18,105,538,390,125,-388,188,-366,8,120,49,355,661,569,-737,53,1183,512,209,-46,-653,474,235,296,74,10,766,26,-15,334,136,-350,530,-8,-17,-171,2,79,333,1506,98,-12,1559,111,283,38,-201,-277,475,465,-15,34,321,-88,254,63,303,2830,1072,1408,-414,51,152,-118,45,236,36,-234,15,-172,603,52,38,-9,244,485,7534,116,-123,537,82,-59,63,-5,405,49,-453,569,276,25,-266,115,186,86,-19,-27,277,108,-39,-495,-40,821,90,-341,298,-8,-88,68,94,2,67,272,-89,743,219,-767,214,308,139,341,-459,2496,108,149,-19,2703,-302,1015,633,1261,-129,-69,-324,-19,202,1859,-143,339,228,1042,-60,172,673,52,5,66,523,218,-7,24,522,-146,155,1248,225,198,90,-50,367,128,-166,326,328,883,223,31,43,-12,5,-162,121,382,-137,271,351,110,1178,513,-74,185,-38,-537,845,-63,216,83,173,86,616,-526,67,798,2354,-407,-108,456,-347,81,66,301,227,738,1278,-272,78,-31,130,87,-80,797,232,77,431,-1634,-310,-624,35,-206,42,82,54,10,332,-82,-195,94,4,-173,1505,357,300,13,842,146,634,206,30,1795,-94,-171,244,10,38,70,264,73,13,214,-15,81,-162,616,2042,494,70,379,1,53,187,-24,1282,344,-1615,34,274,2098,18,-52,-80,1167,1459,594,412,-137,-267,332,-831,-53,-213,136,443,245,81,548,641,639,909,-14,55,-972,-263,668,17,258,326,-91,78,564,620,-26,859,165,-451,1420,374,210,4892,109,-8,-6,-586,-15,764,146,157,-261,475,69,-255,-162,-256,-125,326,475,1301,1211,-382,939,148,26,560,226,142,-5,166,-31,-466,55,1262,330,111,-10,311,-30,81,183,1203,-514,256,1228,-100,93,94,-169,136,521,263,4400,191,3060,1226,57,79,1569,462,973,563,818,-93,347,-21,2168,-46,127,326,1582,464,1963,364,-288,1576,6793,-23,48,162,50,-37,-64,24,848,27,323,262,-151,990,293,784,-469,324,-152,1458,-1533,125,49,156,499,469,480,736,509,-262,-166,161,186,-249,2648,-240,76,688,486,249,-122,-226,329,27,294,-153,-157,191,7,407,464,-154,911,500,14,115,10688,-87,802,-106,437,169,2442,-529,41,-154,-39,2965,82,45,690,239,-74,187,116,182,40,-11,221,131,7557,42,181,1616,39,62,5420,220,362,823,1974,394,563,1529,65,245,121,599,44,690,171,192,45,6410,208,-1627,1418,1164,-451,13,13,34,933,816,57,-236,258,727,-79,106,-10,543,-1147,-73,-58,5,175,1049,-118,658,-57,3,94,15,207,-248,-124,183,89,869,49,148,-131,18,195,15,239,138,101,100,-73,-55,305,720,986,2030,146,1064,167,-282,-553,-155,74,114,454,-31,530,-316,3280,-123,150,-15,1198,80,1556,332,0,1010,62,91,19,204,1092,214,392,51,64,61,488,-90,1239,74,-4,315,12271,748,913,121,106,195,-175,-23,317,80,-3,-61,215,373,-93,913,137,328,42,3,57,18,166,250,313,76,98,232,487,-1012,90,171,49,250,-127,708,-300,161,-884,-29,-149,1103,-10,333,15,61,408,55,434,49,64,-105,1057,52,-79,164,1945,-470,-605,-6,188,-147,181,255,-2199,1248,-133,307,14,3237,-247,351,42,130,-40,-245,-727,-19,268,323,522,64,-25,439,22,46,314,1383,218,-96,705,79,-129,-253,-6,-87,-17,65,-15,904,1020,164,41,-137,-46,448,1684,-164,1139,77,198,-61,-13,291,497,331,-4,26,244,-109,-221,470,440,246,179,148,-240,36,164,-94,-22,781,261,922,965,-1078,69,50,128,2806,651,98,375,-170,120,614,13,148,248,-245,18,-470,129,1989,-2,199,771,-26,15,484,127,77,565,253,-7,432,1,205,45,380,355,-38,37,-13,118,186,614,373,-116,200,-25,806,187,260,-303,432,1269,842,-253,1284,-325,940,-7,667,-74,-67,32,273,-411,57,11,119,214,-42,32,700,1900,404,-87,124,579,2654,1642,-70,3,1975,134,1121,102,208,-423,-348,-236,99,-12,-9,826,-4,62,321,713,-273,-1487,69,177,68,94,-313,2114,136,241,-165,453,-27,410,81,194,667,797,24,171,-163,-61,-62,192,512,128,-379,1263,314,428,-243,1220,76,126,312,824,331,484,408,479,-59,541,-458,149,9292,398,734,104,-198,-99,-55,1384,738,881,-937,465,500,242,1667,70,66,603,383,-456,-272,129,-214,-15,90,87,80,12,394,301,200,-99,-106,87,75,1007,631,713,27,391,583,216,102,-93,43,614,428,303,-96,228,65,-43,-121,315,59,48,103,77,-2,1130,79,102,75,148,-159,61,-7,100,794,-5,71,398,419,311,154,-39,48,-18,472,-215,394,492,-605,-137,325,118,245,-144,46,384,-77,-6,-41,1147,636,502,543,-122,251,822,-241,574,145,132,137,42,143,69,133,1237,-54,42,-514,44,-1873,-31,26,242,-6,600,1375,123,-461,-910,574,277,1843,134,91,-669,179,343,-1091,-176,305,90,-40,-30,-94,1126,42,-124,175,247,-25,294,43,894,211,178,400,121,253,319,368,188,119,-711,-292,694,178,104,398,-369,37,521,629,-97,49,-225,598,565,150,68,155,-34,107,541,-33,1377,-217,225,1852,801,420,259,-272,220,171,295,-205,-897,446,34,6,10,-105,-21,176,1773,-527,660,-1,-144,769,80,761,669,115,75,2110,-141,467,129,234,-36,708,91,256,125,-623,71,6175,165,63,250,2,426,-1,81,96,41,441,358,1025,-157,345,203,346,4,-26,544,132,19,9254,501,-59,176,151,-34,15,-563,931,2004,2624,-159,454,2817,68,-456,3214,48,-15,233,104,131,191,333,204,-66,-159,425,35,164,591,-121,-33,52,46,-181,39,671,59,3949,-1061,1131,20,253,45,210,18252,99,-14,-158,-537,82,27,1535,460,340,463,5988,-181,1060,191,-90,-313,1041,-4,941,141,20,4,437,500,5697,-500,21184,73,885,-50,614,203,344,32,3852,3404,-73,-104,170,-114,-35,97,480,725,188,-123,4198,-7,11,156,-498,3613,-105,132,331,-49,65,1709,-2409,149,40,66,18,-88,2494,-13,-158,351,49,166,-160,23,201,733,20196,65,52,182,404,409,376,40,424,431,142,-88,305,-95,-317,2299,177,26,-20,96,316,1234,-32,368,9912,1646,1,-270,680,-1554,-65,77,469,207,-43,213,1186,97,58,757,1081,385,3046,-106,2705,-32,137,269,484,1049,7617,961,-149,-13,-51,1116,577,139,448,189,119,235,-11,-154,30,22,3292,1232,-126,-467,48,3670,121,146,544,622,92,-2920,-117,2327,388,378,98,19133,39,202,20072,2837,24,1451,114,129,398,2308,-123,1694,1163,665,809,-443,1157,16,70,102,7281,289,-347,24782,346,128,775,325,227,102,-36,76,-736,-20,10117,1150,-162,251,13,-6,-103,-60,242,-444,-106,98,-30,-265,-104,128,4,-631,-55,2782,41,373,529,18,768,266,64,471,179,97,912,517,6676,563,468,36,10229,244,127,2686,41,-681,-609,10749,222,228,-330,-47,21,-272,397,827,110,54,701,26,150,401,85,-90,303,88,7,60,683,-55,49,148,1823,1232,16878,2286,-55,-241,504,1,14059,150,1567,-82,-7,1617,3472,-70,372,-220,87,340,167,21631,13661,31,458,-159,325,1408,810,-136,707,-210,5946,-26,-9,-76,259,-80,117,481,544,41,-247,24,39,-216,598,-60,31,220,1683,705,64,-5,-243,31,40,-24,8,397,-440,-302,1908,1057,60,3135,4456,1035,2493,49,204,46,46,8446,558,248,347,-65,146,-11,-76,492,96,233,1055,707,-24,27,3266,404,389,782,27,3080,264,3857,1665,628,718,2730,18202,3390,-153,-70,118,397,478,-392,617,823,6,5,20624,165,416,0,-35,-259,141,1016,288,302,-316,-34,691,370,356,489,594,1288,-195,-127,18,7212,-171,41,11,110,19,-146,-186,247,96,278,14,114,268,313,-79,715,-184,405,-424,-367,-43,-176,264,535,291,489,371,305,549,971,43,-35,85,89,737,333,86,57,-444,-41,232,195,23841,-345,-1382,-24,-167,155,179,3218,-831,619,-263,194,59,125,4149,-323,893,229,180,7,720,15,32,182,-90,-537,551,283,22587,11280,403,1128,4751,376,1015,1676,465,436,2842,222,204,691,455,-497,609,753,-14,300,149,55,543,161,36,649,-102,-208,2502,237,1409,306,3066,-402,239,532,228,-66,409,106,-545,-165,579,-101,706,19297,-147,-132,-76,-25,813,162,1362,148,215,88,45,95,-79,790,1857,315,329,1950,263,144,-5,579,461,636,1007,29,409,267,-58,211,1325,-152,1846,-182,52,367,2105,117,265,21,55,10,-66,500,10,268,126,1100,550,-12,42,-209,0,555,176,1403,527,716,763,-8,58,219,-188,3,-515,503,1465,-131,13,92,1123,172,441,-152,10027,-77,-70,-38,13,-59,230,106,-426,74,-287,3,3363,241,529,99,68,13949,397,1040,100,-4,14529,661,901,-15,-277,-197,1409,-93,503,203,-88,82,-20,360,115,145,19,276,1607,3214,442,-53,491,149,186,585,1478,1206,13876,1407,9077,665,336,296,354,504,42,43,-1308,-219,114,19,44,2502,-9,117,71,-10,-8,-148,492,-2,78,472,1706,-198,-101,9,1556,2618,-344,-51,190,-44,219,-44,321,269,1113,3,-92,1465,220,512,25,396,2,30,4,571,-462,-109,298,480,230,68,96,31,380,-383,-110,271,-274,53,222,-30,54,-501,289,438,177,70,-15,0,-43,623,569,422,575,-45,7,-98,-6,16,452,511,-519,49,1417,1332,-149,-76,-164,103,1181,273,-60,-463,53,63,1424,-370,-623,-240,17,99,-47,137,138,3381,89,-657,45,-263,398,80,961,73,907,-78,636,390,93,-133,-472,150,1380,607,103,580,66,147,-73,-35,-97,-8,1076,58,1031,-172,1365,11,301,720,110,-90,225,274,159,551,247,502,1,133,352,-75,465,218,551,105,-179,-780,-55,642,-124,20,1906,330,465,838,-422,49,70,-98,-184,515,790,120,-50,35,-1214,-16,-1,22,-206,41,14665,148,681,55,152,8,114,5814,-242,276,339,1145,120,461,156,1246,134,-189,-254,-279,177,549,-63,25,145,722,1018,645,513,-154,602,80,2642,31,362,137,21,-1129,5,-213,341,1361,459,-30,-24,437,34,799,830,195,85,-4,206,25,1228,405,549,877,-367,30,216,-2268,247,218,323,518,325,-206,-303,-549,-321,36,1173,458,607,-51,-728,429,551,1711,86,154,531,-1116,-15,-116,-23,4,1561,8,21,1117,2497,-241,-10,96,15832,1848,-10,130,-130,-5,1586,1274,70,268,190,65,-2,-317,19,1668,293,90,-37,-339,10,-93,-163,508,-851,400,-47,428,24,1460,87,276,360,100,-54,910,3,166,-175,434,-229,-193,-94,624,1569,110,-29,57,470,59,26,109,82,100,-322,167,1104,-373,34,-414,110,303,496,-91,-51,99,65,43,-125,-257,-41,121,36,1173,212,-35,-10,121,-68,-227,-21,-20,72,111,163,-166,1127,272,-83,85,379,298,445,-254,118,1083,-383,847,434,-199,77,-278,-209,729,165,-5,278,193,33,601,63,-21,1173,-32,158,-173,1850,-308,162,-193,48,352,13022,1808,-227,662,42,126,-147,690,103,134,-86,8,114,-204,-20,-87,345,1036,24,110,74,-30,285,-668,123,180,-55,-78,0,620,364,647,-29,229,81,62,107,208,12355,675,-256,-366,62,-189,13838,995,95,13143,522,185,-247,256,82,137,-92,717,2532,-37,23,628,375,414,625,24,1719,100,-437,52,154,-77,386,-47,341,182,104,-54,163,203,-510,406,3941,114,1010,-233,-8,-10,95,75,87,-63,657,68,767,1475,105,231,204,-2225,184,-13,39,209,-62,75,42,150,11,326,-390,218,14470,1286,-132,-38,30,74,819,106,693,-113,-30,765,130,274,180,3138,283,-35,1096,647,-48,-53,478,219,357,-191,326,244,-88,-159,-37,14763,-738,1487,858,-416,268,-132,38,126,19,-245,110,24,-100,-160,-330,-209,218,27,-582,-33,96,-638,34,-82,8,18,260,-1204,247,7711,-507,165,125,-65,664,-24,57,12818,6391,98,171,481,-97,1773,1364,681,386,-251,265,-45,299,12,1976,102,212,43,75,61,137,270,359,-661,-45,108,26,127,660,100,1871,-517,-130,98,87,-32,211,628,40,-11,1060,-313,1046,183,46,146,2117,-414,66,97,193,126,12,8,251,-774,964,-117,45,12,288,-61,50,764,1299,412,177,-41,79,622,12933,14,458,510,332,-208,616,388,-73,1946,170,128,2646,681,34,23,87,-260,-370,49,286,64,153,746,1391,-43,-19,-13,1040,408,74,881,145,190,183,161,-133,292,34,45,-32,68,-397,178,128,13,-683,-4,186,83,-585,88,233,1627,4413,10,175,-189,438,146,-237,288,9,-35,-14,654,-12,68,-24,-191,-671,-9,133,87,-86,205,268,622,20,19,1063,14,130,322,197,60,-86,48,-8,298,1370,71,345,40,-3,90,131,256,-51,934,895,-86,649,285,-123,149,307,258,127,-73,59,67,-14,268,1758,-78,103,304,141,97,23,-25,41,2326,26,-127,37,1627,317,-763,-55,297,53,6,2,-77,82,2164,3,357,162,55,5798,497,2,-21,-8,18,17,212,101,-7,-225,-1195,341,489,1844,1513,-42,37,68,259,-30,-186,604,241,54,1354,132,41,1671,327,642,31,2,77,1456,95,22,2737,549,-159,-44,-30,-108,87,25,19,-69,-25,19,27,-230,1456,243,-88,-839,-897,2049,18938,-386,-166,27,-114,-39,139,-663,-5,-91,1170,323,214,144,3471,420,2282,-25,592,-8,-83,-111,-17,-40,1228,17,6,-912,32,345,1316,-132,258,315,816,900,1439,454,1791,4,151,-3825,770,-76,-32,1527,61,833,-135,262,314,636,221,1902,280,20038,593,-55,-12,1365,161,188,77,-40,360,29,9,23,142,-48,169,1197,2660,76,-13,-258,-97,-49,-704,124,-249,-111,94,52,248,162,802,-288,63,30,373,14,4,316,-76,-482,78,160,51,534,369,63,972,110,70,484,-41,894,-249,345,556,46,-93,-266,1711,61,43,43,490,1340,-37,-323,547,645,12,303,-274,1809,203,1799,4133,-453,2526,-6,100,4245,98,100,121,328,-1498,31442,207,1527,195,462,158,155,134,117,796,76,-67,63,370,585,18,2280,463,1056,718,272,-78,-5,256,1035,-503,-278,88,-794,929,-370,78,5,-9,45,1878,256,-392,-104,464,95,66,30,303,81,301,81,40,175,-103,3407,-139,-189,-419,-535,1049,1132,230,-271,-566,2970,-31,20563,14464,-466,624,-65,2130,7518,1879,-110,-647,285,487,-303,549,23,292,-153,931,16395,18320,148,95,-146,69,126,-517,77,169,81,0,299,1235,1368,-739,-87,96,-465,-496,444,102,-584,57,132,107,-1064,585,177,408,-266,-103,99,842,-363,136,-31,45,-44,-118,39,-599,48,-1815,1238,77,614,837,-122,-319,15,1368,-137,311,13,-12,-29,-40,744,5,-8,-32,139,-666,-64,106,2112,623,1904,6365,897,8248,-543,13,186,157,183,-143,617,-427,924,255,1037,174,544,146,176,499,117,497,-144,-132,17,2959,30,275,2,240,169,-213,-254,87,6887,-342,191,316,591,-1257,438,-486,-69,60,120,255,116,31,222,189,229,903,152,713,290,315,123,-49,-2,-6,-59,-3100,606,245,156,236,192,89,515,-90,-587,-195,-755,-75,305,1417,2447,757,62,205,-780,122,-201,259,153,63,1539,172,2176,450,917,739,270,39,1909,238,347,136,146,45,58,752,6,1398,269,6,370,374,-62,2453,333,318,288,-11,125,-623,-463,-326,334,227,-1131,1370,88,-266,-139,582,732,15098,446,308,18520,-96,-60,-6,-171,1014,585,226,-659,4994,299,177,7915,1539,3693,-62,2761,44,20,167,133,-107,95,75,76,-91,-806,-230,4,293,7219,520,13,596,1560,-91,21,-539,-101,591,20,-110,24,-1,1335,29,316,753,-74,-23,279,74,53,403,752,-1260,207,-201,116,1055,225,1323,-23,3483,636,153,363,-118,3180,1575,1436,14464,19954,-93,-4,179,-234,-160,287,2437,329,1682,-14,-47,134,233,182,403,59,-683,177,-30,87,11,292,214,292,50,-335,46,19900,1653,29,31,61,292,263,79,152,223,176,-217,-635,235,834,3223,142,627,765,182,-271,1768,-75,-441,580,40,-244,48,-1526,-65,173,161,1937,191,144,1355,-64,-100,-491,100,-225,509,48,63,-5,616,1807,85,59,351,199,-32,-274,382,929,-97,-90,64,174,-30,126,784,-88,452,510,14,164,-109,462,225,599,-1071,-381,4,-1167,22,27,1534,-491,1167,502,324,4,-10,713,237,4,-40,-62,-4,145,176,-310,14,124,-255,504,829,710,-273,933,2168,1205,33,97,-44,258,155,671,-597,55,944,121,-16,45,1898,1670,92,524,12,-70,-355,-178,-423,-469,506,94,102,-23,87,202,106,-485,90,-3931,928,270,111,204,-134,745,427,16561,527,491,1075,34,176,-928,-323,660,-764,163,12496,27,12833,34,83,10191,4880,330,51,-315,29,933,175,2320,-188,-914,94,1670,197,17,57,9620,13144,-142,-186,-1484,-40,929,131,25,20472,10,-108,1429,-33,-62,3818,125,17,607,43,-282,98,529,-101,1923,676,10287,22,-61,60,-254,14,-35,2175,430,-4,1813,1600,73,603,-13,182,4045,16,93,-104,-482,5626,-254,531,231,235,-275,1254,-1,-872,42,169,124,423,389,941,1519,-135,607,4269,-548,-204,392,1321,254,412,71,75,3395,2802,-225,400,37,884,487,70,106,527,577,2026,211,146,567,-88,17,15,243,-518,-126,1155,87,-109,-1347,464,1467,187,14,458,1242,838,-226,86,2247,312,482,1065,-384,-128,3066,13370,78,406,106,118,119,-429,385,6342,284,92,10,708,676,63,42,549,273,212,1003,25,188,1304,642,-32,228,-95,243,90,-37,-152,4334,161,304,-898,22,-325,431,-144,-91,1676,44,-29,-512,805,70,369,427,-22,-381,-64,1092,-992,276,2126,-9,-33,-24,2599,-39,465,633,752,1104,43,154,55,574,-139,92,-756,253,184,3883,67,12,423,14,21,503,636,290,-57,517,836,-412,2349,-15,89,17,74,-239,434,10,439,-217,890,-149,804,571,1640,51,68,81,-78,-3,75,986,-8,301,1188,1705,506,651,427,186,51,273,-55,129,-306,-81,174,90,29,6,-152,178,291,131,438,350,440,-184,-69,225,74,271,249,-741,497,-39,10345,7895,-529,-132,238,2400,-53,15401,154,79,91,91,-708,-275,45,200,51,525,272,59,303,25,-251,-39,74,-170,26,4,-5,1842,499,-263,-289,-319,25,90,598,613,-1,722,217,-17,63,212,362,-67,-5,-147,19,328,-304,45,77,270,-1069,793,-625,1112,-207,409,52,-106,-88,-256,233,212,-2,341,948,-121,1275,652,625,50,-1970,-296,-170,113,454,-147,4553,170,1846,406,415,-27,-152,17,214,-1249,865,688,122,-208,969,-929,-47,-166,98,57,183,665,62,193,1555,1883,1276,289,80,147,139,1929,63,-208,128,-597,73,16355,398,55,61,38,241,-35,116,2569,50,1466,1115,3936,175,-39,484,509,-163,316,8,-154,270,659,200,313,-235,157,75,93,70,853,130,-324,-1416,88,43,706,388,5497,14978,47,68,929,66,3862,372,16,146,-2427,170,-64,1733,294,1407,14,1471,-251,-340,-708,-551,201,566,2322,12,119,435,104,93,-509,245,-514,769,-15,-522,-1748,933,-290,-50,-100,-386,-152,19,147,-238,122,2709,69,-52,-12,57,-223,1624,176,-816,-920,1117,14461,-226,917,-47,890,676,1015,1009,1535,-500,-96,1690,591,152,67,820,-71,-39,545,614,12,25,1186,116,-243,-24,-753,87,-23,-5,-471,60,348,-27,536,50,-165,-2367,-96,1134,1488,760,-3673,45,-34,327,695,108,-20,-63,499,294,-16,2126,526,-51,186,429,468,2151,655,8792,2712,-1083,756,-119,86,-34,72,2579,-74,-1454,-1359,-515,426,-319,-1028,1256,145,-1567,362,-703,-113,-314,2756,-153,-138,267,178,98,4375,951,-194,3550,648,-101,135,6908,-27,247,163,566,5,12480,-1486,-3114,-6768,-24493,-898,-447,655,318,-62,-174,439,-219,401,-233,2476,15391,7301,83,203,1349,-172,9012,334,6628,94,136,160,48,-444,7148,95,40,6808,300,-76,-114,169,-23,1618,1912,80,195,-302,346,-13,-577,0,-15,1365,303,203,-27,12,214,-86,548,10,61,-37,63,-223,474,1471,745,55,632,-58,-419,-250,14,970,79,126,510,-3,78,-5,-301,244,208,644,197,1833,571,64,13877,-59,-51,-21,58,-34,267,-13,174,-372,-16,-49,-73,1270,0,-92,-169,450,938,-69,870,18,-103,-268,48,578,-60,174,-142,91,231,90,-54,-24,79,448,183,624,50,519,87,173,-41,828,-30,155,181,558,-232,110,-18,67,200,-155,60,-9,703,34,159,11,1238,1307,144,242,-211,-58,37,157,12168,-57,454,-138,-98,334,-149,486,-954,39,94,-203,2097,1764,-368,-165,461,77,-54,-59,576,286,2038,30,216,79,-7,10,-9,-471,103,75,190,454,87,85,246,8,39,1678,2676,-69,-488,-1623,108,289,419,110,227,161,-386,142,176,18,19,1207,33,431,4652,791,928,16,417,-2146,690,-171,211,32,54,-200,49,162,70,-235,1083,342,407,755,4159,1223,148,146,366,-172,-466,-101,713,552,-63,440,48,876,1085,-787,-214,305,667,525,125,1,1168,-20,-362,12704,161,728,4441,-49,23,10245,10467,489,-929,107,76,749,-230,-117,-1381,-205,-46,412,247,6527,-720,1945,23,-493,509,457,818,396,253,73,649,553,1237,459,1,-338,66,-70,173,14131,606,123,756,-60,206,-286,81,188,69,-181,74,75,2,-159,-137,-71,677,-147,557,295,-422,582,157,759,418,18486,15769,1583,294,-111,13668,14650,250,16454,-364,2,245,-5,209,48,10,-202,200,122,231,138,-324,-2370,190,134,690,-8,331,-62,882,264,73,315,7
51,-112,-185,24,170,-197,-400,-215,-227,100,307,48,-677,-504,-98,205,112,-88,-301,37749,30,295,-2,36,-164,177,-64,-76,-50,24,-88,-215,78,-438,-245,-255,-8,144,309,1914,211,492,20667,20836,25327,12524,15017,11446,470,335,772,1182,2204,-48,697,168,406,450,-174,211,430,-48,124,-22,-42,18,217,1617,124,748,-1224,-1597,90,-199,-1327,-223,-168,76,243,1084,18,416,820,82,-118,-34,321,-34,1593,697,108,404,76,818,611,193,-48,-44,581,243,-68,211,44,166,54,-362,36,2212,806,-1005,102,-48,12,110,205,-1025,46,150,-10,74,-203,18,-585,112,1526,-20,-526,382,-30,94,617,611,679,-90,-76,54,1345,209,665,852,710,-315,-142,162,277,18,333,32,440,4,-16,259,126,164,249,251,-446,1401,-195,728,-219,2150,44,1156,297,-52,8,516,597,1351,380,526,-170,510,132,102,380,408,20,-54,203,1118,2,32,44,-177,-64,42,-26,-1595,-237,3487,16,10,-313,231,897,140,207,-32,255,297,432,26,150,32,-56,-98,279,235,951,-150,-579,2,-229,4923,-526,539,1416,-189,826,416,-48,136,12,-10,16968,-356,770,289,-12,-106,337,464,498,221,-62,329,472,1269,166,3383,406,3296,100,-26,-82,-124,172,559,559,-68,597,432,82,917,-635,189,136,1094,42,2540,842,-271,619,-102,22,100,-1206,-28,124,-559,166,689,428,96,625,181,189,-545,-191,-54,1214,12832,-66,14,2,199,321,390,-96,12627,1154,1482,8,1562,1210,172,269,830,446,-12,84,144,498,472,-72,183,2910,259,203,-211,1084,154,126,414,-44,112,12,54,22,494,1148,1323,1393,253,446,1035,790,154,189,1886,756,742,343,351,337,301,325,1552,362,98,549,1335,144,64,28,1178,112,-293,1426,619,100,1774,-34,786,42,1164,118,30,-16,-1751,814,327,4067,64,271,-102,1820,94,1047,571,-223,88,221,1039,249,48,866,508,120,233,30,279,1814,695,671,-756,279,146,-20,-138,-22,126,-341,-16,706,38,68,703,281,358,492,406,211,317,52,50,-516,-128,58,581,742,-20,-22,408,213,10,18,-10,156,-52,0,378,834,291,58,1178,68,116,92,1637,193,-112,-74,-94,362,577,217,351,191,209,404,442,76,-293,-251,122,-156,92,1265,589,46,1019,703,-38,-1144,583,-187,796,309,211,48,553,7339,-321,68,-297,156,201,207,197,-86,68,-42,400,-54,406,-62,12,203,112,-20,661,219,-64,-42,394,50,470,-64,-20,122,251,-335,118,337,239,245,88,239,-207,-118,-42,951,343,677,510,166,1472,-279,-269,267,309,24,-623,32,553,1226,126,885,136,498,44,76,168,657,-72,249,386,106,549,2431,207,502,295,1430,74,209,438,289,-50,669,11010,647,189,64,54,-748,52,104,-22,613,195,456,2534,1528,191,-42,142,-18,-64,-36,7733,122,2,154,22,15707,128,-1703,1448,-406,-158,64,279,591,295,170,142,287,1104,22,-516,693,8,1448,86,271,275,-20,174,122,-102,-60,-333,490,60,187,295,50,-82,199,98,-32,253,327,418,58,-1013,305,106,923,174,-86,172,50,124,-104,16,160,-345,553,2204,-378,-84,-601,-247,239,134,10,84,269,66,-14,251,502,-201,94,-177,776,88,480,100,-388,-68,273,150,533,760,975,215,-70,98,504,275,243,4,-199,34,162,110,-66,394,490,331,1375,663,798,-289,-30,172,-28,311,-38,215,366,557,162,341,70,16,90,520,-58,233,-58,-124,-223,470,267,496,301,66,42,158,20,-221,919,38,-34,62,289,339,-404,-96,732,553,130,46,891,559,64,1420,80,283,209,104,136,44,185,160,2035,633,293,-1971,233,-68,-58,50,422,38,963,-132,66,269,243,418,120,84,156,965,34,48,366,84,8309,132,283,247,86,1333,-366,94,736,-543,-102,351,46,122,995,-98,-185,245,-659,48,217,4,561,-122,1078,209,50,18,2170,205,86,14,651,605,60,1753,-130,693,94,26,0,-653,249,1166,-112,426,148,116,1035,784,38,-118,2548,1697,364,-193,609,-613,522,293,1564,354,349,317,-22,193,20753,895,259,836,358,744,390,335,201,772,-470,-2570,185,-213,-933,-571,-1090,-221,193,-366,408,-150,4093,1224,422,-14,58,887,734,-508,370,-98,130,172,34,426,315,-611,118,384,4,124,2598,136,-265,120,-231,378,-1039,233,635,-12,-458,-253,-52,-257,297,56,878,-154,34,-209,3228,76,354,259,341,22690,426,50,-394,1566,-291,70,-1651,6921,-32,-301,-48,-58,-44,227,947,351,23547,295,160,138,317,386,80,557,108,-478,17231,-199,-54,241,-124,1772,23704,84,-1365,-10,164,138,14,518,-237,1166,581,-102,86,-12,4155,-28,1218,14,17780,2767,-1029,1212,814,321,893,181,-183,468,12,-140,7641,-209,-120,138,26,-56,631,289,-979,120,-671,251,146,-130,-56,-72,438,-482,567,1090,-126,-752,464,1228,-106,96,8,476,693,374,257,88,615,40,-203,-34,-275,183,2,470,599,146,-408,-2,82,611,-38,-92,-80,691,80,792,-295,-416,17569,28,1271,54,416,134,-66,-533,-128,136,-114,-251,339,8152,82,384,-794,396,-154,339,506,-120,-40,-56,-48,138,-325,-2912,9576,979,92,44,5306,-100,24,-253,14705,-241,915,114,673,-118,-174,-800,667,539,633,26,653,-434,1381,1200,221,388,297,-776,-18,305,782,30,86,215,-74,-213,88,358,1574,1102,1019,235,215,-303,-120,291,1906,337,647,295,5010,-48,384,708,506,-418,-28,-46,7806,72,649,197,1876,0,64,-16,5684,502,788,162,651,905,271,64,-213,142,-118,34,227,-277,1593,152,8,-40,92,-104,1492,295,-341,3228,26,337,549,1534,327,233,-112,-44,221,-72,-430,376,181,3678,905,2,422,10,5462,5754,-22,187,102,-112,8,-174,20,-114,6,-235,48,683,84,641,-68,118,-293,80,633,110,1186,32,406,565,50,30,96,114,82,112,-44,56,1124,-104,-114,106,-108,752,-12,-4,1333,172,1719,164,301,2,468,386,120,-259,-116,138,-18,-18,1476,-46,140,-22,-74,331,20,140,-56,1168,754,-714,-170,46,90,76,-710,164,-265,337,237,64,-187,72,-18,255,10,-323,488,846,-104,-1397,-8,-345,36297,14807,152,-826,-347,207,16,-34,295,36,-438,46,241,8,-333,-56,80,1975,297,142,237,44,36,193,168,10,824,3702,-28,8,26,1454,185,80,207,356,5849,223,187,-100,-132,42,-16,56,2355,114,148,94,514,-22,-225,-205,74,122,-199,1770,-96,623,26,44,1174,223,58,-124,868,22,788,10219,-18,1615,-68,211,2377,138,1397,42,187,-84,160,231,-46,104,1641,-209,-80,-78,146,-64,734,-42,233,-52,-1116,537,440,152,396,1462,464,689,358,-271,667,-32,-36,-86,-368,667,168,323,3113,42,957,-26,-712,76,-571,12,225,-2186,-26,1212,177,82,852,792,94,201,-106,68,4097,-114,518,177,-30,840,339,1699,46,-118,1064,150,106,895,-132,152,136,1949,12261,-20,1816,2170,114,26,15950,30,181,303,752,760,708,126,-48,78,48,770,24,343,168,36,-26,185,6201,382,-209,585,34,360,1693,-587,-168,1932,549,-358,508,663,207,-134,-14,-68,-122,146,-545,-156,-72,492,-846,420,718,3409,520,1210,164,327,54,-66,152,168,213,-267,100,8898,170,-468,539,72,-88,58,-816,48,181,-102,138,213,587,607,446,132,122,315,181,309,-1538,412,909,-339,-32,118,2,-118,335,358,4,-273,134,-40,42,50,170,-193,124,1554,22,-528,-90,-535,18,166,1542,98,177,273,245,-10,-313,273,110,72,541,172,58,-78,152,-708,12,285,156,193,724,-70,76,116,48,156,-20,-911,1548,440,146,325,-78,12,-235,591,82,245,162,390,-203,1959,651,185,299,251,46,237,1178,28,267,78,448,-233,716,551,18,174,80,261,339,500,667,416,32,100,32,1013,52,-128,17062,213,-20,396,-22,114,-144,138,26,34,-46,993,939,14,438,-120,199,-418,-191,76,360,160,275,452,114,122,931,2,66,122,531,-96,54,201,454,325,251,211,-24,-38,86,-4,88,-402,162,-577,-56,-512,201,132,40,-358,269,-706,-106,84,8,144,-301,166,4,158,406,-10,432,1088,4,388,-96,199,412,181,432,88,380,456,-52,-128,329,32,446,58,8,96,-225,28,430,-58,963,-26,205,822,1158,492,331,-28,-72,-12,293,223,-82,90,-86,-80,-1210,6,166,16,-1836,307,-689,68,104,-20,706,-126,211,-120,-818,317,351,-44,32,1412,15497,376,-299,7848,-4,-54,-128,-2681,0,142,134,74,209,-199,28,-249,275,-442,-30,201,82,263,106,627,-329,275,852,221,-70,219,1319,335,-235,19295,2936,-349,494,62,-10,32,197,44,-90,432,-545,814,-265,118,-257,271,136,112,24,-52,796,269,-239,599,1076,524,205,-68,-774,1699,-108,58,237,40,118,-947,585,2089,2992,279,-102,537,239,-679,158,-48,-62,-26,150,-132,-615,24,514,96,-66,12939,-160,25253,28010,19357,-32,-36,10,-46,-617,134,579,5070,134,-102,2626,10171,1241,-174,337,-341,1033,1019,-227,213,86,-50,921,26,-28,866,-257,-498,251,-60,1345,-351,360,396,5617,16,1049,-219,-524,339,223,-16,683,317,347,366,213,-273,-166,681,1204,245,-50,991,1932,92,130,780,189,94,400,1617,406,333,510,281,593,1094,70,46,-368,6613,191,17424,905,124,8,-146,-271,929,-88,416,94,-860,10,46,255,283,880,52,-28,-16,140,-24,366,225,54,-317,44,243,313,343,-50,434,2966,299,-341,319,-1327,64,32,205,-42,-152,2745,563,-1124,-90,197,-378,297,-362,-58,691,293,52,-422,219,174,782,-140,98,219,10,-18,358,-90,177,-110,-253,571,416,321,134,297,349,-223,26,60,32,-8,136,919,378,1613,-679,94,38,291,16,1140,633,15616,1168,-1138,1369,494,-80,156,-134,-883,150,-619,474,72,54,174,701,354,183,-130,7152,124,-78,106,237,494,440,-225,58,468,774,533,-219,1844,2552,160,158,337,-98,-18,893,697,162,2948,112,76,384,531,434,-68,392,140,-28,-130,76,98,126,52,-199,830,68,605,209,-438,937,-32,1365,520,140,233,551,80,452,1945,197,72,307,-128,20,512,470,140,64,174,80,-74,339,305,277,450,295,1339,24,-251,-136,728,54,830,-221,72,231,-34,80,782,-589,0,48,-130,32,229,-114,-275,687,60,635,-498,-160,185,-20,1755,1617,-555,816,-10,156,-28,-659,3495,-396,1462,-325,58,1884,251,26,104,179,293,-768,-146,-26,-100,-172,-255,305,130,110,458,-34,82,-462,-58,-154,-90,-18,92,-189,-10,760,112,-132,-102,-120,6,21624,3178,655,-42,-16,432,16,-255,456,-8,263,444,78,62,-4,58,118,-341,2120,247,-243,10,1693,-343,-512,-68,-88,168,2815,-110,921,396,124,-70,160,5849,-311,1269,-16,-464,633,-2,152,54,-122,-24,3733,-398,1723,-102,144,-26,957,-181,782,211,354,-78,50,6,555,-255,92,520,303,-132,16968,-1192,1112,444,104,259,92,1176,-32,110,271,-917,295,364,24,90,-213,-126,74,-32,197,78,1645,183,201,279,555,11291,5251,74,-144,-88,126,-275,-100,-40,-42,30,1253,116,1279,-207,40,24,-32,217,60,60,-191,162,-168,2642,80,62,-695,90,255,187,669,50,58,824,-189,-408,621,597,-207,295,-108,116,-10,430,24,-28,0,13249,-309,162,392,122,394,347,718,826,438,174,-174,-2795,263,3624,412,-54,207,589,285,58,-126,929,44,4,18343,639,189,-354,366,267,484,-2,-30,410,541,-6,62,955,617,-94,2401,14,-951,-32,-285,-309,10,197,-98,76,-2,3767,267,9851,64,17595,4280,-122,380,58,191,-58,-76,436,430,3879,10,-36,-30,820,2023,6,488,136,-545,36,-1124,-12,124,-243,323,245,520,-34,177,303,162,752,-265,1498,233,885,-134,229,380,1371,46,219,-12,-343,-673,384,-94,223,42,179,-44,215,24,641,2339,685,-440,126,5792,237,631,301,329,583,555,1007,227,120,168,148,56,241,1393,645,32,64,396,62,679,24,478,98,621,1840,108,114,-36,-30,551,213,683,-311,472,2996,-12,327,-438,-28,247,428,1013,490,1144,2397,703,138,164,128,-146,-225,144,17279,-241,466,78,46,-136,541,241,-28,12,1912,1184,233,291,-239,-56,446,750,537,-931,213,-241,319,-76,792,579,130,108,-74,-251,442,154,-28,-48,28,480,603,72,-14,2,587,14,-1458,42,90,-297,122,62,12,-14,279,718,1096,132,148,772,-90,271,12,28,706,229,84,-56,-102,-422,-183,174,-227,454,-203,170,366,860,-94,510,40,32,1731,-2,4406,-4,370,239,366,52,56,687,-665,112,-68,1462,225,-24,92,-241,60,22,-249,1297,104,-6,271,-108,364,-42,512,339,430,148,335,337,118,10,152,64,136,166,62,14691,187,86,-673,231,247,-128,-68,1108,46,-376,-12,339,305,-136,257,625,116,-58,-2,148,-199,-106,2148,177,2785,-52,16,-597,-122,62,514,-645,46,-52,-442,-24,-329,299,372,-782,2,100,-16,160,251,152,253,18,28,-100,492,-329,-82,496,993,-172,-203,213,410,132,94,1224,-543,213,257,-14,172,-362,205,-54,2186,-2,174,66,112,2844,122,772,-549,820,315,34,-66,-183,1430,142,263,500,-607,358,283,-1013,428,-275,382,48,1166,189,-14,160,-26,42,360,-460,-185,52,-277,-132,30,221,132,96,-335,215,56,70,86,726,24,370,382,452,-130,54,-146,1259,1104,-80,70,174,-44,275,42,293,-156,156,448,1709,42,597,770,-66,4,-1381,315,347,283,136,362,-146,-84,1224,231,965,26,1037,102,-88,1969,-102,283,142,122,12,-227,-398,599,422,66,-442,-221,456,86,-195,462,885,573,-54,12,92,414,60,76,34,502,261,321,-82,317,376,-631,410,152,939,189,1297,4,84,1965,2502,508,277,462,10,-553,10742,221,1331,114,-90,1023,38,126,94,32,468,4,710,470,-156,225,961,150,80,-48,-273,128,434,1844,245,174,-12,22,404,784,11798,10869,434,-34,-50,144,227,28,798,60,-18,86,251,88,134,100,-235,516,-156,307,-74,52,293,-2,12,108,434,313,243,317,0,1623,-12,-24,104,366,758,1934,52,-303,16519,24921,14423,11044,15153,25597,4618,231,675,90,-177,903,313,78,726,6,100,-724,-424,687,142,-78,349,370,168,60,-28,583,34,96,20,573,183,74,259,18,-253,-144,-44,-68,4,-108,390,-8,-92,382,482,-452,323,148,-168,245,909,-356,70,-16,677,386,239,-531,98,273,62,-20,229,170,693,62,112,227,583,142,126,130,-32,-225,229,-18,-72,38,22,-12,261,354,16,-313,34,-526,364,207,4,406,406,243,-541,64,971,261,209,-12,-476,502,-74,265,124,82,629,36,-20,649,247,-438,506,-102,56,-90,-8,138,520,553,52,40,1428,74,205,-24,-24,-104,358,362,231,-68,291,-114,706,183,281,1804,531,1070,-428,102,130,-48,-38,247,56,-295,70,-615,464,267,128,195,142,528,6438,84,-142,231,183,-142,30,-20,28,-20,78,295,261,-54,-134,56,253,30,-34,-50,241,106,-116,-293,-12,828,-2,-177,122,54,-94,-76,72,-30,-82,277,122,484,235,-679,24,273,54,577,42,2817,-114,58,-126,3912,-72,561,474,915,-56,-58,-444,20,136,1132,-305,408,4,1540,-42,154,913,528,68,22,301,263,-26,136,412,-90,209,671,166,189,201,-120,374,-104,-122,283,448,1001,321,58,-46,-24,108,181,140,239,-490,265,253,48,718,317,-70,249,-4,-351,478,-197,134,88,168,8,-237,-575,8,559,2387,-458,-174,490,-880,34,187,126,158,237,1333,-273,50,44,78,166,-112,504,440,28,197,-1589,179,-261,317,-189,30,160,199,78,514,-243,-432,-30,-225,-138,770,253,279,-32,1414,181,732,203,-40,-114,-764,-40,263,-34,62,-66,54,-30,144,460,-6,140,-104,231,1763,424,104,231,20,132,142,-92,597,201,-1178,-50,335,1820,-28,-164,-46,555,2821,551,376,-162,-376,34,-621,-122,-275,76,253,130,-20,-56,454,541,885,60,78,-834,-366,1711,-118,154,259,-66,26,207,510,-74,750,170,-502,1062,396,257,1886,263,20,70,-430,100,416,44,72,-249,10,-56,-235,-174,-211,-977,599,440,961,444,-528,663,66,100,329,221,16,-8,195,72,-372,416,299,625,233,-72,14,-60,6,126,897,-396,307,1202,-98,44,94,-104,104,490,255,4469,325,1343,378,74,26,1379,891,1333,321,826,-4,235,-4,1500,32,380,251,1269,913,1460,561,-110,848,7397,-44,30,339,10,24,-10,76,516,637,480,126,345,442,358,746,-460,293,-124,1289,-462,56,12,98,508,539,368,623,653,-349,8,112,154,-518,1389,-279,2,575,462,476,-156,-263,160,156,337,-197,32,158,-58,623,301,267,947,293,74,191,15775,-4,1082,-82,424,231,2335,-372,619,-54,-327,2518,108,46,551,780,-14,160,285,199,38,-4,233,154,4948,56,-24,1609,58,16,2799,130,331,782,856,285,356,2009,-28,112,8,430,40,494,84,168,6,4801,388,-1546,1210,1084,-249,74,52,38,667,716,98,-142,269,492,-154,-58,-44,327,-840,-120,-16,-144,74,1168,-297,661,-102,-140,50,16,168,-142,-309,-277,132,1226,32,-52,60,144,-78,88,136,144,235,-30,-120,-12,275,571,506,1478,247,-255,166,-136,-927,-64,84,58,263,-297,695,-221,2504,-368,275,-30,557,136,887,166,62,748,18,32,2,124,987,356,587,138,-32,162,488,-92,1084,62,100,434,11141,659,174,-30,142,177,-138,142,189,108,142,-50,162,382,-4,981,201,305,-16,48,158,74,197,191,472,-86,225,203,549,-528,-6,301,-2,80,-168,341,-392,406,-663,-46,86,671,4,434,72,30,205,-172,442,-44,102,30,488,108,-12,201,1965,-245,-237,40,92,86,364,259,-2288,1432,-341,58,-10,2830,-271,58,-72,-56,86,-396,-1118,8,199,259,273,-130,96,625,-34,4,358,999,-128,-60,724,26,88,-124,-134,-386,-28,-42,74,142,1039,78,72,-187,-48,82,1331,-148,685,128,235,-110,66,293,504,563,18,177,106,-76,-281,551,126,32,84,92,86,0,203,-20,-14,545,675,864,358,-1162,86,-46,30,1645,706,34,241,-144,102,474,-98,203,80,-14,2,-512,28,893,-68,166,1228,-30,-44,486,76,6,593,426,-2,-16,-74,162,177,273,263,-18,-4,24,227,211,518,319,-94,207,100,965,225,659,-404,464,699,563,-474,774,-56,786,-138,553,-2,-118,10,450,-333,64,58,-589,177,265,78,701,1496,189,34,-50,621,2035,1426,-172,-313,1816,74,667,-70,20,-434,-185,-118,154,-34,-76,597,12,124,323,762,-104,-1723,116,134,26,134,-301,2926,152,60,-124,788,68,138,-197,486,492,822,-32,-36,-84,-38,-24,100,539,112,-136,456,243,181,-193,1983,54,166,233,714,-60,561,50,331,-44,979,-267,110,6965,424,-2,229,-458,-496,-112,1959,351,806,-993,319,599,199,1580,80,96,611,313,-442,-307,96,-233,-28,60,10,-48,345,297,48,8,-66,-172,68,0,651,756,559,98,392,758,20,128,-64,52,189,239,533,-74,-30,68,-347,-207,494,297,122,-32,82,-4,1108,187,52,32,-10,134,48,90,22,691,-32,0,241,470,323,34,-10,-10,-16,372,-321,235,539,-378,-249,-22,-20,245,-80,32,156,-134,697,160,1082,404,522,496,-36,227,788,-172,545,18,209,454,44,275,-142,177,1098,-54,174,-498,-110,-1967,-128,88,-26,-8,448,677,82,-424,-150,213,345,1446,164,122,-553,148,510,-699,4,233,58,-341,-56,-177,997,-10,-4,275,251,64,-114,58,772,140,42,923,317,195,271,522,100,14,-275,440,864,283,116,327,-333,-22,464,629,8,179,524,561,510,36,-138,136,42,-251,724,32,876,-239,271,951,619,-243,32,183,293,259,609,-152,-510,237,-26,-110,-28,-156,116,207,1218,-307,597,-18,-110,438,8,792,307,122,112,1341,-10,88,82,279,-54,766,-28,191,142,-319,205,3586,96,56,221,-96,446,26,126,120,-44,374,189,1037,-144,535,291,281,22,-38,398,-72,-12,7102,319,58,118,158,-92,82,-390,959,2214,1355,66,549,1745,251,-309,1932,156,-132,227,110,-10,150,362,164,-60,122,172,183,189,442,-104,112,44,44,-76,44,701,52,2811,-665,895,-32,38,104,106,3650,54,132,-94,-408,6,249,1466,891,100,146,3435,-36,730,185,215,-191,500,12,392,106,40,-48,482,492,506,-1391,21304,12,706,16,323,-162,374,207,5629,2677,-34,-122,164,-20,-122,249,144,693,90,-138,-259,0,28,134,-744,1379,-90,-168,26,-187,4,1862,-1566,14,72,-64,28,-88,3564,18,-142,301,-14,114,-168,116,86,551,19456,-60,6,56,891,307,492,62,124,422,72,-52,34,-132,-374,788,-56,90,102,68,227,1369,-86,335,7037,229,-14,466,597,-1164,34,-16,412,460,50,100,1220,42,358,-951,1122,428,2184,-54,3198,58,-98,104,400,784,3214,858,-60,2,-60,943,235,362,382,-122,110,217,-38,-209,102,-60,4193,1860,-106,-219,207,2856,154,249,1275,410,229,-2508,-166,2309,392,86,114,19963,-70,-277,23195,3652,-259,1180,80,168,402,2918,-122,1126,1051,563,1007,-281,233,16,42,-14,6957,535,-168,30525,486,36,722,126,102,84,-26,-52,-126,84,10893,1088,-92,191,-88,10,-50,-76,231,-434,-269,-70,-20,-337,-12,156,16,-144,12,788,201,333,414,-80,706,327,116,174,-52,-398,911,36,5845,516,245,-34,10509,317,253,2520,132,-366,-589,9443,273,665,-60,-146,-18,-229,-152,543,48,-70,842,48,229,384,-120,-6,201,88,108,144,559,22,-132,100,1466,8049,18380,2258,60,-225,273,-144,11531,619,1436,30,-104,1078,2218,52,205,-42,74,269,98,23708,11302,6,16,-42,197,1074,862,-132,643,-146,5060,30,321,-86,174,-80,227,213,-362,20,-762,-20,42,-112,-1182,-187,20,154,764,522,78,24,-110,10,34,144,-108,114,-408,-64,1192,639,90,1631,3851,796,1649,-104,20,10,579,5364,593,211,199,-66,446,126,-126,394,-16,162,235,1051,-46,36,1412,321,372,687,64,2878,174,2397,1084,203,726,1675,16881,635,-64,22,84,96,736,52,917,802,195,-2,21912,52,561,366,62,38,154,504,426,315,-307,4,697,390,315,508,470,1840,-126,-20,-4,6567,108,76,-146,140,-22,-219,-76,217,-46,-90,-138,130,166,44,-76,349,-197,148,-689,-239,-36,-181,448,231,-170,571,128,631,754,301,10,-52,148,6,516,225,259,34,-257,0,279,68,23748,-94,-1285,0,420,251,138,1418,-995,1237,-319,213,46,-315,2236,-376,756,132,130,-92,575,152,-60,297,-207,-388,193,110,23400,8365,436,951,3302,372,921,1146,64,319,2286,148,104,1206,-337,-168,973,915,-54,86,118,74,259,446,18,376,82,-221,3582,579,645,118,2194,-132,313,-8,269,126,382,221,-508,-174,520,46,770,19894,-88,172,8,6,673,-72,1041,148,339,510,68,10,199,400,1669,923,265,1788,144,88,16,478,313,921,955,14,880,317,-62,309,1271,-177,1753,-160,-20,229,1460,134,118,78,-8,30,-76,490,-247,189,56,474,569,-50,-10,-38,26,384,168,1289,619,697,466,6,96,66,-219,-50,-378,581,2097,1212,46,84,691,126,386,-22,6784,-96,-172,189,-34,22,197,130,-446,382,-400,50,2158,177,581,62,102,5497,241,-172,66,76,12394,374,1172,-152,-164,32,625,-199,209,345,251,-4,120,390,32,398,18,199,1178,2369,510,-720,347,28,291,919,615,1446,21332,955,6410,522,293,281,351,434,44,-16,-800,-231,50,-10,86,1757,14,88,46,66,-36,-259,462,26,34,243,1226,-136,-86,-42,1504,1647,-317,-18,122,-10,253,-28,321,-60,790,30,146,852,160,444,-247,685,-18,30,-56,-62,-484,-84,321,293,8,28,40,90,211,-370,-128,207,50,106,-80,84,0,-237,172,422,321,106,-333,-16,-26,675,645,321,108,28,56,-60,-54,-10,313,631,760,66,1009,639,-114,24,243,211,577,265,16,-691,16,-28,1983,-410,-631,-94,446,287,-66,64,289,3184,74,-557,48,-478,494,34,889,235,796,-26,597,635,-118,-86,217,44,613,643,-40,462,54,130,24,34,-92,36,911,56,764,-38,1347,-78,398,358,34,-104,289,265,164,444,174,591,16,291,263,168,351,229,504,156,-80,-623,66,426,-281,62,382,118,1271,285,-450,28,313,-122,-291,516,94,90,-12,38,-1114,44,-26,-24,-110,-152,9294,-177,583,60,72,36,88,2335,146,140,669,1092,227,426,136,603,199,-225,-259,-187,549,480,-60,22,394,655,657,635,456,-215,909,74,339,38,472,50,26,-653,-54,100,241,842,394,68,-36,199,-30,842,860,106,0,-92,108,-32,856,195,516,551,-199,38,90,-2546,372,597,422,639,486,-197,-366,-408,-22,-4,975,283,474,170,-732,267,575,1474,122,84,410,-1068,-174,-124,12,52,1645,-34,16,1251,2355,-162,-144,10,13818,1422,-130,52,-205,-10,1440,535,128,-241,124,50,46,-146,2,1424,102,98,-2,-170,-80,-44,-142,496,-623,384,-12,571,32,1766,162,345,303,12,-20,695,-36,112,-108,255,-40,269,-118,526,2817,267,-12,68,366,-92,-60,253,8,183,-237,66,1009,-205,96,-539,92,114,305,-100,-2,126,-193,-416,-70,-221,-283,70,120,939,142,-10,12,38,20,-156,-52,56,34,78,36,-90,917,201,-72,82,197,255,225,-183,40,567,-281,577,514,-343,122,-331,-339,683,86,-48,358,392,142,378,42,-2,1005,-134,144,-351,1520,-440,261,-106,-40,269,27481,1202,-378,1313,-349,48,-20,631,38,285,-78,-34,90,-257,201,58,516,90,-156,152,-46,-78,261,-337,122,623,-6,14,56,703,400,820,2,333,193,26,170,227,7490,754,-321,42,-16,-86,15747,1257,114,11654,561,122,-285,124,16,90,38,701,1564,-42,0,577,374,251,526,18,1715,108,-223,132,128,-66,402,297,287,629,492,-4,142,122,-331,613,3133,205,1114,-327,26,76,70,249,70,-52,474,154,486,1055,72,259,424,-1589,786,-6,86,162,-60,74,106,68,100,273,-74,339,14353,981,-52,-44,-74,26,599,-128,677,-96,-158,973,4,78,142,1794,-34,362,736,456,-70,58,402,537,257,-128,253,-44,-62,8,20,24915,-388,1605,774,-185,174,-80,56,60,-4,-331,6,-54,-158,-140,-233,-195,36,54,-428,-72,68,-836,-10,-142,-76,1452,213,-732,770,27602,-303,207,136,-16,528,-88,82,17201,3926,150,219,629,-452,1558,1518,-168,396,52,438,-146,88,12,1743,299,108,20,38,-104,337,261,565,-261,-8,132,86,114,653,130,1082,-406,94,156,70,56,164,406,98,-20,971,-154,1230,269,114,70,1359,-382,2,0,132,78,-4,187,197,-514,-474,66,-28,-26,468,54,22,539,1132,146,152,-6,40,347,7339,132,343,259,6,-339,448,201,-84,1204,92,60,2824,452,38,28,60,-32,-293,48,189,32,120,-179,1261,32,-4,-54,299,496,-10,802,309,104,114,140,-317,257,16,-14,-66,-118,-315,203,172,24,-508,28,86,110,-197,78,277,1196,3686,-38,209,-128,508,78,-114,118,-8,110,-112,788,-38,30,24,-189,-84,50,136,90,-30,378,233,368,-36,-4,901,-22,16,-289,134,-40,-44,74,18,116,309,44,325,100,-26,-34,-12,86,-54,1110,1070,16,933,299,22,325,450,181,158,-20,140,-34,-34,205,1349,-181,12,235,78,142,52,0,12,526,142,-140,16,1130,402,6,-42,277,30,56,86,-110,50,1617,60,496,34,0,5929,587,-36,-144,-46,8,38,96,106,0,156,-1405,412,573,1025,1319,-2,78,34,215,164,80,710,199,46,1232,150,64,1601,223,647,-72,524,102,1311,26,10,2367,697,-88,-10,-98,-50,8,24,-4,38,24,-6,42,-299,1142,183,48,-259,-619,1979,20351,-44,-217,52,-80,-40,12,-645,-50,-72,1743,-78,168,261,2301,76,2661,-56,472,52,-118,-142,0,90,1062,90,183,-1051,-54,162,392,-179,229,412,802,752,917,762,1524,-10,98,-2341,462,-82,-38,820,-72,599,172,225,257,545,382,1967,414,17617,295,-72,82,1407,152,134,74,241,70,-22,28,110,66,-66,50,1118,2260,-32,38,-446,-68,-8,-62,124,-625,-146,72,98,38,64,667,-265,24,34,303,-34,24,209,-174,-58,126,88,52,472,269,136,1009,146,-64,245,-142,905,-134,-112,185,8,-136,-197,714,-16,-8,16,241,1162,28,-166,-70,734,56,144,-170,1072,-275,852,2964,-683,432,-150,-52,2723,185,177,128,251,-1589,20389,22,742,-6,197,108,126,172,98,553,106,-30,132,215,309,4,1989,466,585,633,412,-80,42,215,563,-243,-106,185,62,267,-349,-28,-183,-158,-474,1198,631,-504,-199,-18,140,30,62,299,68,-2,88,34,42,-78,1943,-42,-850,-376,-26,1037,965,197,-185,-543,1973,36,37717,34322,62,599,-26,1269,7904,1341,-64,-52,247,343,-291,522,36,0,297,784,16547,15719,102,98,-80,44,98,-148,24,136,148,181,267,854,563,-512,-211,239,-472,-541,472,179,-297,142,450,132,-1124,699,122,-374,-78,-261,144,724,-28,96,259,255,-104,72,-28,-788,26,-1220,376,66,335,603,-118,-251,44,1074,-255,259,108,-126,-106,-54,591,-54,12,-50,311,-420,-104,12,1739,790,1818,5352,1148,5959,-601,38,-2,227,108,-20,927,-56,1062,-22,909,-92,307,518,358,122,140,70,-166,-150,102,2351,30,191,58,335,179,-44,-124,394,6172,26,64,490,384,-887,504,-351,0,22,-172,48,199,20,116,179,400,639,-42,504,104,299,30,-24,-36,6,-94,-2413,671,319,-48,78,201,160,661,98,-559,-245,-720,-98,804,587,2043,1371,96,170,-404,44,-82,183,-64,-249,726,42,2628,275,921,446,106,92,2089,303,356,181,-6,-10,187,436,20,1560,219,-8,366,281,599,1703,-170,263,237,-255,78,-68,-533,-293,289,18,-474,1872,203,-201,-132,170,436,10433,301,-440,13878,-16,-52,-40,-158,7733,6710,225,-2415,1912,118,138,5732,1538,2554,150,2403,84,-104,187,187,512,132,98,116,12,-146,-235,76,734,2576,333,-2,593,965,-76,14,-878,54,820,64,-80,24,62,-156,30,416,189,-4,-124,2429,56,64,522,424,-366,207,-32,166,1874,164,504,6,3725,625,154,134,-44,1890,1440,1140,27682,21880,58,217,86,-187,-130,281,1381,329,80,30,-154,4,-54,325,343,221,-667,193,-26,-110,28,108,84,166,-277,-460,183,27916,508,-30,50,160,156,185,48,-78,364,396,-468,-549,-14,404,1518,144,549,637,58,-221,1430,-468,-794,615,30,-273,92,-1351,-100,86,32,836,58,84,512,-58,-62,-360,116,-6,583,-74,-118,22,410,1397,283,72,303,100,-42,-42,124,1013,-98,86,34,52,-80,64,28,58,854,438,4,74,-325,289,271,442,-919,-277,-20,-492,36,4,949,12,1556,337,611,-42,6,378,237,370,10,72,-78,225,227,-275,279,108,-257,518,613,1146,-44,438,1387,872,-28,120,94,362,136,842,-62,6,917,56,-40,108,1180,1019,10,703,233,66,-307,-98,42,-6,360,104,84,-271,70,-36,160,-287,154,-2882,1078,140,-32,166,-114,792,422,4817,728,287,887,-8,132,-609,-307,-24,-116,229,6456,-134,8126,48,-58,9047,2339,90,26,-263,14,522,18,2061,-102,-687,64,1190,193,84,50,19878,20459,-484,-426,-404,-183,909,205,279,28067,50,-14,1178,38,-10,3049,106,-74,5949,6177,-160,-4,456,8,1150,502,9365,-80,-195,-42,-179,66,-80,1536,480,-48,1713,887,-58,1023,-1092,-36,3455,56,-14,-132,-446,3278,-205,424,106,142,-249,1468,-179,-673,-42,10,18,424,331,824,1500,-60,422,3572,-524,-122,297,1204,360,1426,40,60,2634,1930,-80,343,140,408,362,64,118,756,508,1930,134,-112,607,-100,80,150,-60,-164,-92,1102,183,-42,-1112,199,1184,-86,22,1031,372,919,0,130,5885,1502,667,1375,-486,-100,1552,10978,56,333,100,-16,174,-746,388,-528,211,70,-54,555,691,-50,18,623,462,402,846,-10,118,913,661,4,229,138,174,48,24,10805,2001,66,108,-893,40,-311,816,48,-38,-112,-26,-120,-261,818,140,205,581,88,-48,76,124,-468,102,852,653,38,-2,772,34,494,852,866,-130,-22,333,60,822,160,231,406,134,-261,2753,80,116,382,-30,-2,490,514,120,74,255,482,-547,1747,146,106,259,28,-60,297,-16,752,-136,4789,126,1090,555,2015,-8,32,92,-223,-56,24,376,-98,295,834,1162,297,366,221,140,56,452,-152,116,-183,106,144,1420,40,62,271,301,225,229,406,667,613,-259,62,124,-4,187,490,-661,637,8,9765,7631,-537,331,333,2091,-253,18555,10,-44,36,-209,90,-247,50,249,96,518,388,110,189,-22,-58,-10,-112,-197,-311,-4,88,1222,520,-476,-108,-535,126,52,337,386,-88,295,52,-78,116,275,158,-76,-22,-201,44,420,-623,36,92,227,-770,567,-311,838,-160,287,-64,28,50,18,241,136,70,259,1009,-229,1259,1846,595,259,-1090,-102,-388,146,351,-2,2882,86,1512,275,-134,80,-152,98,205,-961,1039,595,301,-243,1033,-768,-263,-50,90,94,241,852,134,183,1226,1586,850,605,197,189,80,927,46,-408,207,-424,36,16740,426,-42,-28,16,170,-102,120,2640,144,1184,1239,2604,-160,-543,309,368,-227,279,20,-170,229,508,122,354,-263,10,-58,46,76,878,142,-440,-1186,30,-52,432,384,4372,11390,80,-76,985,118,3153,289,138,766,-3198,98,-46,752,160,985,-36,933,174,-217,-718,-631,-4,424,1478,-88,281,48,-170,225,-512,380,-434,478,-84,-559,-333,744,-156,-293,-100,-14,-134,102,142,-132,-68,1055,20,-130,-430,86,-514,1838,36,-778,-1156,1035,12959,-152,400,-581,691,631,351,872,933,-440,-199,997,450,62,142,798,106,-34,339,756,36,136,1542,154,-458,116,-66,88,770,32,-432,98,372,18,484,-181,-160,-2154,-189,977,1212,414,-3427,-64,16,317,504,100,36,-86,518,132,104,1140,629,62,92,287,432,1508,679,17720,1226,-708,102,-102,122,-34,40,1597,132,-1337,-1830,-1206,973,-82,-790,1645,-44,-864,1033,-150,24,-287,5233,-76,-98,213,285,48,2526,587,-213,3178,396,6,1677,6414,-90,160,114,913,14,13287,-138,-2307,-5501,-22571,-1212,-267,492,281,30,-68,138,-88,372,-317,1973,645,2695,120,-144,416,28,2081,524,4300,36,72,52,52,-490,5104,12,80,4980,345,-160,-217,-52,-255,1381,1528,-34,1778,-154,281,-48,-583,-84,-8,1007,243,86,-301,382,66,-36,394,-84,68,-54,-82,-364,303,1228,609,28,160,-86,-412,-112,-38,647,130,54,522,-58,56,32,14,257,213,722,110,1080,818,-114,12541,412,10,14,14,-6,285,-48,142,-728,-28,-26,-114,1122,60,-279,-404,122,824,-62,339,28,-116,-255,104,2469,-112,170,40,166,156,233,22,90,30,432,150,339,-8,368,-30,164,10,880,-12,140,94,315,-199,-54,38,-26,233,-195,20,32,539,118,205,-199,1957,595,209,297,-235,-90,72,424,11621,-32,482,-104,66,486,235,291,436,36,46,-227,1611,1522,-245,-156,543,66,20,-88,311,108,1152,-142,303,26,174,12,58,-412,46,128,136,305,74,54,356,24,40,1460,1707,-110,-567,-1188,372,-255,191,44,193,52,-386,92,136,92,-72,1076,46,504,3914,1015,504,-28,307,-3198,1379,-245,358,-42,-4,-130,26,-237,144,-90,1064,347,12,402,4038,1301,168,90,-92,42,112,-269,842,846,-122,1007,40,565,1037,-939,-297,4264,3453,331,104,-18,792,34,-289,8453,177,466,4561,-14,146,4628,5209,2138,-836,146,140,1180,-132,-136,-1472,-26,-30,452,305,496,-293,1582,-56,-442,-738,508,1685,247,249,28,553,410,925,285,-390,-136,104,-60,122,1424,545,126,577,-102,339,164,-10,150,329,14,42,54,-24,-203,-183,-16,567,140,181,265,-750,311,172,430,1102,9228,23947,1076,257,410,6923,9137,533,1166,-259,18,168,26,237,48,82,-195,164,56,207,168,-476,-2120,382,146,621,34,295,4,1110,174,8,533,-4
52,-21,-13,8,38,-128,-245,409,-102,85,281,-217,-469,-170,14,210,213,16,-109,20658,-84,32,-18,3,-85,-9,-82,-94,9,19,-76,-260,40,-584,-220,-265,-208,20,253,36,-190,-201,21021,15692,22613,3290,6367,16963,139,-76,33,276,2268,20,3499,163,364,981,-69,107,138,-52,99,5,66,-41,100,714,122,192,-729,-714,236,-254,-738,-1,-64,-3,317,372,6,212,313,60,-110,3,251,-25,857,141,-14,497,53,286,447,22,-86,-1,141,116,-43,162,-99,62,27,-311,2,9268,359,-565,314,24,6,78,275,-197,-160,120,154,-89,115,-74,86,81,1063,-37,-395,433,96,62,344,161,-74,0,17,-68,351,203,-44,3084,330,-176,136,68,177,56,16,-43,729,-17,189,108,10,58,182,162,-421,610,-107,1309,-240,8009,384,196,229,-33,40,172,493,973,98,1490,-40,535,180,333,593,232,38,58,115,537,-130,-24,53,-50,-118,46,-82,-1130,-177,2901,10,70,-124,90,676,172,26,-86,192,142,413,61,80,30,210,44,161,1351,171,-238,-134,0,-98,6702,-506,441,1942,-190,100,788,-73,88,-21,-25,18951,-48,162,260,20,-11,83,665,110,299,-186,275,1123,2994,157,3631,278,846,-53,-18,164,-166,77,200,306,13,272,1118,33,608,-162,-17,-57,831,34,2417,633,-608,357,102,-3,2,-667,-81,-161,12,6,362,21,108,309,114,-208,-349,-166,-6,553,18941,10,-44,-56,90,202,799,16,11209,2732,1048,-20,1333,329,212,205,860,321,-5,150,237,227,782,-2,4,1545,142,19,-237,1545,-42,67,327,30,56,26,98,-2,407,3106,1763,1501,172,181,625,1050,83,29,559,-5,385,36,152,52,60,147,1214,233,70,11,775,61,21,-97,762,24,-188,1529,69,-24,651,48,549,202,1883,112,60,-37,-752,540,234,3903,-5,73,-5,1712,1055,679,381,-237,-108,53,1677,339,121,356,529,86,125,3,-110,2510,1370,443,-742,122,209,9,-33,-5,-24,-93,-12,171,74,68,674,1553,828,180,59,86,253,200,2700,-428,-70,-4,1096,830,-86,-24,341,107,237,42,-21,-75,-34,-21,29,339,26,12,681,144,-22,68,1101,59,-83,-116,21,101,472,455,117,171,2467,-48,803,13,46,137,94,-85,200,2818,546,77,537,352,-129,-391,1277,-402,244,761,109,16,579,1619,-311,40,1097,-30,-250,106,208,-8,41,154,899,-26,182,224,58,33,264,12,381,89,866,122,142,88,225,108,32,162,126,35,29,97,131,116,86,423,29,202,487,1042,85,439,379,-10,3075,18,-92,170,475,155,-237,54,1845,289,104,80,312,171,-8,56,-330,784,285,373,184,49,338,3537,150,487,227,625,-43,131,181,67,332,306,3992,540,165,-33,65,-431,68,25,-1,314,129,137,742,1018,-161,-51,13,52,-14,-58,20847,62,-4,-85,118,29147,93,-786,345,-83,-17,6,664,407,132,17,131,75,108,-78,-397,468,14,886,-44,174,543,284,-33,33,65,13,-69,336,13,65,274,132,-72,12,30,64,1031,180,370,28,-603,128,0,691,197,827,11,-14,9,-218,-14,74,-216,57,1473,-35,-28,-383,201,208,152,4771,84,28,356,17,211,265,-369,-27,-141,407,65,408,94,-98,-43,904,150,62,1520,-254,-118,-9,48,418,188,150,-81,-48,-24,24,174,3,250,222,706,929,96,289,-427,36,48,94,301,432,-61,925,309,132,353,13,-13,192,195,-140,30,-13,-166,-202,474,456,349,52,-22,16,156,41,-29,1014,86,5,18,100,552,-306,-109,1673,254,197,54,368,195,129,732,35,0,165,120,34,-43,25,132,979,-116,19,-1490,130,-82,-37,-9,602,-1,412,-146,288,101,123,252,235,177,131,496,77,33,62,61,8769,30,97,153,64,1162,-262,243,846,-363,-42,195,14,145,9433,-97,-53,232,-354,26,104,68,664,-72,2421,464,12,20,4342,221,51,-51,307,436,-28,1544,-115,292,-12,9,-56,-492,169,681,-99,246,28,97,591,351,34,-176,4845,752,50,-110,225,-156,649,6116,1342,122,400,-118,12,-21,21300,166,108,1200,1110,686,164,256,106,715,-570,-1601,222,-100,-675,16,-906,-308,108,-395,162,445,9689,921,192,-122,-125,388,164,-102,45,-90,0,42,-81,246,142,-188,-29,313,-180,70,1390,88,-216,94,-273,261,-362,9,565,-53,-194,-129,-60,-262,107,-13,585,-28,14,-228,14624,69,427,-158,866,26949,232,70,202,3001,-124,1,-1319,8791,-89,-369,34,46,1,146,576,307,23365,479,93,61,161,442,-137,-431,54,-293,14689,-164,-5,-78,-46,1254,24890,25,-926,-29,150,157,36,257,-370,1386,4326,-118,77,44,3689,16,434,165,25439,1701,-325,451,581,120,404,2,-68,214,-28,-69,12253,3,541,102,-123,-25,531,126,-218,-178,-148,204,-4,54,-92,-67,196,-369,258,1321,-35,-305,132,170,-97,-14,3,308,-106,312,86,96,370,-40,-161,-137,156,105,-46,173,249,-58,-46,193,-11,74,-42,16,-80,515,-34,308,-204,-283,12208,-94,828,-234,228,-11,-305,-170,-54,-5,-108,-236,280,12184,18,122,-201,251,-66,-24,423,-108,-134,-212,-92,149,133,-897,16968,70,-19,-145,5335,-56,-9,-70,16771,-413,401,94,317,-9,-138,-1364,190,232,-109,-181,480,-321,2737,884,49,379,156,-405,-1,487,783,181,-48,-97,-44,-419,154,373,941,826,641,235,14,-172,10,36,1699,112,280,154,10368,-37,309,3100,488,-421,36,96,14020,538,524,149,1212,17,24,78,3813,-146,13455,1245,299,124,121,6,-118,98,-48,-36,141,-291,132,92,-89,16,700,-128,4944,216,209,21229,750,532,193,593,258,1010,14,-54,-24,-35,-280,1847,285,11627,300,-16,373,-28,2494,1174,-73,67,-670,-75,22,-28,12,-77,144,-74,294,855,26,1236,46,-25,-99,-40,288,78,48,53,163,6377,-113,20,-35,99,-37,505,-10,-17,747,-281,3,144,280,341,-74,1434,4738,147,2082,8,375,-77,59,73,-69,-139,-84,32,-90,-99,1521,-86,104,-59,-24,282,-43,-134,-177,173,260,-547,1226,-40,-34,262,-386,129,-85,273,-65,32,-109,114,-14,142,-48,-517,109,666,-133,-747,-195,140,19842,14330,152,-110,-319,174,-80,-11,203,21,-323,14,220,38,48,62,803,2753,-324,98,556,-6,-10,188,4,-34,341,1066,-121,38,11,577,90,-65,24,596,6103,981,229,-4,-106,50,64,117,1495,132,90,42,377,0,277,59,146,43,-69,170,-83,145,107,-67,1529,58,45,12,642,24,492,16925,38,1362,17,81,3700,100,783,26,344,92,76,68,105,69,732,-70,3,-35,51,401,575,380,208,-4,-706,107,176,61,124,1022,166,78,421,-165,118,-11,-8,-628,-44,298,92,201,2388,28,907,-51,-29,67,155,-149,122,-1531,-18,444,117,94,2705,1460,40,-108,118,344,3249,-73,26,34,102,379,436,854,-22,-72,1811,-40,100,674,-53,17,37,4850,19037,1,4088,5696,102,-19,7689,54,-16,-16,1144,843,835,51,-18,-45,19,643,-3,284,43,-72,-66,-5,11562,-18,-32,378,-32,482,10615,37,-91,443,-11,-577,443,482,107,-108,80,114,-35,26,-873,218,9,498,-499,173,70,5659,1296,852,125,-195,-4,415,99,208,308,-150,45,7878,162,32,559,38,-166,-38,-506,35,142,-34,58,161,363,1736,300,42,-14,171,75,370,-1091,243,259,-209,-80,214,36,-200,204,368,14,203,283,0,-37,56,101,-41,479,1545,343,-128,-109,-227,-114,258,1424,34,292,571,80,-6,19,13,92,64,1197,196,416,11,84,-322,81,171,64,-8,417,-69,65,70,123,60,-52,-697,1574,277,-100,121,-33,-46,10,154,72,50,45,316,523,1247,122,40,303,242,148,-148,481,-24,-115,-65,-20,-142,718,262,37,60,51,38,483,688,525,261,234,75,29,896,106,98,23661,269,88,-58,-6,-4,-12,-38,-70,2,34,300,804,-6,184,-137,-129,1,-105,74,245,-30,240,177,11,-90,226,22,-38,158,256,-12,-94,-396,321,16,158,3,118,-152,118,-14,18,-402,-57,-352,-40,-235,381,-5,-22,-109,245,219,64,108,30,265,-174,134,-38,120,137,-4,866,1704,-2,428,-48,232,16,264,301,-34,189,232,-40,-8,-122,-11,455,20,48,112,100,50,204,51,559,33,272,910,2787,120,170,-5,56,-192,286,100,493,62,336,-12,282,-81,-25,-62,-698,112,-238,42,6,27,297,-94,12,-134,-384,272,81,-56,-66,648,23869,718,-91,14571,36,-106,3,-573,36,303,-36,1,5,72,-132,-221,20,-8,66,2,169,153,12,900,-189,34,1221,142,42,698,1027,282,-66,20506,222,-435,289,61,-50,59,208,2,-115,177,-36,1326,-341,81,-129,104,-4,250,-78,-99,1413,146,1838,410,1540,445,26,-171,-691,1861,-187,-208,3,-35,316,-355,43,1744,4086,136,-52,266,544,-512,173,22,-30,-58,45,-59,-309,-30,416,73,-33,22296,-17,27224,19046,24115,82,-10,-28,-100,-285,220,424,7538,1,-77,2775,747,651,-288,91,-54,3888,3498,-81,53,-36,-88,3772,16,13,696,-202,-475,133,-69,8872,-138,339,170,14238,-9,1659,216,-363,354,41,76,506,-786,117,-284,41,-227,-196,-2,999,-20,-10,411,1167,413,524,1505,116,344,646,3432,218,336,54,97,1533,1681,278,147,-929,3461,98,23671,651,70,21,538,-89,547,125,153,43,-124,29,-149,132,250,1896,97,1,77,29,93,329,169,-34,-121,-32,200,1260,-11,181,226,9117,173,182,-5,-209,30,25,-2,-156,-17,17846,107,-361,-62,17,-238,112,-134,26,1144,-188,48,-185,90,78,611,-48,104,136,-10,-109,711,-88,10,28,-144,235,180,413,91,41,205,-174,136,-40,57,-12,242,266,505,2792,-284,165,61,2,-54,775,348,19344,1082,-631,1009,375,-150,5,-58,-508,46,-378,192,933,-81,336,856,907,88,-129,4208,173,-113,345,10274,330,179,233,1,62,1035,1316,-14,3379,1652,-138,90,66,91,-58,1017,694,138,2482,91,4,404,469,492,2092,208,256,0,584,37,-24,14,13,408,98,169,481,156,-237,428,147,4703,776,83,65,372,83,346,1071,94,-14,2254,-98,45,363,5096,6,-2,213,85,-5,232,228,20,3075,83,801,107,-61,-18,236,235,291,-134,92,379,-25,120,886,112,58,-8,-53,-22,117,14,-205,1733,131,9988,-227,-5,177,-91,2451,1585,-344,306,1612,13,4,-305,329,-309,766,-197,67,1382,728,1375,121,20,-68,315,-268,-70,11,8,-387,269,30,-38,297,297,74,-349,-56,3,-60,-68,-29,-197,-88,315,-18,-41,-26,67,946,20719,2530,1521,-40,-18,52,12,-32,74,30,141,209,-40,-12,37,30,124,1213,3266,427,-298,-37,1178,1737,-304,34,-6,62,13422,13,663,337,146,8,768,673,-41,98,-125,315,461,-5,89,83,958,-14,723,-371,2080,-321,189,52,476,82,69,116,67,60,52,-37,372,130,51,180,520,-48,17419,-305,639,218,-2,196,-20,441,-186,5,80,-1014,44,110,-3,-38,-299,-106,195,-42,2498,-1,316,276,82,125,792,3861,5784,149,-102,65,37,-330,-278,-148,-99,233,108,26,488,-65,72,-9,-117,65,-17,-14,-608,198,16,1353,240,37,-410,196,94,162,883,48,89,1943,-8,-144,1070,403,-157,144,-59,53,54,144,102,-4,29,12353,-75,694,458,-269,336,173,219,-30,369,195,-8,-533,206,12942,314,1523,29,532,210,-33,-83,449,74,639,25790,679,49,34,298,197,319,-5,62,259,78,-18,-16,762,275,-90,769,-154,-812,-88,-217,-265,-78,967,-86,5,-46,2327,-68,7213,59,13058,2834,-129,204,-14,37,-97,-8,447,113,2070,-80,-140,-49,444,1075,36,315,396,884,-13,-209,-81,194,-229,2,42,533,109,124,269,-69,541,4415,712,57,894,114,156,372,1523,30,171,21,-456,-458,521,-77,137,3,120,-110,94,-128,728,198,-22,-715,163,3385,146,301,9,333,1342,244,68,112,74,132,315,-29,35,1636,448,48,30,563,54,340,-36,101,67,371,622,122,66,-44,102,36,3515,544,-447,1319,785,-130,505,-352,-74,164,541,248,283,809,2571,433,41,99,691,106,-3,229,1676,-266,961,26,60,-341,329,122,-99,30,930,403,132,202,-297,145,424,393,432,-4,341,-208,222,-187,638,288,141,94,-93,-21,225,57,58,-46,33,483,482,91,-46,-22,437,-20,-132,26,29,52,67,49,-51,-64,54,214,249,-85,-237,264,-12,249,1,24,697,691,104,-78,-83,-238,-92,30,-171,-216,-65,-19,218,643,-67,277,50,100,1050,11,9054,196,17,84,364,158,2,345,224,110,-68,1951,25,8,28,-123,28,455,-238,962,-12,-88,113,-4,188,-25,461,179,458,214,106,116,184,-18,16,-65,-10,96,-68,16362,323,-109,-307,168,160,21,-32,771,128,-274,115,19,521,-62,-32,192,44,-108,-158,113,-186,-21,944,-29,2032,-56,-13,-477,-90,43,290,-232,51,-61,-248,427,-160,203,289,-407,-57,734,69,683,2881,333,194,11,54,-266,181,-204,-53,359,572,-126,-117,336,331,136,113,1663,-75,-168,488,19,-76,-198,188,204,914,-140,-6,84,91,1093,259,1341,-205,1252,164,-5,110,22,973,188,228,325,-345,450,174,-703,385,-349,170,142,456,-14,181,309,-88,72,475,-65,11,50,-18,-44,-97,243,112,6,-70,106,50,194,-26,440,-41,130,460,169,-98,-2,-97,692,1829,10,45,72,-48,412,-4,436,-13,291,172,1065,166,197,147,0,2,-968,214,147,431,158,113,-241,134,560,184,519,-65,752,-72,-67,2713,-121,227,-83,181,0,-170,-361,166,122,-144,-923,-128,196,27,-90,89,1532,870,19,-81,46,226,110,-49,-46,126,134,192,-62,387,72,-17,132,2587,619,190,168,-27,57,7179,2250,638,201,285,-43,-485,16382,62,1423,-1240,188,739,97,102,30,64,337,37,1875,155,-248,46,593,202,72,-57,-44,-28,209,1589,120,209,-128,42,379,4070,20338,15908,198,-43,179,193,-4,22,1018,-2,16,36,99,-74,-113,-138,-275,178,-292,137,-6,129,105,-54,10,21,2287,1066,315,168,25,155,3,-2,146,228,487,1918,101,22,20088,24187,23111,17729,15419,22205,10726,364,834,125,-32,413,235,174,349,83,-41,-386,-112,141,18,-78,46,225,0,-88,-109,281,-33,33,-12,266,197,3587,735,5,35,-59,-19,-16,41,-69,189,6,41,-123,736,-361,195,74,-132,779,809,-218,54,-32,489,92,186,-421,258,285,-556,-3,21,131,246,228,8,160,90,1,11,34,96,-42,173,-16,3,-14,26,-36,395,162,51,-56,67,-184,405,-17,53,275,120,258,-380,-41,1017,146,638,-82,-1071,267,97,65,375,-48,391,-43,-26,282,4,-385,267,16,42,74,-42,89,383,6126,75,32,2791,49,129,20,-44,-221,466,349,57,-53,237,-41,166,74,102,955,748,523,12,-44,-9,73,11,276,-12,-194,41,-121,492,238,-75,65,48,324,10729,-94,-53,116,2773,-53,65,0,156,53,3,667,107,-20,-100,205,1,25,10,-37,107,20,-85,-286,-81,399,6,-83,169,65,-14,-131,44,-54,205,435,41,198,185,-407,343,-36,74,429,-161,668,-76,177,-12,1480,-13,799,1882,806,-60,17,-193,-37,75,730,-129,315,48,1256,5,147,300,273,56,38,458,237,29,226,200,-133,181,284,212,594,44,-139,243,-37,-33,120,348,1019,33,6,-12,26,30,16,0,77,-18,75,60,92,434,304,-46,882,-70,-189,573,-177,161,33,335,21,35,-556,-52,487,860,-27,-65,303,-112,-26,-8,186,74,275,1870,-180,57,-112,33,614,-131,206,164,-66,14,-1059,27,-251,-92,22,32,70,163,-33,347,-132,22,-24,1,-244,989,277,99,18,503,353,702,188,8,1120,-331,286,176,77,129,28,177,80,144,124,-6,67,-417,671,4461,162,105,193,-73,158,219,34,897,137,-394,-56,85,1269,-38,0,-14,1191,723,257,110,-88,-158,346,-378,-14,-212,28,319,-16,-51,-33,508,559,2051,-16,68,-73,-157,920,-251,44,284,-97,67,-16,348,-185,782,121,-443,806,30,308,2442,155,24,-76,-601,152,68,-11,-14,-152,6,-3,-116,-68,-294,-679,368,-176,860,25,-337,460,-201,-5,134,106,226,-41,112,-76,-141,-142,375,210,306,25,88,61,20,21,587,-227,129,515,-89,139,19,-122,10,229,492,2843,-44,410,2430,20,32,851,782,561,75,641,-18,213,-16,1550,0,40,-312,892,441,1416,230,49,3028,2601,-75,0,62,2,-123,-20,13,515,241,214,76,-124,630,162,292,-262,523,-51,554,-327,1,49,34,322,163,214,690,627,-98,-100,-83,60,-316,825,-96,0,497,262,91,-114,61,-25,139,222,-120,646,244,6,144,85,-59,1174,484,70,180,14530,-161,76,56,126,-11,541,-345,532,-229,-32,5878,97,9,331,3,4,1204,-68,52,6,-137,83,82,4864,101,114,1127,9,21,4780,185,660,961,2730,99,904,2306,41,-5,218,218,26,552,128,129,11,11667,225,-936,1103,1000,-88,65,70,-70,260,1066,123,-149,197,597,1,-42,-74,435,-556,-68,-49,469,-44,300,-27,214,-149,-26,72,10,258,-162,166,324,25,1290,-25,-288,-30,9,117,-37,82,35,54,-105,-136,8,393,565,2250,4460,54,259,3,-210,-624,-17,28,27,312,-12,208,-291,1300,-211,362,-57,107,86,1883,632,51,587,10,132,-21,74,473,76,243,-14,12,5,290,58,427,-18,88,1192,14715,514,779,-44,49,61,8,-76,332,216,80,-53,99,315,-40,662,14,1229,9,25,72,89,244,113,224,14,42,216,465,-523,-9,469,16,145,102,1389,-113,249,-465,-48,-364,433,-25,274,32,128,253,0,431,-57,58,9,244,25,42,120,2278,-70,-180,-36,97,60,110,423,-1665,1080,-46,84,67,1712,-38,65,-49,-45,68,-235,-194,-20,170,225,294,-141,221,491,-93,229,107,1648,-84,-67,572,42,-172,84,-76,155,-9,-52,43,83,880,64,64,-6,5,804,1296,-203,763,148,142,-36,136,83,126,301,-45,81,197,-34,-50,369,132,165,98,102,244,40,106,-46,3,463,235,258,156,-491,-42,-1,85,372,759,82,1920,-90,56,343,-52,121,226,9,-35,-50,45,333,49,168,5,-53,-32,456,49,17,523,200,3,480,117,195,-22,1712,-59,-4,-29,25,209,104,34,309,-51,1287,33,504,19,336,-403,170,1317,1490,-892,788,-156,944,29,491,-59,3,20,184,-307,-51,27,48,108,13,28,260,654,-4,222,-5,230,1973,1054,105,384,1129,69,429,19,-11,-177,-182,291,-5,6,-9,672,-20,40,355,681,-40,-222,64,77,26,67,-250,843,120,393,-82,441,-4,150,429,101,336,206,-52,-51,-133,14,78,91,219,20,-101,447,-44,38,-115,2061,1150,2,139,170,4,455,266,204,-38,185,-36,114,11283,292,354,157,-51,-132,-38,1425,-60,615,-593,288,365,94,1205,40,-75,506,124,-378,-278,-16,-86,-10,18,21,-26,154,327,-293,427,-273,68,35,74,471,477,535,10,329,463,110,-28,-49,42,-78,264,399,-33,-45,160,20,-97,586,472,-57,-22,-1,-14,960,-102,56,82,-40,-254,-50,49,-76,1185,-14,-25,92,312,464,-213,-67,1,369,91,-329,807,117,235,-250,516,122,77,-85,131,80,-109,186,-125,26,963,337,687,-49,172,303,256,455,205,276,155,1775,202,-43,141,838,-49,-2,-331,-6,-194,-129,94,205,-131,193,218,9,-208,153,610,66,1114,50,-1,-391,431,161,-971,-142,201,-33,-42,33,8,896,24,298,218,256,-48,-65,34,910,166,12,307,62,21,324,468,69,13,-436,200,1038,437,78,196,-123,-5,289,383,-34,-264,-42,320,188,54,261,42,-32,-66,355,-17,923,-81,161,3866,537,465,203,61,27,91,173,288,-379,216,14,-38,13,-132,10,352,2442,26,607,-42,-32,412,61,340,104,37,-16,642,-140,161,133,109,69,317,-52,-14,11,-206,18,6106,173,123,115,83,-123,-2,-234,-53,59,259,241,945,-186,157,206,227,-34,-82,308,254,27,9142,327,96,137,17,-41,70,-250,436,3357,1627,-49,323,1561,631,-275,900,121,-9,70,-41,575,69,182,83,-132,-131,187,8,307,448,-65,51,612,14,-51,-2,257,30,3908,-738,1071,-98,153,-4,42,15270,-13,-85,-14,-196,-45,24,224,307,-13,165,7411,-117,1098,44,17,-370,557,2,539,3,601,-32,341,437,3549,-35,23768,-18,443,21,323,1709,166,1278,1551,3114,328,-141,-99,-76,152,61,429,340,64,-14,-25,-110,-163,1,-42,1449,-43,91,233,-45,-8,107,-1110,58,-45,192,2,-122,1808,16,64,121,10,136,-62,-98,-32,914,22208,49,21,66,1032,307,847,-22,375,278,-48,-73,113,-205,-124,313,1751,56,192,0,83,1680,10,123,11229,533,73,-123,485,-43,-106,-8,457,297,-81,230,2242,124,16,5405,732,221,1662,-82,2282,580,524,260,242,1006,1619,517,-274,-45,-128,1101,-85,1,348,177,88,74,-33,-104,84,-52,3720,400,-165,-110,13,10390,44,503,540,563,294,-93,-142,5745,-21,78,50,22089,-46,27,22749,2913,61,634,-4,40,85,6214,19,2287,217,177,-17,-136,4463,-12,-42,-267,6371,155,0,26414,1,81,1407,125,3,-6,27,32,-424,-12,11151,1599,-72,69,-172,-30,38,-64,187,-64,-61,48,6,-282,18,129,76,124,36,1902,19,951,1453,-707,716,182,80,109,-83,-140,1149,404,12110,253,237,28,13574,423,727,3148,51,-444,59,13791,33,573,-881,132,25,-234,335,1389,139,-12,457,-101,1,194,-241,16,114,-124,241,32,696,2,68,22,750,-11,19683,1670,-1,-212,460,-50,18521,256,1542,-25,-131,704,4849,-116,57,-59,-2,82,-4,29380,18637,20,49,49,84,1272,1389,487,537,-45,7094,-92,8,-84,367,-98,78,259,18,17,-137,-30,26,-46,26,-128,345,132,1439,539,17,-24,-408,4,-27,-26,-272,258,-59,301,1294,402,5,2114,2178,912,2084,-125,-66,114,1446,9083,501,-226,194,-90,440,133,-102,307,41,73,743,407,-89,58,4199,289,915,299,-14,2905,569,5308,5396,54,597,2783,21634,1437,-85,43,100,78,161,-226,137,1373,36,65,24527,10,125,44,-36,41,114,113,176,88,-246,-40,359,78,-8,176,834,1396,-78,-29,41,13447,30,-10,-4,56,9,-100,-72,293,336,-17,-30,76,268,145,-59,232,171,540,-238,-170,-59,-172,80,533,755,187,1048,336,420,245,19,-22,116,85,200,24,163,-3,-240,-30,36,142,24511,-224,-499,-37,-145,216,148,7041,-655,1827,-101,-13,20,3,3267,185,890,214,82,72,469,26,-16,136,-60,-450,464,259,26046,12146,168,1482,2811,169,881,1223,338,267,4008,142,123,424,-835,-288,1049,-26,-138,3,245,17,179,62,0,489,-9,-198,2584,1059,3465,65,3863,-68,179,-11,272,-21,285,114,-459,-232,703,65,606,13715,-120,35,6,69,544,60,2036,401,411,-65,-46,9,234,436,640,229,593,1210,857,-28,-114,12,381,400,355,1,-117,359,-20,-88,780,-118,1082,-45,-14,205,1989,62,26,202,244,35,17,311,420,170,12,619,156,-20,-20,-11,-32,556,495,1189,419,743,1373,-26,30,60,-62,-118,-123,702,2346,-49,10,-12,173,417,37,36,3325,30,-78,294,34,8,96,64,-330,-88,26,-116,2165,42,-1,38,21,16,-205,344,13,73,17010,81,416,-76,-44,24,933,-96,10,134,122,2026,56,270,18,130,-34,411,1391,1018,259,-280,646,77,66,348,1126,958,15369,681,7978,174,258,195,836,112,49,37,-579,-106,1679,-41,84,2658,41,30,34,-18,-22,0,261,2,51,317,78,268,86,33,1707,2809,-333,-41,124,-43,48,17,196,76,578,35,147,1936,85,376,-155,488,14,17,-76,553,-227,-45,59,155,9,-14,94,34,42,-351,-25,128,17,27,77,-30,-28,-275,-104,373,409,-52,134,-35,-67,325,192,561,322,28,-1,-124,-138,-93,-17,403,729,42,1003,880,-43,-1,77,160,264,355,-52,-548,-50,-36,1830,-32,-468,-104,171,193,65,4,146,5775,187,-291,-1,-293,201,94,913,35,405,36,214,296,-337,43,11,-319,1166,214,-46,282,73,114,128,-29,-91,45,521,17,1871,-301,1081,41,691,1875,82,-52,144,180,113,182,197,329,3,129,192,150,492,408,597,-244,-144,-273,2,65,112,-62,427,360,859,474,-578,96,480,-114,-121,360,168,-2,-65,-14,-708,-34,26,17,-129,16,11695,338,739,108,156,16,68,2007,-359,178,257,1518,85,410,106,331,122,101,-100,333,272,288,21,-9,-129,2127,484,234,243,-158,519,-37,220,8,102,48,25,-585,-67,-43,112,658,104,218,-35,33,2,337,465,144,80,-21,126,-21,1022,19,362,411,-444,85,22,-1310,361,-2,274,252,1088,-172,-270,-623,236,25,457,115,495,-412,-340,296,368,1070,-2,252,754,-803,-75,-226,-96,21,612,37,-26,1476,1962,-86,-45,49,17753,2030,-60,174,-109,-90,3032,1037,90,176,81,-17,2,-286,12,1488,185,-40,-43,-110,16,-30,-90,357,-317,336,13,289,89,970,52,12,427,32,-105,474,-43,109,64,280,-21,-22,-97,732,1364,-14,-372,401,181,99,212,140,-80,9,-155,25,442,-109,42,-556,24,52,139,-12,30,19,381,-234,-196,-245,-86,16,41,854,142,65,3,53,27,-134,26,25,-1,124,32,-66,565,56,-16,28,274,106,94,46,-30,915,-270,527,290,-254,-52,-311,-474,442,-36,-24,116,180,97,245,193,11,194,32,122,-161,86,-178,67,-70,9,83,14776,857,232,2012,340,51,9,527,825,145,4,-172,27,-216,-173,-70,20,1984,-89,-4,-20,-144,186,-141,73,220,72,58,51,379,904,170,-57,53,24,26,227,84,10671,432,-194,187,32,-165,18501,1711,41,17626,282,53,-274,178,-109,-16,-214,252,2498,-12,107,110,122,41,289,-9,1900,233,-466,74,94,-189,1612,91,105,107,172,-33,311,814,-121,477,3270,144,983,-265,-29,-13,-69,-357,-11,-94,317,46,237,195,52,240,197,-1646,-14,-42,32,-22,-53,6,34,46,34,-18,-43,201,6574,324,-254,17,-213,-45,807,-141,600,6,-83,1728,81,-275,619,856,657,906,173,1213,60,-30,367,541,46,-139,184,117,-1015,431,44,16811,254,692,595,-200,-52,-68,24,117,-6,-195,-22,-88,54,-49,-65,-162,-41,145,-144,14,43,-443,42,250,20,-234,89,-543,49,110,-131,65,102,3,492,114,-122,17239,4671,43,106,702,560,2116,499,307,642,52,780,106,208,6,1041,132,232,10,32,-209,427,78,718,-229,-57,43,24,96,220,13,323,-453,121,112,46,48,100,480,5,8,594,218,2332,50,41,68,2164,-173,-5,34,81,-3,9,20,118,-177,-615,133,-14,-25,229,-8,100,1412,2088,596,75,-105,56,173,15796,21,122,635,-130,-429,2456,78,-97,751,130,30,1042,372,-94,-28,5,-233,-235,-46,129,-18,89,-158,1057,-51,-6,-14,136,96,16,283,225,69,43,-84,36,129,17,6,-16,-14,146,224,179,21,-487,-28,163,21,8,70,125,631,2351,-26,355,-147,297,96,-66,168,-1,33,-220,70,116,88,-26,-35,78,28,56,12,-26,84,42,436,86,-98,1034,-35,-66,138,83,267,-22,-33,-34,75,577,42,299,-6,70,12,81,184,-43,343,1380,-1,674,-24,53,94,177,343,61,-82,136,25,-36,291,1463,-122,-28,324,146,34,-28,83,96,858,25,-82,108,918,117,-482,2,116,13,14,57,-69,-3,1974,40,216,12,38,2629,373,-22,-37,-13,43,-33,150,-14,-118,-234,-375,313,428,900,136,-36,20,-5,130,77,18,561,78,30,903,60,-33,1087,238,1005,-78,-75,9,233,28,-49,2045,57,-149,-75,-49,-117,136,-48,-19,-42,35,4,18,-84,995,91,-38,-622,-859,1813,5952,72,-12,22,-104,-59,4,-250,-88,-122,702,203,6,131,1718,142,160,-37,376,-461,-42,-114,-20,36,1289,57,178,-609,-249,266,560,34,-67,72,804,594,3414,-460,630,29,178,-1097,272,-26,9,778,22,174,53,160,197,325,43,770,-121,26868,128,-22,-17,674,29,50,221,-364,94,-36,32,6,4,117,-76,461,1197,4,-8,-197,-50,12,-514,51,-428,-80,35,69,33,1,-13,76,10,24,168,27,44,261,-56,-51,61,99,165,388,88,117,551,68,-28,185,-11,818,1,-365,81,-57,-14,-331,1856,3,9,-5,97,724,4,-244,1276,367,20,282,-117,639,391,419,2211,-284,3652,2,-9,3247,2,13,170,208,-576,14225,301,560,105,282,33,107,53,37,450,58,-49,-124,2572,168,24,1793,209,1955,214,112,-62,-96,493,-148,72,-139,9,225,-40,-177,19,-61,-20,338,2853,165,-455,-226,67,-40,28,-85,41,41,-83,9,-69,80,-251,887,-85,-431,-120,-89,1651,1672,248,-187,-293,2023,14,1888,1027,-309,338,-26,2903,13573,1063,-78,-65,185,182,-201,139,41,86,134,806,19174,16071,73,-36,-97,-53,76,-182,4,1083,117,-41,-70,650,158,-303,-18,10,-385,-177,253,-17,-141,61,33,-92,-572,146,62,-370,11,-65,37,507,-93,16,128,66,-1,-52,-42,-423,92,-890,407,70,572,209,132,116,-40,323,-129,433,67,-68,-66,-112,506,-56,-93,-8,360,-340,-81,6,850,484,836,13359,855,21079,-77,-78,11,92,-26,17,369,-136,12,-163,188,44,329,285,237,210,114,233,-16,40,102,698,4,38,4,126,213,74,-43,67,14889,-190,260,1178,332,-735,258,-149,126,-17,51,-89,-14,35,2,537,-14,643,435,363,109,102,28,-164,-22,-33,-18,-1477,57,2,411,-27,129,93,293,51,308,-596,-532,217,308,1077,1523,699,-18,18,-407,52,-32,-10,-220,-131,5872,-85,355,546,1941,22,623,-73,659,195,-22,74,171,-171,-298,680,36,556,-101,-21,168,40,-532,45,229,306,-4,-11,45,-417,-809,-249,2,86,-537,820,108,-212,-238,218,966,19251,277,196,14517,-57,-89,12,-213,107,379,-449,-483,13015,-124,85,2776,643,4541,-76,744,1,-81,128,-13,357,112,17,68,0,-431,-177,-51,424,16363,155,-33,72,52,3,52,-229,-66,735,8,-154,6,58,-21,9,254,1081,238,-74,2171,86,1,278,564,-5,178,83,480,720,112,616,-2,2759,497,477,400,-18,3911,1500,1476,20066,6212,72,77,94,-232,-25,62,1558,157,360,2,-50,46,112,-8,160,176,-611,427,-155,-26,26,107,-10,285,760,505,117,22032,228,30,-8,117,73,-250,42,-77,48,205,-369,-162,120,306,3016,89,423,225,139,-340,692,-216,-642,149,5,-237,-5,-770,-349,67,-81,3379,57,14,835,-18,-49,-93,-179,-10,132,-8,-66,-22,-8,551,161,-33,274,68,19,114,126,553,-235,89,34,-41,-41,49,213,-42,53,600,-19,13,-393,148,92,75,-563,-190,-21,-546,-5,30,839,-128,368,107,120,-12,-9,328,105,164,-51,-13,-36,13,34,-203,338,53,-134,237,391,1119,-259,190,341,444,22,49,252,72,136,155,-141,-21,600,-75,75,116,68,-178,12,154,-131,-51,-272,-137,61,-73,165,-173,64,-124,-25,-220,169,-792,44,-1838,958,473,12,-1,-130,269,258,4795,243,99,99,85,203,51,-134,-24,11,140,14775,158,2332,4,-82,8490,3180,76,30,-188,-59,1382,1447,1005,-198,-596,313,208,186,16,54,10,593,-181,-198,-748,-80,362,92,41,26766,62,-116,937,53,1,431,225,-43,150,-171,6,3,201,-10,22502,291,2636,-14,9,-50,-8,-85,19,1818,182,-36,1184,394,73,289,-22,-14,10375,11,36,-19,-579,1202,118,184,-5,117,-149,447,-102,-751,-6,-19,91,180,185,1330,931,-211,219,756,-110,-74,248,643,74,113,65,51,1715,1375,-140,319,138,-204,194,248,21,188,245,880,-126,49,190,-49,-20,53,139,-98,-59,687,70,5,-762,-126,696,-19,-49,344,-268,29,102,-66,-10,30,226,612,-418,-68,986,11551,5,68,155,0,133,-242,169,2725,173,2,6,105,878,115,-9,188,109,166,377,1,17,750,270,-21,92,69,359,42,17,68,1245,144,258,-838,57,-164,2723,-58,173,679,66,-2,257,639,469,-20,309,117,-242,260,1039,-324,455,2520,169,6,-6,1021,16,376,3599,556,2936,-100,-19,16,306,76,213,-195,129,-21,5106,-24,9,348,40,-34,60,171,2,-32,229,675,-372,4412,134,153,-131,1898,100,-4,49,458,-56,-83,123,493,475,1106,-73,-16,200,-282,-22,36,1494,-25,401,213,440,469,142,322,-270,-38,130,-108,141,-98,-380,153,9,-65,65,97,234,257,124,212,26,505,-212,61,-41,56,-149,309,-144,434,-20,3341,1819,-51,-133,-29,753,219,15828,120,-519,-12,160,-126,-589,-4,162,45,210,177,-17,90,-21,-93,64,-76,-93,-171,-34,-32,884,-148,-337,-237,-96,25,-101,795,165,195,128,32,-94,21,-33,-29,-104,-80,-145,11,246,186,62,85,150,-511,389,-77,732,376,60,-30,232,219,-65,145,408,-37,233,681,-38,511,403,256,-32,-515,-49,-53,46,80,-99,2127,-3,1063,264,-300,69,-187,-13,-81,-647,1094,213,140,-118,788,-278,-9,314,-4,45,270,601,-74,78,1394,1169,1683,233,259,29,37,846,76,-85,98,-317,41,19557,339,-2,2,78,115,13,99,3262,123,710,695,1460,124,408,172,384,29,235,-45,-43,252,125,80,227,193,17,-30,67,19,648,-6,-124,-429,59,-22,562,197,7170,3513,8,-9,836,69,2127,26,12,507,-609,86,106,-25,168,698,13,2207,-74,-140,94,-321,-6,433,1631,14,118,368,193,305,-198,362,-140,892,-54,-360,-481,457,-392,-128,-24,-344,-57,49,86,-28,18,597,-13,-1,-64,65,-475,531,182,-333,-959,33,2912,-98,286,133,145,501,136,589,1215,-315,-97,451,163,41,33,246,125,-19,42,447,35,-44,311,187,-325,-65,-314,301,170,-32,-157,-30,651,-107,303,25,-99,-876,-122,507,2613,433,-1863,-74,-77,42,1110,25,-18,-82,307,174,25,13846,525,-52,-33,128,217,399,288,10428,512,-527,-34,-40,46,-13,259,4873,121,-870,-1971,-408,16,-722,-1198,1252,-42,-871,53,-42,-132,-174,6177,-158,53,73,-42,82,3918,245,-122,-690,201,-186,200,3664,-108,133,-25,-784,-19,10989,-727,-3495,-4813,-11169,-1700,-330,379,157,-11,-17,116,73,292,-134,1384,2745,4019,13,9,-128,-42,1810,203,14988,-11,41,204,25,-261,14911,57,42,15202,125,-17,-81,85,-21,394,2125,97,5037,-51,233,17,-54,40,14,267,52,84,13,253,214,-17,293,61,-2,-27,72,-6,251,1290,421,49,317,-16,-229,-61,-30,298,283,88,226,-58,11,67,-11,163,134,443,139,1257,400,-20,14897,61,-41,-19,29,5,198,-59,18,-258,-33,9,-137,1269,-33,-195,-161,-83,120,-52,445,-81,-133,-115,-33,1510,-85,11,-36,110,85,25,64,-244,4,113,100,1653,70,217,57,-84,-105,601,-75,132,30,216,-10,250,49,65,185,-193,-45,-29,4663,-2,189,-177,1629,1670,-19,473,-214,-5,21,234,10507,-64,109,-89,109,245,289,57,44,68,52,-82,1071,1426,-179,-109,130,24,-10,84,324,338,946,-85,50,30,62,6,109,178,10,44,106,453,107,4,113,-22,-8,973,6995,-96,-101,-395,155,-260,46,-27,0,132,45,-77,67,-2,37,1608,3,420,1893,890,662,5,588,-1130,433,-48,153,-44,17,-54,34,294,200,-34,211,228,-27,416,4195,716,94,69,43,89,-83,-20,411,203,-75,268,-24,403,1171,-433,-78,2493,1154,-166,138,58,855,24,-308,10986,233,195,3862,-8,38,4038,4306,1766,-441,46,37,-44,0,-118,-935,-353,-34,154,177,300,399,568,17,-270,112,274,373,249,163,81,338,405,684,887,230,-8,-9,9,62,3201,273,3,458,-6,389,-45,-11,-91,52,-86,-28,-64,-77,-84,-172,-115,337,170,225,54,-340,230,160,137,38,6440,16830,567,72,17,9495,4254,-2,655,-278,-19,185,-46,64,-20,-36,-8,129,51,125,118,-294,-937,250,-58,229,-11,201,-35,133,50,-51,91,-43
53,-202,-274,59,309,-456,-581,-159,-343,236,-7,-542,-744,-331,-372,159,303,-93,-297,19266,-21,171,-122,-29,-309,273,-177,-226,-54,-71,-1,-270,-60,-499,-156,-118,97,349,789,1396,708,1099,19002,14266,21448,16588,18852,14715,414,496,973,2080,3804,980,844,50,267,721,-47,423,88,40,66,45,-151,90,145,2496,457,1088,-1366,-754,2503,-14,-378,-220,-177,134,921,1216,-75,431,1268,-11,0,-54,1410,-100,1872,1571,232,811,169,1033,1004,316,-183,15,682,183,2,247,-106,242,326,-488,84,3436,943,-1228,545,59,-403,335,-164,-1170,41,41,438,15,-323,20,10,892,1643,-136,-486,26,-113,280,205,517,530,40,7,23,949,-78,842,1230,479,-283,345,117,437,-86,224,588,573,-75,339,556,188,22,618,522,-325,2900,-365,1346,-186,4520,376,309,584,-82,0,695,495,1484,804,1227,169,1283,-41,675,382,264,-205,299,512,777,552,69,198,-5,171,-47,53,-613,-632,5283,-30,13,-232,529,1793,149,249,-29,421,351,460,33,263,-71,142,-23,2375,1156,1436,90,-338,16,-14,11217,-975,642,1569,-48,799,792,-258,135,-2,-21,19821,-341,504,285,99,-109,822,449,1038,184,-118,585,1211,1413,417,3614,763,4661,-43,63,-253,-12,252,526,746,434,814,540,-24,1057,-224,299,293,1995,33,1786,1249,-515,557,468,-17,87,-1607,-119,24,-637,42,765,553,-146,904,154,158,-613,-53,-24,1783,17159,100,31,137,44,234,817,-199,11094,1141,2239,61,1583,865,441,468,1400,573,359,-286,285,325,693,-105,553,5092,373,-62,-374,1030,-91,168,1030,7,220,19,-20,-11,579,1518,1378,1384,459,1031,627,97,261,220,1664,1015,933,438,242,701,159,762,2128,855,133,349,1229,116,43,7,1538,298,-319,2354,884,149,4902,116,320,44,1332,279,233,-19,-1522,627,507,6538,119,414,-145,2016,313,1220,603,75,15,1073,1351,746,-65,923,661,377,246,40,582,2115,1088,1064,-422,479,190,-139,-17,-66,419,-132,-72,1509,56,562,1143,351,700,832,502,388,109,686,295,-548,-96,-391,1090,1188,70,-6,633,293,415,-22,-90,454,22,147,799,763,339,98,1475,353,771,73,2417,265,-158,175,39,433,804,693,1813,530,690,573,638,53,-17,97,123,-169,-51,2736,1025,61,1173,808,-65,-891,1080,-483,911,-128,106,112,1141,9661,-443,110,-238,202,-82,678,-215,-175,217,-168,673,-70,408,20,-86,570,149,419,1004,415,-290,-232,151,150,931,175,-5,267,243,-198,155,286,691,245,591,918,-420,-246,769,681,-581,1538,286,113,968,-457,-529,189,437,-39,-632,26,1210,1413,525,1608,22,1121,209,60,-476,1231,373,584,408,133,712,4578,348,637,410,3120,289,94,1020,642,93,1359,14234,1150,288,56,585,-803,31,497,-131,406,632,501,5942,2461,173,-5,709,-33,34,158,14077,228,-34,233,116,26012,44,-1688,3717,-350,97,63,698,1152,720,1248,245,302,2491,-135,-56,1123,20,2311,124,1209,400,717,572,187,490,118,-220,282,76,270,301,202,-45,188,36,70,5,1051,654,154,-1321,285,132,1403,272,59,114,195,326,1563,4,341,-228,1678,3488,891,-8,-281,320,353,881,753,558,439,188,-13,358,568,79,-45,25,841,188,892,81,251,45,598,1,1003,653,1035,154,-14,17,1013,310,140,161,29,-133,312,156,25,479,1017,498,964,1495,1182,-243,53,433,235,327,445,39,1502,1076,650,536,-50,45,242,484,-247,294,-30,-193,-445,854,466,709,360,0,547,346,-19,701,1302,80,-69,225,200,265,-493,-31,312,986,971,239,1751,1011,236,482,-142,244,432,170,309,81,189,283,3949,1135,291,-2523,328,-20,-5,121,915,3,1036,-112,234,967,192,266,359,445,161,536,-88,183,1246,230,9286,160,339,317,70,2220,-300,123,1466,-904,-61,542,3,123,850,-321,67,411,-1929,-48,161,-22,566,24,3542,306,51,12,3704,470,59,66,404,804,15,8130,-150,755,102,31,25,175,309,2793,-151,1051,145,291,1623,1100,-63,-374,3021,2302,293,-195,855,-615,4118,1084,1709,327,717,232,-61,228,23182,557,317,1495,496,1975,624,579,76,1091,-390,-1895,434,-320,-1239,-558,-1032,-501,186,-405,237,283,3796,1429,450,-159,134,1197,1298,-404,561,-106,-2,244,-41,1206,322,-596,180,577,-63,87,3210,177,-384,356,179,404,-783,60,765,23,-235,-376,-300,-394,133,17,1579,-236,2298,-173,7290,49,556,223,521,22817,692,4,732,1837,-434,170,-1054,8580,-23,-270,-51,93,-40,432,1095,540,23695,104,190,140,326,534,-406,1049,135,-589,17808,-319,-218,-19,-91,1837,23213,-25,-1170,206,137,590,44,690,-919,2586,1170,168,68,65,6215,225,1499,161,21563,2666,-421,467,760,70,1175,282,-23,487,133,-195,11081,-344,-14,-125,52,160,159,545,-846,-165,-343,347,132,19,-610,108,53,-471,698,503,-155,-669,285,2541,19,-271,104,413,237,474,300,201,929,43,-178,-117,-36,95,42,637,91,267,-378,66,297,691,-35,95,-170,795,63,997,-339,-442,18951,58,1294,165,497,265,-210,-346,-44,-91,-205,-152,707,10807,204,562,265,604,-325,410,613,272,-34,-234,-6,156,-357,-2485,14972,1217,96,-162,6947,-258,198,-238,16542,-468,868,243,1144,-66,-309,-386,626,-103,650,-266,512,-256,322,559,71,161,172,-708,-62,454,995,-50,-133,-68,-110,-1031,218,705,2277,1256,1641,165,220,308,-228,256,2058,507,1044,53,6895,-85,721,909,449,-601,61,-75,10560,394,1031,653,2414,142,156,-12,8080,114,3284,216,572,2280,477,0,-393,35,107,62,430,-455,3600,475,45,-52,344,-102,2144,311,-253,7145,-102,-174,556,1505,253,302,1538,-142,150,-118,50,865,31,5863,882,-1,540,-5,7296,24214,87,187,-548,149,133,-156,67,24,-360,12,109,1597,227,1535,-58,39,169,-91,-82,242,580,100,603,628,22,-93,-12,13,39,-91,0,68,2489,80,-212,456,181,745,208,506,1135,-100,2377,79,544,332,617,167,102,-430,-133,673,-105,-65,2291,109,24,-32,152,17,22,73,-65,2521,610,-740,328,163,153,515,-654,1109,-174,721,553,468,-501,458,-114,225,-52,-423,517,1142,-50,-1310,-254,-1273,23458,13363,402,110,-534,452,159,42,279,78,-590,158,604,67,-184,34,-42,1768,-521,678,158,149,-11,-45,338,439,1150,4766,-81,35,17,2855,137,-89,309,680,4377,186,371,-245,-327,-61,-8,-8,2292,-43,5,-2,885,-56,-429,-315,31,114,-85,1651,-143,1484,-23,205,1475,-1283,45,-303,1767,143,1234,12971,-49,2522,-5,264,2354,72,1589,50,177,162,220,177,279,1077,375,96,-21,-57,136,961,1077,164,987,-65,-1795,485,556,183,966,1933,377,858,-19,-467,1446,-14,-43,456,-7,1099,68,267,2624,76,1184,257,-1429,62,-39,13,293,-1471,-31,1830,388,197,662,115,180,25,-261,246,5773,-45,539,243,25,1299,488,2164,1,-243,2080,209,-99,1570,-338,295,151,2283,15431,82,2138,1577,525,35,11468,200,24,495,897,1457,1984,418,15,-33,31,993,30,1053,270,175,289,-36,7451,175,-210,745,66,354,1766,-636,15,3350,258,-774,293,1007,269,-357,-41,-16,-168,196,-960,-152,136,1707,-1135,673,662,5109,656,2726,48,1134,28,383,114,513,289,-618,0,11585,215,384,253,38,-135,-31,-1394,281,349,-99,42,512,826,1684,471,125,380,293,286,344,-2011,671,1331,-135,-47,-262,-48,-617,763,1070,-16,71,242,-25,66,281,319,-318,428,1753,90,-449,-221,-568,-23,135,487,216,354,737,467,-53,-376,58,226,71,1575,116,-11,-12,198,-846,284,403,-25,197,798,40,151,162,-108,47,-28,-973,2656,732,455,673,16,79,-564,862,195,382,150,1294,124,2412,1206,816,638,278,-262,-35,2791,-78,716,-173,476,-295,642,-156,143,49,-286,69,471,1097,553,382,-26,70,60,1909,278,365,22637,480,270,-223,-62,228,-123,150,170,49,0,1934,1196,60,630,-32,73,-21,-159,63,390,49,210,1051,272,548,492,36,-122,156,423,-226,-99,158,623,218,450,-67,80,-127,112,95,710,-534,44,-892,-12,508,86,171,16,-581,596,-1267,90,182,-7,720,-235,511,-122,144,448,201,1211,2867,134,641,-106,195,395,100,535,-4,164,1559,-244,-137,192,47,118,-144,182,150,29,137,156,-24,5536,-32,237,2299,1010,762,403,58,217,14,-408,332,-158,455,313,36,489,2,52,-402,-717,344,-338,178,169,-6,649,-130,139,-163,-1095,817,552,-45,197,1628,21043,-32,-253,9441,19,71,192,-655,-50,208,270,123,279,-67,198,-349,34,-348,475,132,812,304,224,609,-279,1443,1604,317,25,385,6330,269,-326,17020,418,-658,450,335,125,161,159,-34,-262,306,-291,1809,-513,85,-35,2221,295,54,44,56,1101,534,-41,494,1893,1301,56,50,-1127,2280,-173,90,483,119,42,-979,360,1522,11753,484,-87,862,89,-465,199,-21,26,234,178,-93,205,72,323,-144,53,18943,393,21375,19069,20086,66,-261,17,-32,-1585,526,1403,8996,127,-292,2886,9006,1188,-232,364,-351,1643,1321,-204,100,154,-29,1665,109,-20,1226,-319,-800,267,-182,621,267,594,918,6798,86,1987,-443,108,308,123,135,1078,1429,278,-448,674,-188,-377,135,1326,382,-82,1350,1857,-141,181,840,173,140,1177,1057,383,183,1008,381,769,1474,279,76,-39,10136,153,18944,1652,68,56,-1016,-60,896,121,644,-992,-836,5,433,230,428,2276,-173,154,43,186,335,223,6,14,-70,-35,421,566,200,383,747,7107,158,68,-93,-838,-22,24,159,-292,-100,21404,1008,-388,-82,181,-282,350,-112,19,1086,420,-133,-242,484,355,610,-134,106,573,363,-86,335,-91,237,-158,-121,827,675,900,269,234,-209,-282,405,137,153,2,226,2830,933,2998,-885,402,85,357,122,1320,1051,17548,1061,-894,1711,429,104,98,-82,-689,285,-786,348,95,204,395,834,211,173,-158,6606,94,-93,47,1320,867,384,-313,69,990,1478,641,-133,4125,2406,159,108,106,441,-56,879,643,156,3336,158,30,252,137,288,-235,564,80,624,387,-113,21,319,90,-66,477,519,755,178,-326,913,103,2671,813,298,373,798,170,805,1027,174,-79,746,-124,-71,1004,6358,617,4,-52,208,-21,63,512,248,506,118,1534,2,-182,-3,599,-4,1517,-343,291,644,-136,102,2119,-452,480,38,-116,36,181,8,-276,1640,260,2280,-497,140,719,-149,2611,2024,-252,786,12,251,242,-391,1748,-386,1684,-128,110,2358,931,162,301,113,30,-845,-107,-202,-523,-128,-117,668,16,-57,590,156,11,-673,-165,-197,-110,-80,127,-443,-65,516,24,-143,12,45,362,20258,4790,666,44,-13,572,31,-315,658,-22,280,1624,49,-211,180,13,306,-256,3457,451,-403,-82,3410,-255,-551,146,-85,289,5946,-180,1459,625,315,-6,817,993,-329,1520,-144,-253,949,24,146,152,-212,-82,1544,-566,1731,-458,227,-98,692,-71,601,412,290,-21,340,10,737,-411,205,278,422,-255,13495,-1820,1551,1356,104,169,205,1047,-128,24,245,-922,958,369,79,136,-553,-235,366,-32,666,-30,1540,190,282,325,530,4705,6873,214,-124,141,171,-281,-335,-146,-78,160,2765,160,3190,-236,110,32,29,117,406,45,-181,211,5,3003,278,235,-168,95,131,152,1087,-56,-81,743,-10,-408,490,401,-301,220,-219,147,104,619,49,65,248,15600,-282,209,1008,-270,905,235,885,365,625,400,309,-2726,245,5186,519,-108,102,1370,376,177,-109,1459,170,63,13765,691,207,-318,598,366,834,48,206,501,881,-29,29,650,964,87,2450,-108,-1477,-100,-356,-499,197,395,-118,-63,63,5100,135,19568,86,18131,4961,-28,414,87,274,-65,-579,470,743,4885,154,-264,189,1051,1508,94,284,808,418,60,-1513,-167,384,-479,485,232,520,66,360,508,47,2125,-425,1523,246,807,-77,191,384,2587,93,348,58,-15,-856,1010,-293,328,149,437,-144,165,-144,756,1536,587,-212,135,-14,599,903,506,646,1062,866,814,345,-402,232,303,181,306,738,675,45,16,1062,411,1035,43,544,77,690,1729,206,-355,118,253,-93,2363,950,-63,1170,3049,160,1027,-677,-123,508,580,567,396,1705,2736,1155,118,344,348,-10,-112,85,13774,-62,1123,53,65,-411,758,415,-114,346,2384,2267,348,381,-356,-149,437,496,798,-535,819,-285,132,-113,1832,789,114,921,-49,-145,782,270,-181,-28,-86,618,529,158,-26,45,792,52,-2616,5,154,335,512,201,132,47,230,827,729,128,-11,132,5,262,116,-113,1071,1307,189,-39,-104,-280,-98,289,-103,610,-258,33,428,1512,-28,653,235,128,705,16,6371,66,915,322,341,255,131,985,-501,255,-44,1155,219,22,235,-276,85,486,-623,2605,126,-57,302,-35,246,-60,669,1059,436,104,-40,519,202,-19,160,-12,414,298,-36,15378,437,145,-604,207,567,445,-36,1206,133,-485,239,68,369,-97,249,901,457,-70,8,154,-363,31,1869,160,2952,-32,117,-696,-87,110,608,-810,266,35,-568,-471,-104,575,614,-792,51,624,164,539,303,440,543,14,-227,-154,530,-355,-5,863,1223,-196,-281,167,493,123,182,1782,-550,117,431,128,486,-167,635,-56,983,448,180,139,248,6952,233,1470,-489,29,275,218,184,-116,2092,420,248,670,-494,479,367,-1122,853,196,395,536,1054,278,68,285,-125,133,-30,-478,-51,220,-256,-141,79,150,170,76,-483,318,163,52,97,813,-135,767,686,621,-183,504,-144,1407,1011,229,-285,385,-47,975,96,422,-98,153,329,2036,10,884,605,-28,-24,-1011,457,362,579,59,245,67,-286,1305,323,1072,-458,1227,235,-71,2703,-66,607,218,291,113,224,-109,652,456,178,-1182,-297,430,90,-232,291,1285,847,79,-106,85,468,295,238,72,599,373,614,29,347,410,-594,336,230,603,468,1142,-45,71,2166,1470,1105,283,729,0,-918,16151,758,4015,3,114,1962,262,515,188,93,964,32,1114,-328,-104,553,1089,261,60,-150,-142,400,336,2179,124,471,93,119,-75,1368,16986,12550,334,-45,-615,175,149,-75,1413,31,-123,15,332,-16,172,373,-198,572,-77,418,87,183,348,271,106,96,790,551,109,318,-31,2125,-14,-60,109,562,1394,3925,86,-197,17212,20855,12454,14252,11173,21306,3906,327,913,204,-395,940,652,339,1087,348,479,-765,-226,983,-114,-80,172,523,473,360,-91,634,-33,50,-105,580,260,615,-193,121,-13,-71,-7,15,2,47,238,163,5,230,-151,-678,380,170,-112,108,1187,-364,73,-36,864,202,279,-439,218,437,122,144,158,208,249,225,155,384,993,182,312,167,-147,-21,348,32,-96,36,141,-76,897,161,70,-291,35,-381,616,4,99,438,493,387,-755,178,1425,508,223,-70,-705,551,136,428,673,11,834,70,-99,649,103,-252,599,56,-76,-170,79,155,482,1541,102,106,2287,41,502,30,87,-238,617,603,249,119,343,-77,1206,109,895,1987,628,1560,134,149,284,182,47,88,373,-215,114,337,415,131,656,-34,548,844,7065,141,-52,557,116,-149,3,44,252,106,-418,385,327,-21,-591,262,405,38,-501,-112,288,3,-38,-323,-197,1024,50,-320,196,70,-151,-280,76,-45,128,376,-123,1369,382,-564,198,547,39,564,108,3039,-99,214,-155,6762,-42,812,208,693,22,242,-445,-19,384,837,-264,749,77,1996,-223,226,2431,168,127,-65,131,-131,-118,355,585,-152,309,638,178,200,165,59,573,-286,-4,635,687,1104,393,158,35,223,89,-204,121,1,209,152,726,209,769,465,-133,177,-45,-580,723,-33,596,60,184,133,494,-526,121,1309,2935,-230,-42,516,-67,242,112,-397,53,458,1050,-196,154,-159,329,29,-261,895,517,1,256,-2081,39,-316,13,-86,-78,76,199,43,520,-290,-63,58,153,-193,865,394,98,114,1119,391,1604,310,40,1601,-35,272,482,-6,155,-28,357,-97,141,327,-26,408,-524,633,1464,792,8,512,-36,348,293,-108,925,563,-653,87,367,2021,-24,-106,-12,1545,1984,1047,641,-99,-218,241,-782,-71,-337,30,571,216,94,278,610,606,1063,50,70,-949,-816,1425,-69,235,335,-216,26,645,455,-145,1115,169,-233,1996,1863,128,3189,91,-3,0,-646,-553,942,233,246,-511,125,45,-335,-173,-160,798,836,897,1419,690,-519,1117,458,25,864,242,182,-11,-13,-11,211,280,827,764,115,-56,362,65,20,233,1283,-311,304,1004,-210,24,218,-40,159,876,571,5285,318,3740,147,172,93,1508,1413,1783,640,1092,-40,350,32,2578,-131,415,454,1233,699,1697,1032,-247,988,9754,47,-42,115,43,-100,99,-8,729,497,380,270,-91,860,779,1420,-479,88,-224,1677,-817,205,-198,149,531,886,1013,1566,726,-180,-99,206,82,-571,1764,-220,106,751,711,675,-201,-483,298,47,363,239,943,181,-56,888,732,310,1040,992,173,378,18122,57,1118,87,418,650,3568,-58,730,-12,-155,4369,267,163,976,441,-72,428,175,354,312,-171,732,126,4589,116,85,1921,278,255,4158,226,850,1304,1734,539,698,2209,56,-137,123,494,-22,395,355,371,167,12054,-66,-1608,1356,1525,-212,78,237,4,640,964,162,-275,284,1394,-133,-65,-24,642,-910,-67,21,-270,-155,2126,-219,397,-216,-6,204,79,23,-70,443,-11,42,1174,3,62,10,171,5,459,209,400,61,12,-58,-89,238,1654,1059,3686,241,770,255,-68,1143,-112,-199,13,446,-224,809,-325,2772,-70,365,17,1345,362,1914,300,121,725,-16,332,97,49,1210,340,1646,50,86,122,599,-99,1759,-35,26,641,9961,599,990,-107,47,456,-256,112,604,168,158,-72,131,498,-57,1554,244,749,76,100,23,165,-19,113,345,-60,260,526,561,-1029,44,733,28,132,-140,951,-337,174,-1188,-112,-21,1133,200,300,19,79,757,-327,670,-114,122,-12,712,86,-61,119,2491,-652,254,66,236,-11,374,458,-1082,1540,-381,107,300,3158,-263,413,-137,295,88,-264,-775,-32,-43,171,579,13,144,100,15,309,669,1995,-98,-56,1330,16,12,-80,-177,-320,-48,-147,-195,534,1693,-59,86,-266,-17,-344,1544,-290,1193,201,343,3,72,217,610,476,-73,118,331,41,-348,125,24,133,150,122,615,26,302,-30,-29,1015,853,1237,1010,-1381,187,40,223,1105,942,189,106,59,114,1432,-108,26,309,-227,-28,-130,116,997,-73,170,368,-61,-15,763,59,-29,730,267,-52,805,-139,665,152,484,188,-29,125,126,317,182,1847,483,-136,51,0,1305,927,430,-199,584,1812,355,164,2127,-285,915,118,857,-14,-400,100,474,-560,44,114,-98,228,529,225,988,1925,512,439,122,566,1438,1441,-11,127,1701,123,308,29,458,-346,-419,-109,211,89,-17,400,23,123,575,1012,-40,-1558,613,297,2,237,45,3617,191,84,-274,622,50,450,39,496,728,709,-52,114,116,29,88,236,786,312,-202,597,351,916,70,1870,-26,45,273,1434,310,658,168,929,-146,-326,-315,241,7732,226,307,335,-257,52,-36,2490,873,2508,-701,575,771,-56,1218,81,42,598,519,-452,77,227,-114,91,81,24,1,307,625,36,785,-490,219,164,32,534,3143,825,228,503,808,110,7,-117,58,2023,412,734,-272,188,127,-5,-167,420,396,71,59,195,-26,1562,106,78,139,134,405,-4,-70,30,273,-90,3,284,534,405,47,-79,172,183,1153,-195,477,981,-66,-238,780,-12,158,-73,696,384,-97,763,-41,618,866,255,948,-1,214,1196,353,848,110,610,198,-10,335,-104,179,1456,-66,-11,-244,29,-1777,-39,217,-97,-60,32,300,77,-541,-415,675,364,1252,108,423,-634,332,857,125,-193,110,21,-59,68,-67,1573,-85,619,355,563,-10,388,256,1752,121,167,383,217,237,480,504,110,1,-757,642,1212,575,195,504,-72,-3,586,684,-100,525,507,910,1061,135,443,211,-32,-234,738,-33,1283,-220,284,1677,674,599,217,-270,253,345,849,-523,-758,727,109,28,146,-130,278,477,1286,-436,2462,40,17,595,184,981,32,115,124,2421,-81,544,204,360,-110,845,47,447,107,-727,404,4069,144,218,520,-102,716,22,52,23,182,866,236,1474,-30,558,346,313,-22,-67,331,-49,-26,6419,495,25,196,301,-28,124,-609,1978,2304,1657,-20,405,2344,358,-594,5044,179,-110,465,121,406,311,418,169,-61,274,827,211,136,1725,-80,163,221,8,-165,47,613,62,4075,-1082,7704,5,258,80,77,8869,107,-227,-238,-411,-24,161,3849,1080,36,354,1748,-172,1048,78,146,-227,744,14,1275,104,-23,-116,569,644,1377,-1678,22008,261,1223,-115,464,-33,570,137,3823,2168,-155,-107,433,-61,23,394,612,328,-131,-76,510,58,28,53,-693,1575,-577,-6,70,59,77,1499,-1020,117,54,369,50,-41,4145,102,307,571,15,187,-169,190,59,599,19586,17,61,73,688,591,767,79,711,392,32,-10,-237,-17,39,3546,158,44,94,146,451,2977,-175,335,8264,923,20,-266,1049,-1764,-4,-29,1164,479,-59,473,1402,132,133,-1870,1332,915,3294,-45,3097,-165,214,838,725,1820,4062,946,-144,-150,469,1333,613,156,572,107,73,494,6,-181,144,-79,3728,951,-141,-273,219,4009,160,99,1041,534,469,-3120,-130,2347,736,1164,253,17350,-56,4,21741,3731,-353,1085,146,168,1316,2753,-24,1521,1353,785,1570,-319,431,-14,155,-59,7056,647,-108,23274,644,-10,1401,335,177,245,-6,141,-745,72,12200,1818,-44,373,-78,-14,-34,-126,310,-654,-187,-54,4,-449,-43,161,76,71,236,3451,-70,498,1087,-334,739,367,88,2024,122,115,1511,-16,8111,1961,390,-32,10869,375,-195,6002,68,-646,-423,10683,161,384,-743,70,77,-116,42,670,137,-85,1034,-249,371,531,-102,-31,175,226,76,182,924,-40,-31,68,2053,593,17137,1925,-51,-135,351,19,15244,1752,1466,161,255,1688,3429,-169,228,6,-15,221,122,21727,14445,102,-84,-11,317,2210,1559,151,956,-204,7644,-162,-178,-62,476,-131,85,542,372,11,-252,-81,45,-158,-387,-105,149,219,666,773,6,45,-388,88,91,0,141,225,-615,-14,1600,942,-8,2882,5973,1081,1792,-34,25,118,1035,6455,591,375,307,-76,367,168,-192,633,-100,177,1045,1679,53,172,1465,376,284,971,78,2286,115,2574,901,108,765,5116,18942,1094,-132,124,179,223,177,-331,709,867,221,112,19401,77,674,-223,35,-198,137,840,606,147,212,-91,1243,587,256,430,881,3413,-397,-71,-32,7762,304,61,125,16,1,-175,-94,284,66,178,2,102,354,405,441,922,-368,630,-257,-196,3,-195,813,837,65,726,323,632,834,732,151,89,102,15,570,356,1292,58,119,-50,122,178,20843,-207,-1073,113,116,224,257,3981,-466,458,-141,104,152,303,7391,-73,832,320,164,281,535,140,233,236,-196,-539,663,141,23271,12641,734,1409,6191,459,1173,281,117,658,2721,171,119,1249,474,-316,2094,945,76,276,179,125,6278,606,23,572,-82,-283,5142,283,1152,281,3485,395,319,919,343,184,664,332,-581,-363,710,39,1002,17701,-179,35,-97,35,786,139,2314,162,327,128,-5,28,688,387,1303,1255,864,1922,251,239,15,545,764,1124,664,43,553,50,-110,238,1787,34,1875,-159,68,958,2135,169,178,-43,49,125,-128,654,11,478,-81,640,531,34,-54,-279,-14,442,108,8525,1233,812,550,-1,110,-30,229,-173,-397,749,2363,1202,-28,23,454,937,545,-216,9207,-51,-201,541,31,-7,272,149,-381,135,-489,68,2906,428,841,130,97,8507,67,-177,246,266,15626,1147,724,100,-247,-72,5384,-154,36,464,23,634,113,417,142,438,586,837,2518,2218,656,-670,1198,267,788,1595,1258,1595,14240,1359,8186,454,502,409,360,668,60,41,-844,-451,79,128,122,2457,93,117,145,23,-10,-15,973,114,95,791,412,-237,48,-97,2509,2132,-237,-106,130,-58,245,-16,406,516,1409,-3,4,1316,160,540,-335,702,118,199,112,451,-475,-156,665,637,163,33,43,44,252,-488,-106,266,-195,99,81,44,93,-484,367,875,462,322,-322,-130,-150,700,520,593,310,104,59,-186,-51,-31,738,599,390,33,1399,-43,-115,316,-122,105,135,246,31,-290,34,274,3401,-350,-493,-282,587,331,42,174,293,3125,125,-692,48,-139,1478,178,727,224,1394,-24,709,548,-5,-122,285,227,2048,807,30,483,35,199,61,38,-114,19,1299,13,992,-107,2528,60,294,523,115,-28,455,372,325,323,209,440,-10,327,541,666,219,208,279,349,-145,-508,5,397,-572,29,1125,369,1068,553,-410,255,-6,-58,-327,830,113,48,-126,78,-1381,2,38,-30,-298,-110,13772,293,873,221,217,-54,30,3870,140,399,468,1399,104,977,309,-52,41,-12,-380,520,2292,839,65,8,-44,871,691,809,640,-215,734,162,1242,58,1088,290,-40,-1190,-10,236,1280,1433,1740,69,44,340,15,2144,1169,252,68,-94,235,22,1026,100,1383,1123,-325,94,155,-2676,538,124,428,809,374,-267,-230,-374,321,-69,914,364,557,294,-783,237,614,1974,135,605,501,-894,-137,-45,48,-58,2544,155,23,1346,2851,-137,-77,76,10910,2123,56,24,-119,-170,1365,636,198,175,90,114,122,-452,29,1447,409,306,-80,-73,-76,34,54,492,-541,384,-49,554,33,2037,217,394,547,-48,-23,1031,-23,284,-41,544,175,374,-179,712,2118,322,311,-3,1110,-133,12,188,87,275,-425,173,1984,-67,-44,-307,98,1735,383,-2,61,97,99,98,-99,-360,-214,47,106,1350,228,-33,-11,114,-155,-65,21,62,38,214,100,-11,921,230,-86,34,179,526,588,-703,149,748,-533,732,804,-291,228,-220,-589,4460,178,-41,432,348,72,851,338,133,996,-256,241,-210,705,-59,219,-17,-42,90,16994,1863,-431,950,-62,86,-125,661,80,241,23,22,285,-372,-396,-134,756,1879,-220,170,48,-30,577,-243,135,945,34,-85,132,735,635,842,-28,89,855,136,210,642,8146,649,221,278,107,-223,16338,763,102,10557,745,221,-351,235,72,395,-31,452,3154,99,-19,696,133,94,732,1,2692,-26,-445,200,309,-100,581,122,579,782,390,-289,212,113,-642,548,7724,143,1557,-161,62,49,-131,198,245,-177,1069,121,868,2591,136,253,566,-2620,857,-8,133,402,-8,58,-1,160,39,2267,-20,257,14087,1193,-85,-59,-5,10,757,4,394,-344,-97,2135,234,-340,170,2895,143,192,697,822,-200,61,417,193,414,-1,530,-515,-44,7,16,18146,13,1298,1799,-504,372,-669,107,246,-60,-242,114,-4,-40,-161,-36,-122,251,158,-561,-35,79,-869,32,-181,-36,590,197,-1312,589,15808,-139,254,152,97,589,-121,144,13242,5528,41,201,608,-362,2170,1959,-622,317,-135,878,-187,197,143,1031,291,288,-29,103,-235,116,869,614,-321,-32,126,39,207,1818,331,2099,-239,140,131,97,52,146,315,99,45,1067,-241,2499,181,159,233,1874,-88,91,-61,173,84,146,35,514,-669,693,-72,-41,86,762,58,-38,718,2135,451,295,-33,81,899,9659,232,753,479,575,-497,596,257,140,1085,135,49,5216,575,-116,5,41,-323,-393,0,270,82,208,-103,1588,7,-76,29,154,402,3,966,331,165,266,439,-440,328,48,4,77,493,-558,498,235,35,-587,56,104,212,127,249,487,1716,6919,39,392,-131,273,125,-381,332,119,69,-15,522,82,65,38,-232,-441,28,183,77,-210,175,766,748,158,527,994,-28,48,-247,-71,206,-105,109,51,391,578,-44,395,171,62,31,40,198,-41,765,1467,-96,548,313,84,20,459,567,434,-119,100,93,-49,260,3553,-212,-26,409,353,116,47,-56,274,2250,192,-126,-86,1170,941,-13,-31,385,98,8,154,-17,117,2691,156,279,198,-65,6628,906,1,-244,-77,22,13,72,85,-41,39,-946,445,1208,1424,1078,4,155,143,464,187,6,1144,249,81,1466,123,-17,3221,163,678,-48,97,117,884,33,59,3401,1262,-286,-66,-29,77,-5,8,67,-49,93,10,88,-334,2027,249,-110,99,-755,2234,20880,-315,-328,238,-144,-95,-6,-236,-56,-20,2313,165,60,151,2054,331,3197,-57,619,-140,-168,-151,-17,31,1327,-21,200,-1067,11,256,828,-186,188,659,408,835,1333,1157,1650,-38,63,-2857,272,-20,20,4537,21,580,117,349,445,607,327,1016,179,20191,211,-81,6,761,258,-22,72,95,288,-6,99,48,127,-76,280,1166,2622,88,-8,-35,-70,-77,-564,114,-237,-25,178,70,205,-43,1024,134,12,173,849,17,21,282,-29,-28,233,199,-169,563,545,-26,1407,238,-26,439,-47,868,-95,-294,304,-20,125,-170,3115,-98,-97,78,573,1178,76,-87,543,343,121,309,-216,2792,1179,2285,4223,-195,367,-125,-69,2322,23,190,280,616,-1518,30946,91,1520,-105,634,-4,58,470,192,425,151,-43,150,191,1012,50,1651,1336,988,863,377,67,125,271,1091,-31,-227,-144,293,492,-381,211,-82,-91,17,1939,1047,-284,-241,66,42,633,133,304,17,202,212,44,356,-94,2878,-19,-760,-280,-703,1520,1596,307,-126,-744,3169,16,14395,20848,-445,586,-248,4302,18799,2156,5,-409,146,490,-248,517,-7,304,834,1548,12459,16279,196,41,-173,149,198,257,67,284,154,24,569,1515,746,-593,-87,130,-851,-779,910,89,-495,116,122,-10,-1243,539,253,225,1,-85,-23,1118,-262,116,159,275,-3,-57,50,-235,-113,-338,2585,140,698,876,5,-210,-147,1178,-154,459,335,72,-42,-80,-318,-33,-48,-49,478,-595,-270,-85,4181,473,6439,9302,1270,12745,-536,56,210,251,28,29,1551,-354,854,-290,2578,110,429,-113,238,627,128,-62,-225,-202,102,4565,154,595,133,412,100,608,-210,81,7665,-134,254,-1,612,-921,459,-418,257,22,-97,191,280,-75,260,341,1508,985,198,559,355,390,86,61,-12,73,35,-3036,654,482,-47,261,183,-681,351,-39,617,-146,-724,28,155,1337,1699,1378,53,158,-623,68,-320,494,585,-115,859,358,1583,430,1810,401,707,87,1782,246,613,245,469,326,113,579,-81,1809,424,-3,143,212,448,2060,452,499,384,-82,82,-385,-75,-762,381,53,-556,1347,114,-156,-374,553,1025,16037,449,-315,20591,-182,87,34,-145,4904,3704,153,20519,37936,556,94,8897,3189,2169,180,3832,253,5,146,-14,45,170,198,174,-189,-373,-182,145,728,6935,436,269,2332,762,-26,103,-700,14,576,114,-198,21,8,536,-3,251,908,350,-127,705,33,70,664,455,11,279,-90,688,692,234,816,-8,3710,1191,38,479,-54,4999,2023,1856,16737,23927,-110,122,69,-290,-110,328,1755,479,258,69,-112,12,-25,292,254,233,-766,470,-63,-169,98,258,174,614,-209,-275,307,22180,1382,87,38,75,-146,-651,174,-48,336,12,-530,-901,340,921,3162,209,594,818,-39,-87,2281,-156,-535,758,41,-119,378,-1557,180,243,471,3117,202,112,1942,-116,-121,-54,-25,-152,997,19,-49,80,538,1623,326,290,515,274,-19,146,383,1075,-183,168,-40,300,13,36,882,-118,380,200,118,256,-441,877,486,912,-939,-393,8,-1730,53,95,1592,805,1722,465,478,-122,-115,1683,248,591,-28,-35,-69,121,180,-450,381,106,-265,607,696,1164,-363,67,1234,1512,35,152,356,845,446,1370,35,48,1136,241,-8,245,2373,2591,70,960,-392,127,-36,-228,-326,-864,617,94,-58,-454,41,-98,290,-867,130,-2901,1652,257,-142,3,-141,792,658,7990,738,395,1795,401,251,-1095,-304,687,-1026,187,13243,-545,20883,-2,-66,14923,2454,360,-1,-777,39,1008,119,2129,-154,-882,-7,4855,575,15,84,3628,8252,-62,-169,-646,-571,1197,443,424,26512,-95,-75,1385,-68,-39,1622,211,-38,11857,12410,-475,-15,757,84,1950,530,11017,-142,-30,0,320,84,-132,1254,520,24,2998,1129,-10,2958,-560,-3,5654,-44,167,-30,-409,10110,125,638,498,175,-224,1310,195,-831,-5,7,23,612,310,307,1218,-110,337,1515,-172,-200,396,1363,486,1522,48,161,3155,1488,-181,10,65,-207,93,158,53,1397,449,2724,38,-51,552,-234,-88,-190,-5,-533,-32,863,242,-15,-1229,17,2064,223,5,510,404,802,-208,25,520,216,262,1502,160,-35,1488,10642,47,448,362,-11,384,-471,529,87,419,-15,33,1124,649,34,51,1116,343,272,1256,19,97,820,885,-97,241,242,599,16,-97,4955,3580,-53,193,-1125,32,-233,1016,180,72,564,34,-80,-154,1237,-22,131,929,-551,17,533,1753,-749,-56,3137,441,159,-6,1212,108,599,1465,571,666,21,206,168,1004,168,97,-790,78,160,6654,-67,-19,770,-60,22,708,642,117,3,570,1387,8,2688,274,30,-28,322,-81,455,-50,859,-24,2628,35,857,1437,1689,-11,108,224,-263,1,93,91,-6,476,1044,1661,423,459,493,-94,219,309,-170,265,-229,-230,258,524,-43,211,10,186,220,693,401,1362,543,-225,11,122,81,-102,191,-591,888,36,8472,8931,-659,448,262,2598,-66,18206,48,230,70,184,-318,-218,-1,283,232,995,393,39,318,31,-340,-48,43,-227,-100,-15,51,2043,654,-488,-266,-1078,125,17,857,579,100,501,19,-36,112,318,300,-31,-121,-123,-107,526,-139,95,91,299,-1003,1048,-1151,1238,119,428,20,-44,248,267,235,71,280,474,2111,-94,3043,966,1062,-62,-1377,65,614,108,-152,-47,2254,122,781,355,-348,23,-377,79,78,-1052,874,791,355,-139,937,-990,-232,578,223,202,271,867,347,248,1337,1935,1307,1136,115,29,114,1707,-16,-510,210,-729,21,15109,1434,130,10,3,504,-59,75,4929,113,1949,1217,2407,540,-513,501,221,-98,493,126,-193,337,540,181,473,-177,60,22,134,54,871,67,-5,-999,26,12,793,703,6024,12448,-171,-13,1645,69,2852,374,56,302,-2582,217,226,1477,282,1333,-21,1378,52,-303,-562,-630,290,448,2461,12,192,346,23,658,-6,1249,-184,458,-144,-568,-396,871,-97,-49,-128,-131,-149,242,273,154,187,1246,28,-11,-571,-42,-492,4213,-17,-800,-1030,2758,18937,-178,536,96,818,725,448,1112,1634,-200,-96,1320,609,170,29,664,78,-25,387,757,11,59,1023,52,-670,81,-557,170,173,-38,-356,267,394,-21,608,-248,-165,-2027,-420,1735,2537,725,-3415,-62,-43,267,336,102,11,-43,729,160,-49,1503,842,-84,134,362,553,1015,674,11134,1156,-717,192,-23,36,-59,68,2135,302,-1107,-1576,-306,363,-66,-383,3708,-7,-1123,1054,67,-242,-337,3009,-115,-153,378,609,308,4974,1633,-229,3611,354,-212,1444,6823,-123,132,256,1437,16,16288,-585,-1701,-4802,-20698,346,-311,549,514,-73,-94,335,-98,596,-239,1711,2256,7038,146,-188,809,-34,3195,522,8256,75,72,94,39,-622,7728,261,88,7982,496,-89,31,112,85,228,1465,68,3629,-61,289,-17,-932,-52,100,1226,322,183,-16,261,273,0,187,87,137,-175,178,842,476,1068,862,187,375,13,-457,-171,-103,1959,479,376,626,-4,67,-32,165,397,415,828,388,1560,757,-82,13299,3,-2,3,150,7,430,-56,290,-376,36,190,-179,2522,12,-201,-261,582,1331,-121,180,423,-154,-236,77,1682,-136,56,19,283,109,19,-265,-52,245,524,323,1168,65,262,168,347,-16,957,24,160,189,1049,-238,254,86,50,220,-161,66,61,1644,75,109,-234,1392,1005,90,223,-252,-59,164,375,6632,-32,422,-248,195,336,-54,742,-577,150,80,-170,1182,2283,-312,-149,653,207,47,24,650,293,1393,-99,348,229,86,5,221,-94,41,57,284,486,-224,49,202,124,-82,1975,945,-132,-412,-585,632,216,849,-52,245,98,-63,168,136,252,-26,2457,90,584,5810,1745,784,-68,1161,-2893,1053,-160,581,-48,131,-86,38,-195,199,-95,467,466,49,56,2815,1160,405,78,410,-127,437,-122,1097,1416,-115,1129,69,678,853,260,-42,1636,1882,-175,171,174,1895,38,-244,11733,288,266,4257,-34,32,5963,6061,1231,-857,39,133,1097,-318,-121,-1370,-175,-49,522,256,774,-924,1268,142,-520,395,751,1163,346,359,71,853,1075,1461,186,149,-396,-52,22,124,3584,1052,15,576,63,172,-76,3,-75,451,115,80,-3,-95,-143,-89,-34,912,198,647,405,4941,198,384,467,146,18212,16171,927,477,-20,13421,11190,559,2440,-309,-23,233,62,494,56,113,-298,298,184,265,327,-214,-1520,367,205,470,-53,392,-106,523,577,-26,208,-71
54,-90,-87,102,319,-283,-385,-726,-271,-12,-104,4,-607,-433,-79,-9,261,123,-427,31068,-23,163,-143,70,-144,132,-57,-162,-129,-110,77,-224,-20,-442,-93,-165,163,210,757,-104,-296,-308,11457,15696,19866,23593,31534,26920,179,-71,216,-51,790,728,1039,20,126,18,-85,137,120,3,252,68,341,180,210,1783,116,910,-506,-515,394,-316,-434,-274,-219,70,210,670,24,293,872,-38,-38,109,484,177,2668,467,227,974,299,395,721,138,-159,1,548,-163,14,289,-40,102,157,-174,99,3852,843,-509,478,46,-17,277,235,-1374,-10,303,159,37,-24,-35,-286,690,796,-56,-341,73,-95,303,308,349,213,40,-37,-196,743,10,731,1027,338,-121,207,193,163,85,450,166,1141,-14,-322,204,144,453,1258,815,109,500,12,1714,-37,4813,240,2148,318,87,106,466,416,868,467,1710,-1,-60,138,87,458,286,-157,174,492,1647,288,51,45,29,-18,-49,0,-916,-143,2634,9,9,-406,559,2703,205,374,120,784,271,261,79,226,-48,341,-121,1381,1337,1010,-85,-542,53,87,8824,-628,629,2141,-116,1066,957,29,134,-28,-29,14452,-37,1236,1008,115,17,196,1038,598,654,31,336,1267,2145,232,6868,155,3080,28,14,-21,-98,45,966,718,430,361,781,152,696,-275,307,0,1507,-38,3679,1502,-777,143,130,-40,49,-812,-70,-99,-431,40,286,528,1968,785,177,29,-556,34,14,1647,6327,-24,-43,-95,106,578,742,32,22141,1675,1706,-81,1122,1173,250,417,3903,236,73,631,221,438,584,321,364,3106,339,6559,-439,1343,1,177,668,176,197,-85,49,104,191,2202,1990,1215,261,381,874,749,274,257,1128,1152,1373,409,57,477,261,227,1711,584,261,782,2424,155,-14,-79,1219,224,-95,1452,526,59,2400,42,197,102,2436,174,222,-7,291,863,844,3410,10,272,26,2095,570,904,1491,-179,291,512,1529,1452,24,969,1091,353,391,-23,43,1312,1183,1837,-82,263,-57,-71,285,31,79,-338,35,356,-87,377,908,433,955,646,576,148,268,293,2442,-302,-98,-183,837,578,-37,-68,455,444,442,265,79,265,-63,12,698,876,477,77,1113,302,85,2241,1752,272,-154,138,21,470,428,871,508,166,1833,183,341,91,363,34,282,-152,834,1278,843,68,1895,883,6,-919,1211,-572,104,107,204,126,785,3175,-81,135,95,-77,-32,226,165,-110,120,130,969,-77,668,536,-40,509,243,448,385,272,620,252,-176,297,246,659,361,399,216,-319,74,247,268,336,257,193,-115,-130,713,2606,-62,1583,408,37,3978,34,-464,109,419,106,71,-24,1412,646,319,1066,258,846,316,57,-112,941,1947,706,561,289,511,7796,250,954,411,1920,657,335,487,-14,386,115,4078,1083,149,-107,187,-514,-17,116,-140,297,-109,525,807,2385,35,154,531,-159,-23,166,15130,235,102,389,54,22720,132,-958,955,-88,204,118,171,868,386,238,286,208,1524,163,-701,1276,327,1703,134,346,1214,548,589,431,132,68,-113,1276,196,236,425,-120,73,207,191,124,1410,782,526,427,-1053,338,183,1021,592,71,10,140,715,96,-10,325,-303,684,1756,380,-90,232,646,15,671,91,422,169,109,127,618,438,330,-157,-241,1236,286,587,159,-59,-65,562,51,487,1532,127,-307,-102,26,671,289,227,0,297,6,183,261,4,405,701,779,1418,1170,2045,-241,87,397,-32,296,958,81,1258,742,528,628,65,3,442,272,-191,31,-24,-20,-208,394,679,1619,395,20,233,342,-26,480,634,60,-63,104,294,1482,-403,-90,-381,294,558,82,609,517,60,1077,-146,37,226,505,116,342,163,112,2625,550,728,-1837,409,241,70,104,1384,-236,554,43,369,60,272,227,383,282,87,642,3,212,604,227,11420,71,65,250,269,1967,-230,289,943,-252,56,483,141,177,2241,-199,23,314,-863,135,210,-194,954,-160,2391,728,123,71,3947,202,48,46,752,1164,-38,1547,-56,332,212,-57,14,469,60,1208,-173,1297,107,154,3873,600,-96,-250,5279,1677,121,-29,517,-143,690,3474,1479,118,413,126,60,38,17726,297,285,1805,940,1981,399,587,166,985,-650,-989,450,-258,-643,-531,-656,-257,294,-436,240,389,4714,922,514,-274,46,699,759,-67,77,0,-43,-79,-316,215,313,-241,-324,266,-10,165,1923,-10,34,149,176,279,-579,204,565,-40,73,-210,-124,-321,37,4,545,-21,-600,-32,2374,473,202,653,2399,24117,629,3,-74,3928,-134,-4,-876,5354,98,-123,0,-24,14,272,841,466,18472,183,238,243,293,166,51,1303,194,-289,17868,-221,-185,297,-57,1116,20861,18,-612,129,-42,-148,126,645,-671,1761,1123,-109,15,116,4969,169,916,311,20039,1318,-28,425,431,215,534,180,-20,197,445,24,7043,-57,-190,-219,35,43,43,120,-336,155,-124,118,12,54,-18,68,23,-335,609,1354,236,-623,318,927,-28,-244,202,503,386,681,321,332,660,84,-152,-127,-12,107,141,419,-197,6,-335,35,212,268,-85,-159,-123,721,48,1786,-148,-339,20443,77,872,322,438,54,-420,-272,146,-4,-185,-24,425,8090,286,447,222,321,-481,48,813,51,-232,120,405,160,-232,-1781,13631,589,201,-10,4505,-6,21,310,15238,-537,369,165,679,-85,-62,-1381,241,399,701,-183,530,-173,1961,837,140,154,321,-296,-91,417,350,358,-31,-388,-157,-1035,76,561,2377,732,1187,411,254,-205,1880,113,1611,271,972,346,12026,-62,389,4103,1061,-288,-118,366,9883,386,1014,185,1942,160,24,216,7931,-210,2004,985,659,113,191,96,-10,235,31,154,706,-81,-338,246,180,-115,289,2229,4138,289,790,5460,207,218,487,547,261,1393,1234,-26,249,17,54,1100,279,5099,-115,-1,604,-67,7788,988,-148,241,-628,180,236,-91,93,-46,-255,-40,352,1650,-49,1502,63,-60,-43,110,330,282,3845,305,380,3153,40,84,59,106,-6,99,-59,48,1786,-28,-132,257,-37,307,268,455,528,-169,5052,283,519,-438,433,411,116,79,-230,2078,-9,154,1039,155,-201,73,173,313,107,129,-85,1384,473,-70,-21,193,-68,182,-467,319,73,469,-54,221,-386,107,-216,81,-59,-71,134,1080,-91,-827,35,322,31321,12117,60,578,-193,430,-54,-24,299,160,-436,222,689,60,395,-28,0,2936,-126,467,155,-252,-17,548,614,-56,710,1150,-23,0,102,1219,364,-49,282,768,3024,59,277,-38,-101,109,182,43,3611,157,593,4,980,65,400,-84,79,-65,-87,1586,-578,288,199,-300,978,-1022,-286,724,852,96,952,13323,-26,1674,-99,205,4050,20,1092,146,310,-149,411,40,-32,721,241,-51,76,-15,17,-23,728,-63,829,65,-829,233,614,138,636,2579,247,205,138,-241,874,-28,-96,38,-182,481,123,302,2804,130,681,34,204,176,305,233,414,-1552,-107,1117,160,104,1710,1613,157,104,-121,12,7386,-10,-135,151,7,671,322,1320,157,35,788,250,389,765,-303,332,-79,2268,18622,101,2101,3284,788,49,2993,17,-68,503,1215,988,774,68,-56,57,24,531,53,378,124,71,107,31,2318,48,-168,461,32,671,4969,-63,23,2714,57,-492,151,866,319,-67,-46,230,-14,135,-745,29,127,1886,-844,949,1619,6845,1792,1050,-42,347,-1,297,176,316,671,-333,18,2486,130,-71,129,0,-205,60,-689,84,74,-77,118,975,667,682,2233,140,132,375,207,288,-1176,695,517,-229,-95,7,-31,-271,321,505,-35,-129,171,-63,76,140,-95,135,584,1572,191,-247,-81,-327,138,255,3336,191,366,163,662,87,42,12,215,3,805,57,374,26,160,-576,369,271,212,201,579,87,96,12,232,123,23,-603,1335,191,120,433,-42,71,-57,494,196,232,196,877,29,1873,285,98,645,99,-35,91,1359,-90,682,941,587,-81,420,651,85,265,-53,121,313,1063,665,841,302,141,-74,1003,205,486,10351,807,843,-77,-109,526,-104,40,91,0,-157,1309,1321,115,676,-57,213,24,-43,77,247,-6,1440,452,-21,59,572,-17,-6,169,380,-135,79,-9,528,-17,216,43,-59,275,208,-34,268,-651,135,-774,-84,-289,332,135,82,-394,378,-810,187,403,-34,107,-59,280,-101,201,631,285,625,1986,160,551,-176,525,118,338,509,112,210,840,-127,222,193,34,269,244,20,23,607,34,87,32,1374,73,319,1036,1166,481,219,77,-151,-4,508,271,77,159,282,-53,335,-38,-35,-433,-472,311,-657,194,-31,143,612,-43,140,-311,-148,226,356,20,107,865,1613,113,-81,9696,1,76,-127,-592,-132,1184,96,-218,318,-24,53,-274,84,-76,168,280,138,14,179,698,-157,-24,1688,196,-140,1130,648,-71,-202,13623,-74,-344,732,319,46,190,188,113,-146,263,-93,1215,-431,363,-104,1607,-84,525,32,21,1156,190,469,865,1716,1250,21,-90,-809,752,-126,579,383,148,65,-791,258,855,8051,330,82,554,118,-374,322,-35,-12,15,160,-185,-81,176,299,77,210,19448,180,35742,28110,26990,138,85,134,887,-545,523,854,11593,28,-17,8396,22222,1010,-288,143,-104,1488,2099,-98,81,107,152,2531,124,3,377,-356,-916,335,-91,4944,-163,190,467,16396,-45,1633,-293,180,319,-15,56,573,653,56,-155,166,-21,-244,380,5139,96,-109,1011,2162,224,1192,1549,517,734,-420,1385,176,367,922,307,629,1622,848,360,-300,8514,98,25035,871,46,87,250,-201,121,-46,385,101,-236,187,-76,299,364,1426,-53,87,85,303,10,177,54,29,-99,12,358,9877,-63,260,473,5078,330,305,7,-925,109,-59,173,118,-31,10737,238,-307,54,182,-424,144,-96,98,904,49,17,-229,87,6,2492,42,165,342,-38,-38,703,-74,-3,159,-232,542,377,442,308,113,243,-134,294,154,149,-85,371,166,1066,2400,-659,406,297,168,-76,3085,565,12190,991,-344,1599,846,71,109,-48,-324,171,-489,216,1516,383,218,763,374,124,-107,8807,174,-205,308,1289,927,1900,135,32,193,1602,481,-235,4525,1337,319,138,45,-4,148,626,434,257,3049,371,174,645,1432,261,2235,352,230,113,149,204,109,232,127,174,215,316,531,120,-127,604,311,3624,720,171,123,188,269,37,2952,218,107,431,-15,-28,477,2355,57,46,152,107,115,216,501,247,765,207,1811,310,-291,208,531,132,1240,-202,193,1127,32,40,462,238,210,342,-138,-17,118,9,-346,168,637,434,-399,-14,515,-1,2763,1989,-177,489,49,205,358,-230,473,-32,236,-191,116,1141,523,1934,202,293,413,-399,-316,53,-187,57,-14,444,106,226,695,163,20,-132,-38,-7,-67,169,364,-260,84,551,-7,-110,-40,-109,434,18728,6684,960,34,24,201,-12,247,21,6,380,141,1,63,42,28,185,-130,2860,612,-129,151,1629,-226,-487,140,-110,417,6179,-12,883,562,554,-118,593,1153,-230,919,76,4229,1989,65,176,85,420,-40,358,-405,2300,-32,199,152,1061,49,344,335,130,-76,232,-12,478,-204,121,812,466,-68,15425,-540,905,436,20,219,81,653,81,123,18,-606,233,438,28,37,-274,-185,659,-28,115,110,180,63,126,583,1309,968,9096,57,-113,174,179,-277,110,-207,168,554,207,182,576,-177,196,77,20,95,204,6,-232,-60,-62,3482,363,65,-385,400,587,272,1509,59,193,1557,-60,-288,1123,269,-171,173,-218,123,18,512,115,-120,84,11557,-205,676,634,171,678,420,646,205,430,483,282,-514,296,3816,293,512,311,316,151,28,-146,1131,204,915,15328,642,148,-155,453,235,693,-34,216,491,526,-21,-37,1223,486,165,821,-63,-1117,48,-148,-56,-31,1180,-219,51,95,4433,6,4366,76,11063,2313,-162,249,-12,144,-194,-62,336,302,3669,144,-201,17,773,2876,70,296,941,1671,146,-880,-132,43,-321,-51,233,742,126,462,749,-349,2224,-74,1647,226,1515,107,109,819,2096,132,87,46,-10,53,551,-96,244,9,505,-24,352,-70,849,60,310,1376,413,42,272,6,280,798,626,335,51,210,-303,330,732,118,57,2110,632,101,385,592,339,363,49,168,57,790,293,238,120,-14,-439,598,95,880,129,1053,2380,88,748,-497,-107,489,183,445,230,1147,2104,369,70,173,364,233,-187,-17,15196,-243,756,14,-43,-258,651,575,-179,34,1945,1111,349,-215,-230,-51,79,545,525,-363,87,-42,171,37,570,848,289,601,-109,-56,258,332,-183,-85,-102,350,260,-17,-1,26,1919,42,-1275,-31,0,274,81,-29,77,3,511,659,268,163,-182,597,53,366,70,-76,756,477,243,-49,-193,-144,-51,213,-77,360,-65,77,303,834,-243,82,123,193,1011,-96,5269,271,473,377,56,101,143,832,-335,185,28,2918,-38,-53,266,-194,143,177,-280,1317,197,81,115,-110,246,-20,506,411,272,812,235,406,361,165,307,70,201,268,-32,9702,168,95,-430,42,71,257,-148,690,106,-475,1,321,-14,-98,197,-102,24,20,54,152,-104,38,651,-63,2110,-9,-34,-250,34,-95,177,-480,212,65,-249,286,-241,265,586,-1097,-20,160,82,110,154,383,183,48,-88,-143,233,-210,38,975,1147,-333,-98,132,269,279,216,877,-236,-17,341,143,132,-162,462,79,260,-285,166,115,120,5456,32,1074,-176,500,269,59,74,-74,5149,388,208,528,-461,525,411,-626,540,-165,341,120,762,49,43,321,-48,-46,547,106,-73,229,-4,49,81,363,35,48,445,140,363,43,29,829,-74,422,155,244,-74,1326,-130,949,363,79,43,166,-4,294,3,554,-109,-24,115,1541,34,470,353,109,26,-414,600,699,1764,609,197,73,176,1111,512,938,17,1841,29,-17,2522,-37,419,42,73,-12,162,-302,314,204,477,-505,-21,559,-90,113,137,587,1167,-21,-65,137,112,77,65,1,229,308,138,60,244,232,110,417,603,279,375,782,88,280,1904,3064,887,282,311,24,-461,14020,230,2841,469,212,1203,238,328,124,-38,668,-32,1206,71,-60,45,840,294,137,-99,-79,240,367,1527,31,233,-18,3,447,7155,14870,12672,238,17,434,244,-54,93,894,35,-293,20,159,120,88,466,-71,874,-23,250,-29,268,489,193,14,134,1197,413,132,408,-3,701,202,154,188,606,986,1137,62,-159,16627,27028,24064,11077,16058,25784,6277,597,1385,305,-106,598,311,124,477,187,63,-434,-42,347,99,-6,-7,766,107,221,-102,489,109,109,29,679,162,940,1219,243,-3,-88,84,-34,32,-71,336,-71,14,34,121,-480,212,160,-57,394,662,-113,90,7,759,247,347,-452,109,165,-489,148,130,149,371,76,48,207,843,135,413,57,159,28,210,9,-79,-84,-3,-46,416,129,204,-263,-29,-238,472,232,81,140,484,467,-183,54,1317,575,204,3,-497,280,38,286,300,-23,659,-137,-81,682,514,-243,1666,29,218,263,46,132,434,525,-93,21,1851,169,-91,54,-46,-135,815,406,250,-3,637,-29,229,71,383,2614,751,1967,356,219,361,-10,28,495,-23,-230,475,4,536,511,632,-87,1,469,5873,91,-113,173,265,-146,155,63,308,236,-188,637,187,-6,-436,-84,79,56,-1,-20,375,101,265,-90,116,250,59,-215,333,-84,-26,-113,129,4,81,1058,155,422,191,-444,293,109,107,508,109,1239,-49,90,-14,2860,99,693,143,498,-82,448,-98,82,151,1890,-157,2078,303,5467,-230,469,949,159,-112,-132,155,98,-26,101,344,-32,138,823,233,536,232,-40,604,110,-126,689,395,2363,226,63,37,24,-68,-263,146,578,-88,238,562,137,-109,593,-1,2110,-67,-316,851,-271,282,56,703,134,24,-492,191,1499,544,32,-82,438,-102,173,46,233,224,1181,1931,-176,208,140,10,628,-160,632,469,14,98,-519,350,-349,65,-135,0,333,258,-31,659,-126,29,129,102,-352,1325,466,162,43,626,1148,1482,74,-113,829,6,486,342,-14,190,165,1123,-31,375,341,-43,138,-447,618,2777,882,324,210,-38,187,341,10,2489,299,-760,76,88,1515,34,-247,-32,573,1209,294,60,-107,-154,190,-698,-18,191,126,336,81,118,174,832,207,400,157,124,-639,-272,1317,322,296,333,-213,4,399,533,-14,453,67,-112,1611,296,687,4908,346,-62,-20,-338,74,21,-28,252,-70,1268,-26,-53,-174,-230,724,721,600,1742,229,-224,553,166,123,501,81,296,49,163,-107,-24,60,1019,241,138,32,208,110,67,85,515,-283,149,717,-28,20,215,-10,174,400,866,3618,159,695,1342,40,46,1516,720,1429,14,815,-151,257,49,1323,42,99,-90,643,24,1897,622,-106,1836,2380,43,9,148,68,-168,23,71,835,592,218,274,445,929,160,235,-291,233,-26,654,-685,46,31,550,374,344,448,709,438,-134,-143,144,3,-643,963,-207,6,188,456,372,-46,112,590,15,238,160,289,-21,-32,810,339,38,871,548,40,221,11651,173,838,-102,124,394,1083,-26,505,-12,162,2604,392,15,503,135,-3,724,190,40,194,-68,338,138,2408,51,-60,2202,333,191,2023,260,462,717,1474,247,988,2020,-35,455,452,640,157,481,210,45,113,7442,4,-848,1052,868,-196,-99,102,-4,894,955,213,-29,311,634,-38,-102,-24,297,-701,-151,-87,617,48,841,194,857,-26,-81,183,-74,279,-162,572,157,-20,1671,24,-24,336,194,88,144,70,155,155,24,283,-37,96,1752,-18,2905,127,1309,503,-76,-3,-73,-208,-129,932,10,461,-126,1145,-87,-35,79,169,65,2420,183,224,517,29,127,-9,180,483,598,515,130,26,197,308,-38,607,51,-21,857,8022,74,893,87,113,197,-106,90,196,481,501,-9,129,247,-95,1159,37,583,159,107,169,-20,48,1395,307,-21,62,174,342,-420,124,469,-79,76,-138,830,-246,121,-520,-193,-385,693,138,199,12,21,271,-138,913,-49,224,-88,-31,-6,-18,288,2112,-369,464,63,394,219,144,389,-355,989,-160,-24,-73,2258,-193,-23,-12,-129,109,-307,-255,-79,177,455,779,-37,405,455,68,1091,126,1621,227,29,754,-6,-82,65,71,1261,12,1067,93,835,1272,-57,56,20,43,322,1917,-138,1187,307,893,35,37,427,383,617,-6,-63,213,-84,-219,210,1169,222,162,12,-34,-31,90,10,28,740,645,559,472,-567,23,18,38,737,724,107,-9,42,76,617,-205,271,266,-199,132,233,77,487,10,232,-59,-120,15,1156,116,74,1340,617,38,598,174,243,-93,1166,113,-54,-120,112,377,185,664,208,-53,216,130,701,229,654,-505,303,1046,664,-28,1008,126,936,42,548,-60,149,176,288,-227,82,113,-88,141,88,137,576,1644,336,494,149,428,1270,1438,-121,134,1406,-10,-380,-53,134,-37,-208,257,110,-54,45,494,-35,124,433,2844,82,-422,81,124,-123,85,-4,2746,-56,-9,-79,650,110,174,316,325,1184,575,-37,4,-46,-37,151,96,531,141,-257,-120,123,512,-1,1027,174,140,224,681,59,375,74,400,-95,-215,-98,130,6542,483,1535,243,-4,-152,45,3258,226,614,-350,933,297,210,1337,68,26,464,187,-339,-84,51,-68,-28,37,77,-14,185,425,-109,709,-254,-1,-84,-15,254,709,749,-98,498,533,202,185,-26,-60,377,642,371,-130,244,176,275,-77,698,642,-10,48,257,67,781,93,79,130,132,-280,-68,113,-14,116,20,29,201,558,274,-24,-129,183,271,257,-109,865,475,-212,71,319,120,-3,-91,173,544,34,586,-3,201,1920,369,726,37,163,508,62,740,140,197,219,855,244,185,95,1309,-81,34,-403,43,-701,199,486,413,46,182,280,115,-349,-480,949,222,2391,112,249,-395,113,336,-656,-49,720,79,9,40,-98,1194,51,90,151,406,-62,3,-132,342,279,-48,-215,196,166,731,601,224,59,-378,339,809,477,113,-79,-180,-17,556,512,-99,335,204,696,424,207,-177,149,34,-193,1268,3,1136,104,160,1967,670,544,289,148,261,110,347,-85,38,96,63,176,15,73,-20,352,1198,-132,1120,132,21,392,126,431,151,107,57,834,-73,553,65,374,-173,601,188,405,38,-143,84,3856,176,166,62,260,754,138,-402,-48,-17,629,550,695,-84,296,9,318,42,-37,673,-17,-53,4799,751,132,179,452,-35,0,-28,907,1070,2361,-434,673,2784,695,-110,6809,12,1267,316,4,444,193,497,212,73,116,346,17,59,545,1,21,1130,-93,-93,9,603,10,4651,-634,1965,-67,98,113,123,10343,0,23,-196,-285,77,155,169,720,593,339,7531,-10,1611,84,0,-336,637,-21,402,46,84,-168,420,-21,1739,-784,24198,144,434,-35,397,2101,427,277,1016,5149,146,-146,107,-144,42,-71,148,265,1155,-53,486,123,24,127,53,2425,-297,-57,584,-26,137,1530,-249,302,121,-81,12,17,893,-53,381,462,116,249,-174,-51,-48,573,19193,77,165,235,484,441,1558,4,263,715,-191,-29,551,-101,-269,589,191,53,-26,137,118,2469,-63,584,18426,188,-9,0,505,-776,-190,42,682,395,56,168,1524,176,210,601,1011,385,3456,0,1672,190,402,63,413,1671,4807,154,247,51,43,701,419,-4,88,-141,0,2212,51,-141,151,14,5153,1992,-179,-367,77,6082,241,57,378,1234,20,623,151,2559,-116,378,126,16243,-6,194,22031,1842,-21,1359,-37,637,335,2332,-40,1300,176,341,299,-520,1108,71,288,-339,7248,130,26,29391,763,9,1686,124,194,222,-12,35,-837,56,12482,1735,-68,67,174,73,63,182,109,-201,15,76,45,-250,-42,-166,232,28,233,495,430,542,1406,-40,372,236,91,165,9,-54,994,174,7574,809,325,-102,5077,255,212,1233,-17,-151,-448,10220,408,-194,-439,-56,43,-157,567,1022,188,53,963,-102,205,233,155,-6,299,1211,578,1317,996,18,110,297,1457,11264,21066,6212,28,-149,-68,107,12433,177,982,60,-56,1526,4433,-20,452,-85,144,266,74,18239,12249,-20,-199,67,127,1445,1293,455,609,-121,6020,-138,4,-4,314,165,70,219,235,40,-399,-38,183,-140,-56,-63,31,193,1629,570,257,183,-54,24,48,-332,-7,216,469,-140,1847,321,40,1943,5772,768,1658,18,112,90,534,7713,634,431,188,73,-87,81,-221,377,-34,274,456,877,109,-101,2269,98,1042,409,174,1286,405,1872,427,721,611,2157,12363,1186,-60,124,51,141,271,-62,38,1088,143,258,20501,-81,452,-201,46,-93,116,325,795,409,353,102,547,-15,383,339,729,4190,-271,-296,32,13972,360,95,-70,-42,-87,77,183,960,84,-17,-127,127,542,358,699,653,152,381,196,-107,32,149,684,539,930,570,653,409,528,554,118,87,121,40,182,261,795,-34,54,-32,-51,196,20406,-280,-43,49,325,196,265,810,-381,1625,-162,427,-141,4,1540,115,427,235,369,146,611,102,-32,174,-120,-378,377,173,22398,13096,63,1866,4117,243,679,335,553,314,6545,308,60,1056,-91,-341,1248,279,-14,481,341,162,232,196,-26,402,79,-34,3538,660,1406,116,4131,321,235,279,197,57,1003,179,-395,20,303,63,679,19958,-123,45,90,28,1535,193,1346,784,366,154,254,93,279,74,971,919,952,3044,1217,152,-101,138,367,1262,403,42,-279,260,-180,399,1647,45,2632,-297,38,377,1708,90,144,263,171,-24,67,721,243,498,96,699,335,45,26,-63,88,713,310,1189,300,899,810,90,60,152,65,-123,-272,475,1713,82,182,31,785,385,283,-43,12028,73,-124,140,1,-35,277,81,-202,177,73,-187,1739,199,213,71,124,681,104,-279,79,53,13356,279,542,3,216,43,1527,-261,-3,207,243,346,93,238,-62,268,-29,501,1488,1097,350,-330,422,163,34,413,977,932,22225,689,9261,422,411,95,682,752,120,-40,-321,-311,-95,32,26,1677,-54,162,31,73,-37,-32,311,12,53,1286,402,183,-43,-63,1074,3060,-199,-67,316,-3,244,109,303,9,639,-121,438,1247,241,399,-137,299,-17,154,42,573,-266,-341,37,300,137,-35,-32,-1,95,-277,-10,53,-9,-106,31,-10,252,-238,49,868,701,191,-3,18,173,487,623,316,536,79,219,-174,-197,14,508,1028,397,0,653,1072,-98,-123,-3,261,249,101,59,-171,65,-146,1413,-283,-403,-102,319,244,-32,-59,163,3122,439,-168,-49,-90,388,12,805,34,342,174,318,255,-213,53,-249,-208,221,626,-20,385,-1,183,77,-54,-95,34,1080,35,1788,54,907,-48,452,1572,85,-38,689,386,222,316,319,339,-17,144,547,377,196,127,790,3,-49,-467,59,405,-213,96,2361,308,135,229,-227,-70,553,-159,-56,901,1558,24,-152,-1,-522,179,193,112,233,-46,14505,-77,1007,-68,151,-85,-118,4403,-236,381,328,1201,102,581,141,-46,447,-115,49,-88,1970,487,102,187,910,2784,448,413,586,-43,500,-213,48,40,271,-238,37,-579,42,96,204,1579,277,162,-179,544,124,430,804,491,113,243,101,-18,1357,70,464,869,-564,180,93,1084,347,35,477,353,852,-76,-34,-327,611,141,848,215,441,-254,-567,157,448,1250,101,106,528,-505,14,-93,15,10,846,68,-3,2017,4067,-85,-3,3,21734,1759,12,163,-99,71,2043,760,4,183,149,93,76,-183,23,2433,104,356,-88,23,-32,-68,-14,325,-483,299,14,417,-6,819,166,310,277,79,-227,729,-81,157,-177,1069,335,32,-109,472,1471,132,173,709,282,194,26,215,-274,197,193,191,891,127,157,-553,88,353,369,-56,-4,84,207,140,-7,-367,-82,118,110,1084,233,-116,-53,-6,-81,-286,-67,196,235,107,113,-42,795,196,18,76,514,95,67,-149,636,1010,-85,342,567,-176,113,-171,-392,458,294,82,-143,227,207,897,187,-71,745,-155,190,48,201,-199,93,-37,138,815,21609,1618,-134,746,469,-20,-34,489,232,252,341,43,417,-332,-222,-102,352,2255,-56,254,-37,-112,268,48,314,821,191,-59,140,1067,6009,414,42,144,159,-31,286,96,7473,363,163,-88,15,-73,15166,1282,71,20719,224,194,-216,-93,115,157,-7,508,2657,6,77,332,492,90,314,138,1929,177,-110,187,250,101,918,138,243,-74,285,-191,269,194,249,238,5275,4,1111,-129,104,-42,-84,148,53,-35,438,201,467,868,18,118,480,-2216,414,-56,193,146,28,96,-48,194,120,93,-81,35,4452,1195,-126,-10,-35,123,1083,71,1008,219,-269,1272,82,-112,350,1222,612,618,685,757,392,215,154,1546,381,76,364,-258,-606,90,-98,17932,-321,760,766,-553,336,-187,-29,151,-190,-149,28,-28,-116,-17,-87,-60,-110,37,-286,3,91,-385,10,82,28,-106,185,-874,-42,3976,-227,151,62,-10,642,-31,65,15171,6852,93,-10,469,-10,1800,883,424,531,-196,1251,224,84,12,676,37,740,403,74,87,422,130,901,-134,-9,907,-38,127,480,-113,1326,-77,222,90,166,37,249,339,-54,9,947,-99,1724,417,144,149,1162,-207,-98,0,0,141,721,45,277,-537,-319,123,-63,-53,478,98,364,1078,1850,774,208,-112,154,314,9952,-6,417,742,430,-222,2059,444,38,795,3,53,1987,689,-67,-84,59,-321,-257,-28,302,23,174,-179,994,-7,56,67,274,356,257,385,187,193,169,634,-160,191,21,3,-9,-57,-791,199,101,-34,-506,56,221,-6,28,177,470,943,5574,-46,87,-54,249,-24,-106,194,59,381,-65,162,87,-99,-91,-185,-180,85,60,20,3,486,374,907,182,350,381,79,-79,-79,-85,137,-124,-12,60,127,1488,191,229,263,173,155,-65,56,17,542,1586,250,431,243,180,17,397,406,-3,-124,124,130,-21,300,1077,-68,-102,374,402,303,-59,-35,491,484,-68,-84,-162,827,955,-87,146,369,31,-68,110,-252,0,650,-82,-26,143,-20,7033,558,10,-71,12,124,130,-9,-154,-57,29,-695,416,659,915,129,-129,12,134,138,-46,65,837,551,82,760,70,-31,1671,763,1636,10,-4,67,653,-20,-146,2291,279,-10,-91,-65,46,212,-10,17,146,286,93,4,-291,1463,-9,-54,-280,-844,1630,15525,-461,-126,-59,-244,49,28,-146,34,-54,978,489,-15,90,986,296,1242,14,403,-1125,-183,-146,-35,169,1194,9,232,-972,-227,137,-193,109,115,68,632,338,1264,-411,664,-135,7,-1385,102,15,76,787,-148,648,29,250,314,489,199,779,57,9813,226,37,102,553,-46,73,352,-38,238,48,146,-60,-26,-7,-155,554,2729,34,-57,123,-87,-31,-241,67,-341,120,180,20,207,4,640,-258,-137,199,272,-165,-99,469,-54,-88,104,-24,-63,508,152,49,807,46,-51,279,10,303,-20,-381,40,152,-40,-190,1396,-350,-168,-24,974,746,49,-179,1011,224,143,165,-96,650,70,240,1853,-425,3230,-188,-7,6712,-31,174,363,336,-681,20878,506,107,-102,95,-96,24,285,77,534,148,174,115,918,447,71,1594,433,2706,222,544,79,29,442,38,515,-43,-182,62,226,-288,-120,-107,59,149,1035,224,-174,-397,-9,286,176,160,-96,152,330,93,-49,174,-91,975,-187,-349,-96,-236,1870,4436,592,286,-98,2537,-169,4943,8064,-202,59,51,3078,17889,2667,90,-751,140,236,85,236,115,255,799,907,15478,12238,240,316,300,155,244,6740,74,210,34,179,188,905,321,-277,7,48,-314,-445,205,127,-282,-99,23,-149,-648,500,46,-118,-26,73,-191,642,-59,210,109,-4,-67,-151,74,-473,-51,-230,2685,155,313,402,210,49,202,943,-653,358,250,-21,-26,-1,144,24,-65,-112,123,-121,-90,-26,512,254,2729,14848,2565,14946,-495,18,216,99,174,-112,902,-43,-35,21,21,159,604,210,43,459,148,709,-151,-154,169,1714,63,197,1,431,177,151,-127,21,4414,-134,444,275,294,-472,438,-372,235,138,154,-24,91,-38,98,246,171,897,573,651,311,134,48,23,115,-280,-96,-1775,274,453,408,98,244,-135,383,-18,469,-138,-249,-98,1343,723,1200,1030,20,346,-353,-53,-285,464,35,-71,2279,-109,491,832,431,229,107,6,1178,73,375,10,121,-56,79,525,32,834,187,7,53,121,-87,863,275,35,-12,-57,-193,-448,146,23,115,14,-863,531,364,-352,-54,266,885,24180,615,-293,12622,-272,-104,-182,-386,7331,20487,668,1301,15665,-32,-7,10343,2015,4123,155,2110,-17,-169,303,-70,205,141,-15,76,12,-250,-132,-130,1321,7174,371,-63,1384,134,93,9,-356,414,183,40,-102,163,130,-79,63,162,1060,144,0,2017,56,40,556,227,35,274,-265,82,1431,240,397,212,1590,957,99,297,-116,2776,1600,1354,24601,21037,109,265,-42,-130,-46,177,971,54,240,-12,-169,263,-26,96,333,132,-793,353,-24,-59,-185,261,42,236,525,107,98,19526,319,169,-116,59,307,356,82,60,325,258,-76,-202,45,849,5704,155,1245,606,45,-84,1420,-163,-522,338,10,-330,-17,-1145,-28,124,283,2006,-63,95,1166,-160,34,-23,-283,-342,307,-3,-76,-54,31,943,196,-6,132,294,18,-124,190,809,-227,54,193,-65,-127,54,665,144,63,219,-38,165,-464,985,70,361,-968,-141,-51,-762,-87,79,1091,-274,650,201,603,49,-46,536,-3,562,102,196,-59,15,62,-263,-24,381,59,338,481,1251,-144,-249,743,1396,148,26,249,95,-168,469,-43,15,553,10,-266,428,444,157,0,4,-23,-159,-483,79,-305,31,371,-268,252,-76,222,56,197,-280,57,-1686,1010,438,124,517,-68,618,-20,7518,148,91,972,296,311,-138,-121,648,-196,190,18426,63,12965,121,-65,14995,2537,201,137,-363,14,993,29,1420,-127,-193,553,222,322,90,238,155,20,-311,-283,-171,215,453,428,243,13339,-62,-159,964,84,607,3491,138,318,21946,15963,-201,-70,346,57,8438,517,5928,-3,-316,77,-146,-20,121,1102,558,-96,1326,1091,-104,367,84,-93,6394,42,56,-68,-272,933,-28,489,24,229,-352,676,-102,-765,40,107,-165,590,553,486,689,-244,199,696,-205,-35,486,1166,257,269,204,76,3011,1473,-62,-17,155,79,558,575,218,740,417,899,-155,157,553,79,-10,216,321,144,-43,1753,127,1,-1287,-377,1284,21,-215,-68,-279,197,-252,95,-68,135,380,350,49,-112,1273,12140,188,-151,512,-230,151,-166,313,1332,288,40,204,462,1735,197,56,550,215,102,930,-76,68,1044,553,-207,185,159,160,115,38,17085,1108,846,124,-823,129,-265,1747,9,124,-7,-79,121,14,417,255,109,179,-32,148,1,601,-492,503,1504,-102,302,91,696,-63,487,1392,2101,2085,21,258,48,512,-28,53,-623,104,-144,4223,110,24,325,-98,-121,137,272,-383,93,268,729,-87,277,179,-53,492,520,-54,246,-104,530,110,4441,-227,1077,726,1178,-84,45,171,-28,371,26,1147,9,515,1590,1482,444,489,104,185,250,87,-45,151,85,-364,381,-65,4,428,328,275,467,746,360,98,607,-135,21,46,160,129,124,-394,654,-21,14722,7446,-310,-419,102,1007,-141,17436,232,-427,96,250,-307,-12,185,397,285,458,121,140,250,157,37,-18,-7,71,-37,-28,106,1437,134,-213,-110,-436,-71,-3,682,414,294,187,116,-110,112,277,408,101,112,151,226,185,163,123,235,422,-433,374,-261,157,56,246,-79,148,-65,-85,279,157,84,729,268,-24,447,729,564,-375,-673,-129,-53,79,-54,-369,1610,15,1834,249,-333,-23,-137,54,355,-968,657,321,444,-137,681,-447,99,-18,227,96,254,1097,-10,95,1200,1638,1471,254,77,-65,177,2159,45,-452,93,222,93,15161,224,130,-35,90,127,32,238,2216,-31,709,1050,2293,-177,81,313,530,-102,494,118,-62,143,494,87,325,-49,-244,247,336,-182,924,503,-353,-427,-1,-21,611,414,3505,5732,6,-236,2059,-15,4976,51,65,159,-1256,310,196,385,269,1279,18,336,-166,-394,-419,-431,9,208,1664,12,258,95,-101,-46,-163,611,-85,495,77,-229,-450,618,110,-219,-155,159,-79,31,4,65,-152,141,-286,26,-34,332,-403,1357,-57,-277,-431,830,2913,18,173,177,703,595,285,356,1677,-302,-127,718,265,118,-9,748,-82,-18,31,827,14,165,626,190,-643,70,-4,277,606,-49,-174,190,1016,-54,285,-176,-26,-1141,431,533,1682,540,-1753,60,187,236,601,282,302,-205,517,159,43,721,1130,-48,254,486,352,1359,664,15305,1236,-339,6255,-42,57,81,176,2107,346,-809,-1635,-282,163,-191,-1088,1554,35,-893,639,-162,-37,-704,3315,143,48,6,14,-171,3057,834,-106,349,155,-20,269,4107,-18,85,399,-54,-20,17604,-843,-2349,-3744,-11978,-781,34,364,1005,-93,-46,324,-63,400,-335,1273,4121,3095,18,7,23,261,3254,305,2704,31,143,9,213,-254,1649,127,-84,1867,112,-95,70,210,238,419,932,130,6364,-280,247,3,-689,-85,57,675,272,174,168,-107,106,229,325,98,177,-101,144,110,303,1044,703,191,487,-26,-263,-37,-15,1599,286,96,679,90,168,85,180,232,294,657,282,910,141,-197,15827,-65,26,-82,84,18,307,12,137,-230,-38,9,10,1393,56,-3,-96,-81,399,48,1335,297,-137,-130,63,322,-87,56,163,207,222,-73,-28,183,179,395,194,400,3,37,56,300,12,501,0,333,98,551,-42,1275,12,332,162,-42,24,-6,1825,71,12,38,770,968,-7,328,-159,-96,244,269,12122,-29,388,-303,174,539,-76,24,233,140,130,-208,1538,1081,-233,-84,126,-10,-10,60,162,224,974,-129,165,210,367,-49,-104,-74,659,146,144,165,26,57,46,101,-62,1586,4341,-154,-372,-374,132,293,282,1,144,60,-135,-169,155,438,-130,1961,107,414,3275,891,391,144,1374,-481,620,112,265,74,4,-3,45,99,173,-10,494,335,82,65,1233,773,667,165,701,-53,843,-218,754,1215,-165,183,9,829,1044,-121,59,10447,6218,23,-65,17,771,-17,-63,8505,191,207,3254,-95,-31,3922,3616,1315,-933,-40,42,191,-107,-43,-413,-307,-29,205,-81,536,101,1008,54,-344,81,511,1356,438,219,15,332,374,1145,1099,4,-383,132,15,134,5345,795,238,313,-140,395,-204,522,28,188,143,54,51,113,-46,-49,-56,205,-152,512,213,969,102,160,344,366,24089,19589,777,171,43,7534,7334,319,1108,-155,45,392,-49,32,73,57,171,254,300,166,121,-113,-1962,578,118,244,14,462,-104,618,308,0,196,20
55,-34,-144,-17,152,-174,-289,361,-89,87,104,-239,-436,-349,-197,521,274,67,-184,43084,57,62,-22,19,-109,67,-67,-32,-32,-24,4,-247,29,-421,-117,-222,-299,-59,137,-199,-431,-416,12594,14427,22001,16561,25966,19904,152,-79,262,104,446,431,826,67,119,172,-329,212,267,12,84,-24,-184,89,117,1333,57,347,-893,-464,314,-504,4,-69,-52,7,204,654,92,159,828,-24,-39,-19,474,72,958,401,79,361,154,396,474,366,-52,49,272,204,-99,124,4,129,154,-19,49,2596,501,-262,554,29,-72,127,92,-681,-82,229,99,22,-62,22,-57,92,951,-77,-252,189,-42,204,312,347,-72,-24,74,82,454,37,594,456,674,69,224,94,167,-202,204,39,716,14,446,112,79,199,1110,911,-7,644,-292,888,-84,2122,112,1892,239,-99,27,344,401,806,504,1100,229,77,309,7,499,144,89,94,264,861,-4,-32,-4,-304,-69,-62,-54,-743,-67,2793,47,-29,12,34,1767,189,52,-77,556,127,274,107,132,-24,264,-169,117,599,454,-227,-269,22,4,4586,-741,222,1705,-197,981,456,-22,142,-17,-44,14861,-369,806,521,52,-14,157,621,414,112,59,242,766,1510,152,4451,219,1283,42,39,304,-47,142,634,337,-57,571,541,72,304,-34,262,-27,748,-37,1263,644,-259,374,-99,132,-7,-679,-124,-154,-142,134,651,409,1700,514,79,57,-601,77,-12,671,5522,177,-7,2,172,267,776,-94,14007,1550,1632,-94,1722,948,524,424,599,394,-24,329,149,109,334,102,199,2466,122,72,-52,978,17,262,479,87,107,-37,-2,12,112,1642,1452,1033,162,309,586,666,97,162,978,833,332,134,-39,254,566,232,1765,319,114,172,641,-49,-7,-114,1006,27,-162,828,414,49,2224,202,-4,159,1373,157,92,-69,329,863,327,1792,57,282,-147,1233,39,406,634,-164,172,112,978,604,84,541,1105,217,144,-69,149,1423,876,1575,-539,232,-207,-57,-32,-72,104,-42,-4,219,-12,12,604,352,469,164,371,59,376,74,79,-94,-22,172,202,1370,-22,-69,366,167,37,59,62,4,-22,12,269,778,52,52,981,122,-24,102,1902,142,-144,174,22,431,539,883,369,9,1635,481,439,-42,-49,187,184,-192,214,866,806,29,1108,594,-112,-509,963,-172,287,506,74,317,783,1640,-264,104,-264,147,107,167,344,22,49,67,414,19,159,132,-94,292,69,-19,511,317,773,816,461,147,177,137,67,426,167,-104,69,249,167,32,491,716,-461,-82,416,1075,-92,1303,394,67,2241,67,-272,92,194,-27,22,44,1056,534,54,696,134,464,64,64,-386,651,371,753,327,107,391,7437,129,808,349,788,144,449,249,-12,97,312,2349,631,309,-89,144,-561,4,-59,-32,539,134,224,916,1615,89,-9,247,-37,7,107,11848,212,-44,489,-142,21519,-19,-636,566,-194,87,104,187,509,279,137,856,194,449,-24,-342,561,197,1300,97,152,217,209,586,262,42,9,-187,464,94,254,242,127,0,34,114,17,1275,282,347,317,-886,267,89,756,159,549,37,54,329,22,97,102,-249,571,2231,369,12,99,189,272,204,1283,147,-72,-2,22,199,349,217,-79,22,961,144,436,94,-207,-147,42,227,332,1330,269,384,4,7,763,102,69,47,57,32,27,97,-119,669,469,314,1108,1031,554,-411,117,679,252,264,444,-17,1348,496,354,394,22,64,207,464,-262,-107,-9,-79,-259,359,364,501,272,2,-29,409,14,142,209,67,-102,129,177,728,-299,44,107,99,356,134,541,401,-97,933,-29,137,199,102,89,47,102,174,1023,249,504,-1525,344,142,-72,109,1006,-37,511,-44,-2,57,172,174,44,52,-32,189,54,67,144,84,7087,57,47,202,74,883,-282,129,431,-389,0,279,1465,54,187,-77,-49,267,-389,7,62,-109,831,-172,1085,342,84,-97,1133,107,97,47,399,589,-7,1872,-79,424,-14,112,47,-566,207,916,-102,104,94,157,2419,449,-97,-142,2865,1070,242,-157,466,-187,2626,2621,1041,134,77,144,-132,52,12013,511,29,906,494,1138,257,371,202,569,-396,-2042,299,-89,-641,-356,-751,-177,202,-194,371,531,5070,861,419,-79,-302,696,636,-259,272,34,2,274,32,234,329,-217,34,142,-69,129,1645,167,-132,194,134,324,-566,79,479,-84,-139,-7,2,-144,92,107,923,-99,-514,-134,1108,179,227,237,1869,15757,526,-7,97,2686,-159,62,-1135,5060,-72,-242,2,-29,-42,227,581,312,20798,342,114,7,182,164,-47,758,122,-329,17278,-107,-134,34,-92,1545,24712,-79,-828,67,174,14,-37,396,-534,1510,159,-104,2,99,1982,89,339,117,21499,1702,-459,409,421,97,319,27,-37,359,-17,-142,6253,-114,67,24,-59,-2,237,49,-529,-82,-87,119,54,-49,781,69,119,-334,479,741,-79,-666,257,898,74,-132,-42,312,459,446,439,149,616,-69,-54,-67,-152,114,-137,491,354,127,-184,-44,162,606,-72,-62,-137,723,32,304,-189,-224,13705,-59,701,287,219,-42,-309,84,-89,-74,-59,-194,314,8415,504,426,152,267,217,154,704,-94,-32,119,-162,202,-269,-1904,12137,74,172,32,4673,9,79,157,14100,-376,259,119,349,52,-47,-1180,307,139,661,-154,386,-272,1080,409,104,396,204,-282,-64,257,471,89,117,-102,64,-99,152,474,933,574,728,194,297,-212,122,52,746,259,594,-149,9806,-92,436,1048,1490,-217,-97,259,9294,272,709,174,1263,164,34,-34,3053,67,499,47,381,-14,312,117,-242,107,-129,9,399,-259,49,-49,-172,-62,449,781,1977,376,4,3170,-114,369,134,461,219,751,209,87,441,-89,42,1001,104,2563,656,-9,279,14,5886,1068,-102,174,-139,-24,179,-289,0,-72,-379,-22,421,1048,32,1013,-119,-9,-199,4,322,214,2396,197,339,619,-34,416,47,42,37,-2,-7,22,973,-294,-119,62,342,277,-104,324,1305,124,3445,324,204,82,142,142,-9,-117,-42,768,-7,172,1021,82,29,-24,99,-42,104,24,-84,1016,514,-783,981,39,177,107,-337,222,-297,589,-279,0,-59,172,-147,177,-54,-332,267,731,-84,-1145,-89,-74,44125,19612,27,-302,-584,364,82,24,229,37,-454,87,421,24,-152,-74,426,2673,-172,376,97,102,-9,197,279,-54,506,319,2,62,107,808,119,-24,114,601,2084,57,-19,-74,-54,-2,-27,159,1715,197,-167,54,644,-17,267,-354,34,152,-112,1026,-164,157,82,-72,1345,-476,-217,97,951,12,2728,12627,-64,456,-132,72,1655,22,738,-14,119,-137,107,152,159,704,-743,-39,-4,-39,17,-84,371,421,129,29,-696,257,122,107,294,1452,149,259,-134,-277,386,49,-62,104,-154,629,147,274,2224,117,831,17,-486,152,74,2,257,-1373,14,871,456,209,1160,1378,87,64,262,127,10185,-9,172,117,252,686,252,1380,99,-87,776,282,184,134,-62,426,77,1590,11291,-72,993,3220,187,62,639,102,4,-2,1075,898,671,4,62,-34,67,426,7,284,219,74,-47,74,1275,-74,-67,486,22,209,1031,-292,37,1934,-19,-619,359,636,89,12,2,-77,-112,104,-686,117,-47,943,-654,529,506,3028,554,347,124,-292,9,147,29,184,646,-327,-49,1857,114,9,359,24,-24,12,-559,74,289,22,154,521,142,1198,636,-94,47,227,122,519,-1148,783,272,-122,-112,114,-27,-192,399,848,7,-142,19,37,0,117,119,434,77,781,501,-396,-114,-314,207,-14,2806,34,24,352,119,-24,-132,112,119,19,414,132,-79,-119,27,-466,172,264,-4,47,541,0,92,44,-49,-122,-47,-551,838,169,-4,426,14,-79,-42,569,67,94,129,379,-339,1607,182,332,389,194,67,249,1098,-7,404,164,319,-162,441,94,37,259,159,127,389,1053,566,359,29,84,84,1033,17,144,11563,476,62,-47,-62,67,-27,107,64,-49,-7,853,858,12,282,-127,-124,-294,-87,112,-92,32,544,414,27,219,344,-24,279,202,721,-4,-49,37,419,109,112,-7,-29,-119,117,-17,364,-404,139,-389,9,-74,-47,-12,12,-277,389,-594,144,112,9,152,-182,94,9,87,179,471,564,272,7,541,-169,229,274,237,361,167,344,614,-187,-74,249,-2,287,-99,7,-79,272,37,127,-24,416,77,17,1505,971,244,62,47,-107,22,327,182,9,99,307,-69,112,-4,-27,-751,-317,162,-651,29,-49,47,514,24,124,-144,-424,269,584,9,7,1093,6448,384,-179,7858,-69,-49,59,-162,-19,636,174,1595,159,-29,79,-172,2,-112,-12,-27,47,274,52,589,-149,-32,961,67,-174,284,2506,149,-242,22530,107,-369,361,169,-74,72,107,27,-104,244,-314,756,-369,64,-134,354,54,12,-62,-112,716,322,292,354,699,1148,-7,19,-312,534,-174,114,67,-12,64,-713,154,217,1031,242,-77,264,-147,-356,254,69,2,-7,82,-134,-84,34,536,-37,-54,8483,314,26762,31500,22236,12,-79,-14,97,-277,669,786,8897,-14,4,3467,2269,277,-404,247,-222,1061,1095,-69,159,92,77,1852,92,67,294,-274,-511,257,-69,4820,-309,72,289,9913,59,1375,247,-284,194,164,84,414,-17,192,-109,109,-102,-67,164,2256,172,19,671,823,224,481,776,112,604,-32,374,304,127,282,119,159,604,189,104,-164,7908,82,25559,836,74,-29,24,-247,-69,-49,144,-9,-371,-39,-102,112,139,299,74,-19,47,234,59,202,2,7,-414,-27,354,25374,-49,-12,249,2673,117,32,-12,-938,84,-19,17,524,9,359,62,-773,19,112,-339,24,-124,24,591,54,12,-279,9,94,1537,-137,129,194,-32,42,723,-12,117,-24,-12,409,664,479,-57,119,132,-124,102,-14,-32,82,102,167,504,2721,-274,114,12,64,-29,2374,659,12235,946,-501,1135,506,12,49,-34,-441,39,-514,229,172,44,297,529,406,69,-159,7986,179,-37,234,319,229,197,29,82,-69,988,451,-164,4608,2456,184,182,114,-37,-107,978,352,92,2591,122,122,119,342,287,269,234,187,87,312,-44,-57,44,22,189,1203,249,526,284,-189,197,137,2359,471,167,147,356,299,94,1250,214,34,624,-44,-4,479,424,639,44,147,72,636,92,274,197,1819,32,781,272,-102,39,506,147,571,-244,34,304,-42,-17,464,-44,109,129,-164,147,24,42,-347,342,426,82,-371,-172,197,-122,2873,958,-84,509,-22,104,-84,-257,571,-239,259,54,-29,1180,539,72,87,134,197,-391,84,-84,-49,-242,-114,232,164,-62,391,69,22,-237,-4,-57,-119,-57,34,-539,-17,54,57,-72,32,-122,114,23364,4631,811,14,-44,129,14,104,22,27,247,169,4,22,-117,14,122,-282,1170,314,-244,49,1180,-239,-74,52,-19,177,768,-24,679,309,282,-129,721,297,-242,454,2,1198,429,-29,32,54,-64,14,713,-721,751,7,247,37,416,-19,-162,571,129,-7,102,-74,494,-182,159,616,144,47,11688,-354,549,97,39,147,-12,491,47,84,169,-624,177,409,112,79,-279,-52,322,54,556,19,304,82,109,252,1061,1105,2828,129,-32,-137,-9,-232,-154,49,44,204,162,57,396,-104,-67,-24,102,184,62,42,189,204,-92,1370,112,99,-247,112,127,214,307,-72,-12,726,-39,-309,374,107,-157,199,-112,-37,77,169,-24,-34,-17,10285,-44,129,202,-214,539,72,983,32,444,269,84,-596,212,1413,234,-157,9,197,182,64,-107,601,122,227,14165,654,-17,-259,84,184,601,7,224,339,102,57,62,416,344,37,791,-42,-536,-154,-134,-54,174,781,-157,-94,-72,2089,-32,-77,-14,5482,2029,59,169,64,154,-199,-234,429,287,2346,99,22,-32,571,1370,37,194,781,609,7,-484,-94,227,-92,149,174,399,122,182,282,-139,898,-137,968,209,1021,-207,426,242,2239,209,217,12,-302,811,494,-134,217,69,99,-82,87,-42,404,6131,349,264,339,12,212,401,364,571,3375,414,49,272,139,259,581,134,207,222,811,74,79,307,67,214,62,64,102,611,309,179,-217,-9,-24,-152,639,1158,-219,621,1645,177,696,-164,102,32,454,649,429,1243,1445,267,97,102,127,104,-686,-114,1767,-152,606,67,142,-272,556,147,27,22,1742,332,49,267,-99,14,294,586,386,-636,718,-82,44,-74,554,376,207,27,-157,-227,386,234,-112,-59,7,369,184,54,-69,-42,1123,139,-971,22,37,104,67,-69,-32,9,134,322,42,-137,-74,409,112,204,99,0,701,1165,134,34,-69,-179,-17,202,-47,312,-92,77,307,406,-254,219,14,92,881,-17,813,72,12,184,232,124,147,1026,-319,144,-22,3936,219,-134,102,1677,157,-69,-376,896,49,-59,219,2,172,29,284,664,302,816,234,312,137,44,162,42,109,239,54,7284,214,9,-267,114,254,79,-22,334,39,-314,149,322,92,-99,142,-82,67,-79,199,244,-104,117,1837,142,981,-7,67,-309,7,7,62,-349,252,49,-269,371,-169,177,434,-699,169,132,92,39,267,274,164,-4,-82,-97,137,-249,-67,199,1113,29,-302,99,267,142,-2,903,-586,147,102,-14,37,-162,189,49,122,-332,79,52,77,3160,54,831,-62,711,337,0,279,-32,1270,269,214,319,-576,339,124,-736,376,-69,17,49,786,19,52,247,-112,92,242,-332,-42,74,124,-62,-49,137,67,-82,-4,192,97,49,-144,611,17,229,1642,411,-37,1410,-84,1490,699,229,27,189,-17,366,42,112,12,-84,2,684,122,244,469,-47,59,-858,416,324,733,214,149,-104,64,666,332,1173,-52,1418,69,-9,1542,-32,4,-49,-17,109,172,-224,254,257,237,-1016,-87,461,119,32,359,519,891,-32,-2,92,217,112,119,7,264,202,169,-79,294,229,62,364,194,589,394,539,-57,174,674,1972,531,272,556,57,-451,10837,129,1660,287,157,466,309,87,72,37,309,109,459,-117,-99,37,848,187,47,39,-84,-74,264,1183,369,294,-37,59,249,1208,16000,13251,107,17,277,172,4,-7,748,77,-9,124,157,47,104,137,-209,469,-82,192,-14,154,399,47,-22,37,559,302,252,257,49,329,64,-44,7,369,292,604,2,-42,16449,27134,18529,11790,14309,29556,4286,481,446,49,-154,464,-47,67,347,-197,134,-379,-154,177,-2,-82,-172,604,122,-77,-147,534,72,77,22,589,249,97,109,-14,19,-194,-17,7,29,-17,157,84,-92,162,389,-12,369,157,-92,174,928,-169,29,-9,204,144,249,-257,212,254,-267,-94,72,227,207,34,109,164,1008,134,-54,67,67,-169,189,12,-32,-2,79,14,476,127,-42,42,-64,-154,921,-2,44,154,334,87,-97,14,1383,389,209,-49,-312,324,114,204,49,29,279,27,-29,768,371,-354,444,99,-39,302,-32,79,219,416,17,44,1490,102,152,-22,172,-332,234,342,446,-12,591,-17,137,112,207,1809,606,1090,209,122,77,54,2,279,152,-127,142,-7,257,157,169,-37,272,381,5562,147,-42,172,44,-124,44,64,-4,4,-104,332,192,34,-386,531,212,19,-42,-167,272,109,-102,-97,-207,596,34,-42,262,174,-34,-99,74,0,-24,574,89,349,284,-441,-174,107,47,297,-187,481,37,119,-162,2264,84,461,62,599,27,254,-187,29,49,564,-22,1138,72,2149,-134,356,182,356,-109,59,37,52,42,67,167,-149,44,426,127,147,117,-102,354,-52,-114,352,456,1914,319,157,82,189,222,312,234,454,134,134,-137,102,314,207,-69,1145,-2,-409,686,-184,127,77,574,109,-366,-459,-27,903,793,-37,-257,324,-124,122,49,44,132,99,738,-329,37,72,74,59,-64,536,337,29,182,-531,611,-162,44,-77,24,289,92,27,616,-217,-119,97,-152,-119,918,164,222,0,491,519,534,237,49,1170,-366,369,242,-29,37,72,401,54,109,389,-22,-94,-549,758,1630,429,137,219,-74,314,-19,-37,1959,147,-172,2,139,1240,-32,-64,4,436,801,401,249,-122,-132,97,-312,-132,-44,39,304,57,4,-322,456,616,54,-54,139,-327,-564,1340,39,144,247,22,44,204,364,-12,484,159,-99,893,366,209,2364,254,-7,-52,-254,-197,29,62,207,-139,579,-9,-87,-219,-207,-631,743,679,1213,132,-227,272,194,54,484,117,244,47,12,-59,-124,-249,833,606,194,4,239,4,52,84,928,-232,169,559,-169,-12,144,-49,122,371,247,4019,187,209,-52,54,84,591,836,1046,-89,736,-49,197,22,2955,2,289,314,27,429,1817,309,-134,546,1130,67,64,79,2,-182,27,-19,179,469,262,77,-79,309,272,376,-152,576,2,649,-376,289,-27,661,449,212,219,816,409,-342,-137,17,97,-556,868,-229,69,609,284,74,-87,-157,112,2,174,89,474,102,0,571,169,287,891,257,137,399,6730,-59,549,-34,244,-12,861,-501,514,-89,-199,978,112,0,309,94,-24,379,84,99,167,157,282,62,1348,42,59,1085,102,-104,3869,152,314,601,654,0,436,1442,-67,124,224,242,-7,544,177,117,67,2224,137,-738,1051,609,-182,19,57,4,431,843,72,-252,104,134,-49,-4,-102,189,-851,-34,107,426,-149,1061,42,838,27,19,149,4,137,-219,7,24,92,1233,47,37,-4,182,54,52,122,29,97,-19,-42,-39,419,666,853,1650,177,356,249,-49,57,32,67,74,174,-94,312,-219,1270,-314,551,29,169,52,1328,112,109,776,39,117,12,104,531,307,189,62,19,137,339,37,664,37,87,459,11384,674,741,-114,147,212,-167,167,182,344,129,-27,17,252,-47,831,92,179,72,59,119,142,207,292,344,29,0,214,247,-571,-54,309,-2,-17,-139,-44,-232,182,-586,-2,-361,591,172,184,-27,37,282,-42,554,19,69,144,-234,14,-22,182,1587,0,-22,29,59,-77,182,209,-1120,1033,-42,-302,-29,1992,-159,197,-109,-164,-102,-337,-264,-9,174,227,324,-57,119,187,87,1330,661,1530,-2,44,664,-94,-237,14,-2,-57,-67,-64,104,-12,731,92,-47,-102,-47,102,1577,-137,751,124,881,-37,-2,436,386,366,-39,222,52,-82,-239,429,252,89,52,37,4,2,456,-102,-82,554,499,616,434,-873,34,44,62,723,651,47,194,-79,42,-149,-99,134,167,-214,-2,92,89,406,-12,139,114,-4,-2,768,22,-17,496,589,44,352,7,167,34,681,82,-109,39,64,366,87,279,319,-97,39,9,911,284,374,-279,728,996,349,-217,1230,52,1013,117,406,-7,-104,114,416,-424,-32,142,-716,84,32,122,599,1188,177,282,154,252,2434,1350,-17,244,1213,-42,17,-12,302,-317,-249,476,114,-64,-152,431,-32,39,-62,2169,-12,-539,124,77,34,209,-429,1355,22,17,19,217,9,207,124,182,931,943,-54,129,429,-134,112,97,419,59,-391,7,194,359,-92,921,-139,89,74,369,-14,339,-67,252,-2,112,-142,129,7319,596,624,269,-219,74,-17,2558,164,1445,-347,356,386,149,1170,29,42,459,319,-616,-47,117,-134,54,0,29,-4,309,354,-332,47,409,-19,19,-14,391,534,681,27,384,748,67,47,-162,7,416,344,576,37,32,-34,339,-87,416,381,2,152,-134,-27,963,107,67,214,-44,159,9,92,122,102,-37,-39,264,758,611,-62,-47,-32,117,177,-79,539,337,-449,-24,57,52,212,9,-44,167,-19,474,22,64,883,169,773,-59,262,436,441,539,42,192,62,409,337,24,184,-157,501,44,-307,-12,-883,-157,-2,344,-62,22,-29,142,-369,-559,177,179,2154,79,82,-82,37,34,-317,-79,738,-54,564,72,19,886,12,-259,167,339,-9,4,49,441,224,74,52,134,147,212,364,102,107,-509,282,748,374,134,74,-7,-42,302,519,0,446,-47,257,356,164,-124,37,-109,-277,848,59,474,-69,189,861,441,649,122,-359,187,84,329,-204,-299,224,-37,254,32,-142,32,82,711,-107,886,-49,-92,112,127,651,42,162,162,1213,7,361,107,264,-124,264,27,139,204,-147,24,3143,207,-4,-19,282,267,-12,-332,12,-69,534,79,454,69,44,244,234,-29,-84,327,-142,-44,2963,649,-24,117,292,-37,102,-149,636,908,1710,64,232,2763,541,-284,5741,132,-19,174,122,289,164,289,232,17,114,239,207,142,451,-72,-19,549,29,134,32,766,42,2753,-272,239,-19,122,12,117,8156,29,14,-39,-347,-17,-49,214,966,169,259,5192,-54,1193,177,-39,-169,776,49,342,-167,57,-132,401,189,2102,-843,25853,84,441,-102,224,307,416,129,651,2271,-39,-79,59,-14,32,87,574,222,761,-32,-32,-22,-14,109,4,796,7,-212,92,-49,49,1093,-436,39,72,87,-42,-2,97,-9,-117,157,94,244,-214,44,0,107,17805,-79,142,32,364,332,54,-4,154,239,-147,7,39,-122,-139,459,-67,172,22,137,302,733,-119,279,11658,189,197,-132,584,-486,-22,7,429,376,-52,222,1135,72,479,-479,1068,319,2858,-32,2771,-149,184,307,222,581,1762,601,164,-29,-72,704,384,-17,371,317,84,2042,22,-97,229,-89,4800,786,-114,62,169,2973,167,92,571,1360,252,-374,64,1787,-32,39,74,14107,-24,82,16524,1557,-247,1365,69,139,184,1757,-39,1140,117,39,9,-1103,199,34,104,-177,2057,-7,99,36930,237,44,1997,287,19,-29,2,87,-339,34,20513,1907,-27,-67,214,-47,-19,-82,159,-107,-124,39,-4,-237,-69,-17,37,117,129,277,327,169,733,-159,409,349,54,9,62,-69,1340,187,7996,721,264,79,6797,219,89,534,12,-366,22,8171,396,124,431,-97,-7,7,514,566,102,-54,421,-159,112,926,99,-37,17,187,361,926,424,-17,4,0,888,1378,19215,1984,-24,-379,-172,14,14569,249,1006,54,-137,971,2741,-122,279,-54,142,134,24,22897,11853,114,-99,-132,157,1203,773,47,606,-322,6063,-274,-49,-72,204,-127,49,287,1185,-9,-339,-62,47,-202,476,-129,137,-4,2833,566,149,77,52,0,74,-69,-47,114,-222,-224,751,169,49,1620,5015,778,1303,-24,-267,69,836,5554,619,229,-117,-17,302,72,-39,436,0,119,479,232,72,2,247,192,746,671,147,1128,-34,1178,783,-34,561,649,14854,713,-109,109,129,307,144,-167,-9,938,87,269,23996,124,344,82,-9,-67,72,401,896,344,307,-62,586,14,232,224,681,1318,-247,-79,19,10550,137,29,-109,-42,-4,-134,317,374,4,-29,-97,119,596,199,808,1083,109,269,-327,-129,-107,-149,299,569,396,354,781,621,514,509,37,47,22,54,282,394,524,-32,-72,12,197,324,16219,-84,-911,17,87,484,144,606,19,5007,-197,162,57,-32,713,-17,499,102,224,107,524,2,69,132,94,-396,848,257,24221,9591,54,1607,3597,332,758,139,479,274,3522,229,19,674,-404,-159,866,62,-24,244,154,199,259,207,27,471,22,-64,2978,541,1867,114,2543,327,207,214,89,54,209,182,-352,-179,476,-132,671,19989,-217,12,-37,37,701,137,1205,723,292,7,89,64,259,252,1053,746,694,2968,1160,29,-39,-27,529,723,314,112,-87,162,-144,224,1160,37,709,-134,-34,259,2122,97,99,132,94,24,-59,279,-94,99,72,611,152,32,39,77,62,549,431,2087,89,783,848,39,42,-7,-19,-162,-149,69,783,471,-24,32,282,416,519,-84,6920,114,-82,-52,92,32,314,104,-247,167,352,-44,3125,262,87,37,27,1507,257,137,24,12,13615,471,1093,-97,-29,127,961,-49,69,164,194,264,132,267,17,237,94,72,1380,1058,1198,-134,219,139,77,242,641,938,30319,596,5359,89,287,232,137,404,69,-87,-449,-239,-74,42,59,1667,-42,59,44,27,-44,-172,187,-47,32,656,277,77,3068,89,1016,1640,-229,-74,87,-19,147,-32,67,214,883,-119,202,763,107,219,-29,516,0,162,84,272,-217,-57,109,391,184,2,127,42,72,-406,72,187,-164,94,-244,77,84,-294,77,886,479,192,-222,-2,-87,539,384,294,469,107,107,-34,-104,-9,654,626,381,77,1038,177,-149,-194,132,122,302,352,-7,-436,169,2,818,-284,-399,-24,-169,132,42,12,62,3170,257,-189,2,434,394,127,788,114,347,112,257,366,157,14,-506,-127,112,554,29,379,-27,87,124,-99,-12,-84,803,12,1363,-139,1158,9,284,1098,77,-89,202,686,192,179,349,521,-47,194,444,162,396,109,371,167,-72,-386,32,224,-99,49,269,411,1088,591,-441,-24,294,-117,-134,711,446,92,-74,69,-778,107,9,-12,-182,7,10987,127,826,-109,24,-24,99,878,-381,339,309,1056,-4,292,199,-142,297,189,-102,-4,823,499,12,-4,97,1325,332,479,222,-157,434,24,154,104,384,52,44,-566,-52,-4,304,1135,144,117,-137,536,49,359,856,294,9,49,32,-87,391,-19,501,851,69,-24,37,-1620,279,94,169,751,441,29,-242,-289,429,-107,801,34,406,-107,-409,334,461,1078,42,32,312,-1018,-64,569,34,87,416,134,54,1023,1794,-112,-72,59,11855,2074,-32,74,-169,-129,1577,399,4,9,102,202,97,27,2,2057,242,57,-44,127,-27,62,-154,366,-526,267,-14,356,84,1657,37,391,302,44,-67,514,-62,177,-327,474,79,-59,-59,394,1295,104,-54,666,324,94,-4,152,34,202,-154,74,808,-224,19,-514,-17,114,172,-37,-47,42,257,134,-74,-459,-102,27,87,721,104,42,12,184,37,-177,17,19,42,27,59,-94,491,254,-32,-84,222,152,117,-182,162,1006,-124,469,529,-189,0,-294,-579,244,169,-79,237,142,89,329,162,-14,808,-177,102,-157,2,-401,47,-79,-37,147,33410,1732,-234,756,429,-39,-164,421,64,204,-277,-99,197,-304,-307,47,312,1705,-119,142,72,-109,484,-364,92,421,112,-29,22,911,1043,219,-7,219,4,109,174,169,8091,526,-229,-192,44,-104,13960,1220,-34,15398,129,-79,-217,84,9,-9,-32,411,2109,169,39,319,439,0,347,-84,1063,99,-94,212,174,0,771,369,364,-42,342,42,187,89,436,426,4303,274,1150,671,-62,99,-27,-42,59,-62,344,64,411,1108,34,234,466,-1245,344,32,54,214,-32,102,69,29,49,44,-192,74,2419,1033,-22,224,-32,49,1260,-64,696,22,-34,671,134,-214,294,1085,207,514,411,434,-72,132,347,426,112,-159,32,247,-599,-79,14,23329,-374,1095,374,-486,157,-57,144,177,32,-164,67,-124,-114,-137,-319,-124,-14,14,-284,-82,42,-579,67,-87,-82,202,274,-534,287,20618,-257,122,67,24,404,267,42,20081,3185,22,139,107,-347,1130,946,481,294,-119,886,-39,44,7,441,32,506,132,59,-147,214,154,709,147,-22,117,29,57,197,84,1557,-589,-12,44,47,-4,177,439,19,27,748,-334,441,217,89,114,556,-197,24,194,149,49,836,199,329,-369,-356,-49,64,27,-49,-14,272,836,1195,416,87,-127,39,182,11696,47,307,579,371,-147,1051,89,62,147,-7,94,1964,327,17,19,77,-112,-164,34,307,44,54,-74,778,-97,-12,127,-59,294,37,324,239,199,252,359,-199,39,17,29,24,269,27,317,232,87,-356,12,17,154,32,219,257,1225,5394,24,12,-32,461,94,-147,124,44,-7,-57,82,167,14,-24,-82,-224,14,97,-44,-49,112,386,456,-29,17,-232,44,-52,-157,159,134,-127,12,22,2,826,17,97,87,-42,-44,87,194,-4,514,903,117,491,114,7,122,404,334,72,-82,149,114,-92,164,1001,-174,2,189,97,19,64,92,37,1105,-14,-4,-102,606,1056,179,-39,389,24,67,499,-19,62,1318,19,292,132,-104,4281,479,0,-117,-62,-7,-32,162,14,-32,-27,-574,421,1118,853,74,39,-64,114,137,74,-29,679,84,49,833,47,-99,786,476,409,-19,-9,44,384,99,-84,2484,242,-37,-7,-132,29,-19,29,134,-7,-32,194,52,-99,2219,117,-12,-439,-958,1565,14966,-57,-44,157,-194,47,-19,-154,-42,39,1013,234,97,214,1078,114,1415,-34,247,-374,14,-2,-14,102,1090,57,192,-634,32,119,144,-102,67,304,292,421,1093,119,431,34,144,-1418,282,-37,32,1997,0,232,87,124,239,499,309,646,-4,12013,252,-117,14,776,137,57,352,142,209,-42,2,27,-12,-62,-117,237,2411,84,0,44,-12,-17,-334,49,-197,-87,82,149,44,119,911,-117,47,49,7,-112,-4,337,-52,139,14,184,84,998,172,134,1098,217,-22,224,-39,292,-84,-34,239,-37,-139,-117,1053,-52,-27,-34,996,728,57,-139,1048,551,202,329,-12,679,-436,262,2151,-484,1163,-37,-44,4451,87,49,47,194,-861,17193,-167,1011,-74,309,134,-4,132,-2,721,172,37,0,371,187,122,1203,337,1335,254,294,-94,87,214,219,-212,-172,-82,299,-7,17,144,-2,-27,7,504,127,144,-312,9,207,84,27,87,69,54,-2,-52,242,-179,1797,-7,-324,-62,-274,848,3307,424,-77,-529,2022,29,28335,27184,-147,451,-87,2449,7936,2281,64,-883,224,317,-242,332,-84,-152,366,726,16759,16404,104,112,324,89,182,3307,64,212,152,72,272,1310,299,-212,7,102,-654,-332,451,79,-117,47,-77,77,-821,337,104,287,134,9,-9,461,-42,24,69,49,127,-117,-24,-164,104,-259,1188,77,459,269,-12,-259,109,731,-232,264,57,-42,-54,-2,332,-42,-54,-17,59,-381,0,17,546,646,3277,6513,1210,8061,-486,22,42,187,-19,244,768,-34,67,-49,179,204,204,44,129,17,77,197,-122,-219,109,1128,14,307,-32,189,-49,-187,-167,172,4743,-112,64,37,337,-826,129,-389,182,84,144,67,107,7,94,441,89,1333,1031,264,167,124,214,17,-14,4,-62,-1765,202,232,299,112,-32,62,386,-32,7,-239,-639,7,906,656,1105,1008,84,184,-322,-97,-179,314,152,-77,786,164,1168,466,104,122,107,-14,1403,47,339,82,252,137,24,476,-62,1001,277,-17,177,84,-299,574,304,189,337,19,49,-24,-104,-414,97,69,-798,664,82,-129,-234,252,626,20551,184,-259,7379,-127,-2,-27,-202,274,1762,-197,-1822,2828,277,102,10113,1450,2925,57,1175,-34,-89,127,202,187,189,179,204,-9,157,-354,-59,99,1844,332,-12,484,42,4,112,-514,12,606,34,-22,9,47,-202,187,262,332,79,-47,162,22,54,539,629,-207,232,-92,62,704,7,509,-39,1522,726,32,329,12,2853,2074,1083,32936,17785,19,139,2,-189,-134,252,352,337,841,24,-74,72,189,52,177,314,-986,117,-74,14,-44,139,74,224,289,119,47,21744,696,19,-39,182,302,-114,42,-2,254,69,-199,-411,89,614,646,159,1477,446,29,-342,1190,-112,-49,379,94,-182,147,-916,-27,79,129,973,167,42,1043,-39,-142,69,42,-14,102,74,-34,129,127,621,249,32,249,169,137,-54,162,394,-69,52,-92,92,-137,34,841,-77,122,426,82,112,-42,439,207,639,-616,-119,69,-429,47,27,918,-104,609,264,212,-67,12,302,-39,142,32,27,-49,69,129,-209,29,369,174,212,431,896,-232,-52,359,329,9,124,-4,184,159,541,14,72,838,14,34,454,424,406,-82,237,-159,69,-182,14,-272,-99,332,19,-14,29,451,-67,222,-471,-87,-1984,948,202,4,169,12,239,1088,9436,207,219,1018,164,112,-207,-257,314,-39,102,8340,-39,13301,-27,27,14464,818,242,22,-404,52,758,72,1705,-9,-361,29,22,302,9,154,-69,32,-94,-312,-297,-356,504,107,-19,9509,19,-129,646,19,-69,958,22,59,2102,2226,-74,-127,491,102,9721,3739,3300,-62,-97,-129,-99,-47,-52,1268,239,-67,1258,1353,-19,1373,-89,-107,3350,-22,37,-167,-309,581,-182,466,-89,244,-459,988,-9,-604,22,-17,-157,337,12,1430,931,-44,384,421,-247,-92,604,796,214,189,97,102,4308,1879,-12,4,164,92,421,439,59,701,332,876,-9,-67,162,122,72,674,234,-391,-62,1809,109,182,-696,-466,766,162,17,207,-37,159,237,19,-32,89,436,1003,-159,47,1632,10979,24,184,396,9,252,-232,337,674,314,29,12,584,2037,139,89,409,184,167,1108,72,74,1600,556,14,274,64,257,27,-9,164,411,509,292,-656,44,-232,1258,109,-204,-212,-62,12,-27,704,147,9,119,-229,147,194,344,-414,614,1662,401,19,-232,446,54,429,142,1363,-14,-49,69,64,429,152,0,-207,39,-441,2783,-54,-9,359,12,-52,416,436,234,9,259,1592,-197,384,49,-4,674,112,32,234,-67,579,34,931,97,649,753,981,-32,-9,139,-234,-2,107,152,-104,284,461,1080,361,823,149,57,391,-19,-22,147,-189,-401,124,-92,27,169,142,259,-4,704,32,229,324,14,-147,109,74,72,159,-661,519,-49,13006,4695,-459,159,207,1093,-82,19545,77,122,27,-169,-167,339,-12,319,29,399,259,87,329,24,-409,-39,-217,-157,2,44,4,1013,-19,-252,-144,-169,127,7,421,252,-109,162,149,-39,82,179,294,-117,-44,-189,-22,47,-247,27,97,229,-591,374,-117,202,644,249,49,4,-581,-109,214,-4,184,621,399,7,1280,1068,526,42,-1075,22,-214,124,214,44,2389,67,359,309,-174,54,-167,-42,174,-631,494,319,242,-152,609,-419,526,154,124,44,164,609,52,84,953,1155,1061,157,154,-139,139,571,44,-44,44,-154,421,19697,244,-32,-32,37,207,-12,129,2069,207,461,948,2406,2,-224,366,361,-204,242,-4,-107,139,149,22,122,-182,-2,104,-29,-34,881,274,-74,-806,52,57,621,349,2985,5150,59,209,1707,59,2935,119,-9,332,-2027,164,4,421,386,1270,-62,152,29,-219,-554,-439,24,384,1497,-24,147,-24,-24,34,-289,386,22,486,-112,-137,-494,479,-182,-22,-44,2,-74,117,227,-39,-204,287,69,-52,-129,89,-54,996,127,-691,-571,621,3452,-139,207,-277,893,137,179,352,1305,-469,-89,586,282,119,2,629,172,-27,252,571,74,89,886,272,-479,-42,-239,167,314,-37,-204,114,3282,0,167,2,-7,-866,-132,1145,1061,144,-1690,67,47,24,204,29,107,-37,504,259,97,1897,699,92,174,124,364,961,314,11673,1897,-494,2349,-24,184,107,4,1061,77,-1123,-2743,-561,576,-174,-993,2943,-57,-322,199,87,22,-264,3649,24,-217,344,89,2,2097,449,-112,1038,267,-64,636,3295,32,262,202,1405,4,16352,-983,-2658,-4293,-9881,-1103,-249,379,446,132,4,19,-102,436,-82,4366,1804,3390,162,-12,-224,94,2161,366,4606,52,137,12,54,-267,4975,29,4,3360,124,-69,-82,172,531,289,1046,4,5697,-194,139,52,-374,-102,-4,466,327,107,72,-89,89,-97,354,4,-97,-77,-64,-376,366,848,434,212,212,-22,-289,-92,-104,1310,302,84,302,-52,54,217,84,242,287,818,821,601,-42,2,21120,92,-29,-89,62,57,192,-12,99,-506,-12,77,-87,474,17,-24,27,2,391,-37,581,232,-147,-209,62,601,-167,-62,-132,252,184,-167,-114,117,17,202,79,184,79,366,47,4,4,491,-19,74,177,396,-27,-4,37,511,189,-217,72,-44,259,64,137,39,511,1869,-4,114,-19,-52,-14,339,4129,39,401,-204,22,347,-167,127,129,24,67,-19,1400,906,-199,-17,386,-7,-19,9,7,137,1018,12,174,104,64,102,-14,79,671,-4,124,99,-44,64,89,-37,77,1183,546,-142,-209,-416,389,187,317,184,154,137,-384,9,22,34,12,1133,37,307,3242,758,646,57,386,-1363,723,-107,274,-54,4,-87,27,-22,39,-37,167,194,4,434,614,791,107,74,239,149,484,-29,923,639,-102,-49,77,701,878,-366,-4,2054,1857,104,12,17,644,19,-374,3145,254,232,2778,44,-32,3642,4059,1625,-781,-84,2,252,-139,-129,-1011,-84,-4,284,44,406,107,626,254,-352,-299,1006,399,247,277,64,421,823,871,149,-57,-92,122,-9,99,2761,586,77,234,17,124,-302,137,67,194,34,147,327,-107,-27,-137,-47,556,-269,519,247,898,274,174,366,-82,20678,27768,1892,164,-144,5959,4745,356,659,-137,39,651,-72,92,74,37,154,224,149,169,269,-142,-1223,751,87,753,-22,259,47,806,342,14,239,24
56,-95,-118,59,270,-229,-383,172,-187,185,157,66,-525,-401,-162,30,337,-162,-213,49419,84,10,-113,82,-208,97,0,-2,-12,5,-74,-424,-5,-787,-285,-375,-206,56,654,0,-357,-481,8770,7956,12076,8121,13243,15388,306,18,254,355,1817,723,847,28,-72,169,-507,484,381,66,131,164,-110,257,193,1993,113,607,-893,-1037,239,-399,-556,7,-162,90,169,1032,25,151,865,180,0,46,581,51,1377,499,87,602,314,515,728,203,-25,-33,198,61,15,46,-244,187,141,-25,0,1923,697,-808,368,-74,-72,283,51,-903,-18,198,118,48,-167,-5,-190,74,126,-95,-345,95,-216,236,314,399,-5,28,59,23,414,108,852,509,409,-128,324,66,208,-15,484,144,1042,-46,476,419,100,110,702,468,66,715,-306,417,-409,-5,149,1501,133,-77,-7,247,296,363,339,695,87,-190,-2,5,450,18,-23,-64,455,2193,123,159,95,471,131,28,41,-584,36,2062,-41,-128,-180,579,1501,311,36,-56,412,139,453,23,267,-66,285,-41,1449,759,530,280,-947,36,-190,2968,-553,342,1158,-95,502,2345,-270,159,-23,18,15038,-236,1261,906,110,38,350,533,180,-36,-56,538,988,1568,18,2999,296,1460,-2,18,66,-118,38,396,533,172,520,275,43,494,-141,236,10,589,-25,1794,999,-847,164,-79,115,64,-875,41,-208,-206,12,563,530,1145,834,69,108,-571,-56,10,6715,4830,36,41,-113,100,445,164,-157,13312,1174,2518,-87,1583,718,159,203,290,427,2,25,234,146,254,15,262,2304,378,64,-100,715,-133,74,646,-100,79,48,59,144,355,1272,1431,911,221,345,728,594,218,92,1609,890,512,218,133,352,226,368,1320,478,172,306,772,69,90,84,1398,193,-309,1032,375,-18,2255,198,108,64,1975,113,242,-33,213,507,478,1774,77,494,-144,1519,422,728,1174,-113,164,206,803,908,121,563,1076,208,239,-28,-213,1225,200,916,-911,327,5,-105,-28,-54,87,-329,-61,265,-25,159,800,1120,553,468,229,177,262,-100,121,-226,-213,-278,775,1290,-56,-187,509,324,391,208,92,139,48,30,471,759,177,43,968,167,128,2,1416,84,-141,154,265,177,741,393,386,144,1274,509,427,-64,288,-162,123,-236,118,775,478,38,1125,133,-126,-538,450,-466,82,-105,2,74,932,1972,-224,139,-221,-74,262,280,-121,15,193,30,432,-200,306,36,-15,437,172,355,811,314,375,206,-66,25,103,339,-79,103,193,-311,123,182,74,74,-118,880,-427,-151,736,857,103,2389,558,113,1897,-200,-283,182,399,162,-95,-82,847,1272,51,705,236,826,226,36,-718,991,767,669,396,229,623,6445,267,584,252,700,234,494,231,72,149,136,3007,702,448,-100,144,-551,18,36,90,1555,193,468,1066,1743,115,105,190,97,33,108,7706,159,7,123,77,18305,110,-870,700,-270,105,25,206,633,504,54,288,272,618,-18,-373,793,128,1900,187,69,417,182,151,283,25,0,-216,620,-36,157,252,-20,-41,82,195,342,705,208,576,360,-1225,327,221,1045,378,520,123,-12,64,-278,-66,247,-288,692,2631,440,-33,131,375,-206,345,1148,404,64,20,236,793,530,419,87,-275,1339,110,515,74,-141,-169,499,-56,489,669,278,20,-30,-72,2616,404,10,180,-23,-61,92,92,66,496,584,388,1508,1238,1194,-334,146,561,157,190,316,-133,1292,484,520,713,2,66,123,509,-200,54,-64,-221,-236,607,2067,-33,260,79,309,545,-54,401,357,180,-74,169,252,927,-126,43,-512,211,535,190,520,620,-126,919,95,108,190,195,301,213,285,51,1073,440,337,-1138,458,-12,-56,128,836,51,419,-25,30,375,321,190,-28,126,36,744,59,154,169,157,7436,221,46,224,84,772,-206,206,314,-283,-15,368,3635,84,169,-208,61,324,-860,151,265,195,914,-272,929,445,252,249,1030,252,123,167,355,448,-206,669,2,620,-92,-51,-36,-252,262,1722,-139,239,74,46,1727,903,172,-288,1581,1758,396,-146,345,-293,3229,829,1485,123,417,92,-66,25,17844,339,399,2433,854,2083,388,612,64,726,-332,-888,270,-103,-945,-468,-932,-365,280,-213,319,203,2907,1169,229,-87,-146,1019,1045,-239,254,-59,-38,95,7,169,489,-231,-41,236,-30,66,2626,198,-195,208,-74,146,-636,149,643,38,-69,-59,-190,-391,229,15,576,-77,-1163,-18,1171,406,267,247,836,19654,481,133,267,2088,-190,141,-821,5155,-82,-275,51,51,-149,409,829,360,23429,605,314,175,260,247,-159,682,151,-293,14239,-154,-66,306,-74,2271,21666,0,-860,72,272,2,157,512,-816,2623,61,193,0,-48,2150,278,700,23,18431,2072,-211,267,674,151,543,59,-43,478,61,-172,6658,-133,139,149,64,-15,229,149,-437,28,-342,224,-54,-128,808,172,64,-375,540,1156,180,-522,363,1897,157,0,-5,605,476,522,257,275,594,172,-48,43,-108,103,23,414,149,236,-229,-54,206,283,33,18,-159,911,-10,208,-311,-375,12661,-110,963,296,262,-54,-406,-77,-64,-28,131,-296,695,6095,216,419,198,399,-486,247,211,-7,59,18,211,180,-41,-2235,18910,203,115,-38,3154,-262,200,517,9519,-504,579,177,769,-92,28,-1483,378,0,548,-69,453,-422,121,679,-56,270,373,-404,-185,422,167,236,-77,-159,-82,-723,169,566,1202,1282,535,450,139,-368,-110,-5,1776,324,901,597,5901,-133,834,1215,1593,-193,-15,226,4771,1060,731,278,2003,136,48,59,2806,473,375,66,677,-41,332,303,-190,82,-128,169,708,-759,-48,190,314,-20,460,149,1027,296,-252,97,-51,440,121,592,187,-2,697,-115,339,-38,332,1212,530,1884,597,-30,278,-5,3932,839,-95,121,-448,185,790,-95,-18,-54,0,36,1359,1604,579,1004,41,131,-146,-77,545,463,4202,123,401,329,-18,6074,-2,298,-87,-15,-87,56,1359,-5,-43,175,-12,643,61,545,1004,-61,2196,355,254,-149,432,414,95,15,-51,342,33,172,290,30,51,-30,95,172,149,262,25,1114,669,-216,244,25,144,396,-713,95,-257,1104,-283,177,-327,69,-249,84,-77,-373,244,679,-100,-718,87,-180,38545,11994,-23,-298,-798,365,79,69,180,23,-489,87,651,-33,-468,-100,59,2420,-164,198,224,-12,87,33,239,-30,636,167,23,36,84,574,144,74,172,450,1452,368,118,-121,-87,90,15,131,2152,301,195,126,679,-66,319,-167,41,43,-139,1333,-494,182,115,-82,1145,-896,-77,272,1241,77,1434,11440,118,-84,-90,-10,1704,146,1032,139,54,-146,74,-12,74,1261,417,72,33,-77,33,-36,419,383,257,23,-800,623,254,146,412,2817,365,515,-64,-164,324,2,-43,-252,-43,548,154,198,2683,121,772,-28,-602,265,-144,-739,316,-1331,-10,1048,476,262,368,1632,66,208,334,213,3172,-69,203,265,167,633,414,1823,108,10,623,360,401,993,-90,262,95,1246,12795,92,842,1429,-48,-103,1238,82,-46,-51,751,903,945,-5,48,-15,151,723,79,357,144,43,5,180,1748,283,23,437,15,406,478,-471,-195,3540,-43,-347,234,512,324,-412,-54,139,-12,25,-1151,-177,-7,1243,-615,805,515,3193,1091,18,195,43,95,185,38,208,226,-164,-30,2049,149,-311,290,87,-159,95,-373,167,283,-15,252,448,319,597,566,-149,169,319,157,175,-1094,625,365,-167,0,-33,-38,-25,1030,991,-113,180,41,-90,54,103,175,84,260,329,-221,-499,-82,48,254,180,3545,164,399,229,154,-38,-193,-41,12,30,260,-121,33,-23,38,-785,231,221,-66,316,762,-64,28,213,33,54,-25,-759,865,478,105,636,-33,347,123,388,-61,7,141,666,182,986,206,530,728,375,-66,141,1066,72,620,167,332,-412,589,-30,64,257,-2,43,254,530,463,252,-90,121,74,1156,303,440,13088,221,10,-198,-113,296,-239,169,43,79,66,988,929,-5,203,-306,15,-38,-43,118,260,-82,260,651,193,363,435,-33,121,-43,311,-172,28,87,458,185,87,48,123,105,146,-43,450,-450,-329,-368,-46,113,-5,69,51,-509,563,-749,206,368,20,95,-242,154,-92,87,370,249,458,1027,36,759,-260,406,723,195,731,56,92,630,-213,-20,69,43,1009,-18,-103,-41,728,-41,352,0,872,-84,115,860,1068,406,339,72,265,18,424,95,-337,128,257,-175,404,5,-115,-149,-507,221,-981,72,61,30,576,195,141,-115,-414,262,198,-103,-77,1066,5598,-36,-247,9349,72,-82,72,-499,-110,404,141,4537,262,77,249,-211,203,38,-103,162,782,365,208,605,-149,38,903,309,-128,187,3777,97,-368,12854,-180,-551,378,180,72,118,239,151,-92,486,-200,584,-419,66,-280,-87,108,54,-90,247,1148,321,139,453,1539,1223,-74,33,-592,319,-208,442,131,46,244,-754,247,185,66,365,-177,599,-203,-651,234,-105,-123,128,56,-28,154,126,517,-187,46,10706,538,30173,31216,19109,-36,-272,-15,10,-378,1359,1277,5268,162,-146,1928,296,484,51,386,-218,1233,741,72,108,141,169,870,25,18,61,-306,-937,352,-149,10094,-298,236,448,10181,-38,1030,-229,-440,46,123,123,798,-357,172,-226,378,-169,-381,298,1568,206,95,1122,468,-23,571,767,260,932,43,239,350,208,234,236,252,419,115,-36,-404,6246,110,20327,1145,149,121,66,-36,507,141,445,133,-618,-128,-393,435,296,1040,18,12,84,87,28,108,-79,206,-301,-15,705,25276,-15,123,440,3334,139,180,56,-764,121,319,211,370,-97,553,198,-790,-149,79,-270,151,-159,41,661,339,-61,103,319,208,1578,-151,481,432,61,875,543,87,226,159,-79,700,1060,419,141,306,169,-177,-36,260,54,46,666,164,852,1400,-597,226,5,18,7,3038,808,10439,991,-615,2796,440,-18,113,-103,-754,226,-574,370,437,-59,236,684,700,79,-267,7434,-110,-54,128,12,399,278,-69,131,175,1042,965,-167,7622,1122,805,100,849,-64,-110,847,587,54,2374,162,79,399,226,224,973,260,272,437,175,242,154,5,87,327,594,303,545,316,-46,396,-275,3687,404,126,54,437,25,113,1542,103,108,903,5,-7,715,77,141,-56,159,54,579,234,515,54,983,200,669,144,-239,-33,422,33,1264,-162,298,419,-12,38,538,-61,285,136,-136,7,211,-56,-249,484,167,270,-314,-92,254,-185,1951,636,-108,476,33,288,-46,-375,515,-108,321,306,154,1758,643,136,445,180,265,-589,0,-278,-450,-7,193,486,293,-7,520,267,164,-468,33,-92,-108,30,226,-360,-167,-36,79,-316,-54,-97,-43,20993,4611,993,61,72,2,-56,77,110,-46,72,460,177,-25,115,25,236,-345,1246,332,-816,-224,1977,-584,-92,20,-66,92,1815,-46,916,363,368,-182,1030,337,-363,803,69,254,793,100,43,103,-396,-84,1601,-790,576,-149,247,-77,272,-56,471,368,257,-10,195,-51,692,-278,329,599,-221,-136,10554,-878,618,105,48,113,-41,643,571,203,211,-468,373,525,48,20,-239,-283,633,2,177,-5,334,226,128,417,466,1624,2752,159,-64,-113,87,-283,-448,-146,252,404,301,144,721,-321,-602,-545,-981,172,115,74,-424,-7,-126,1573,113,64,-357,97,1403,167,669,-77,252,821,41,-234,551,1161,-66,87,-285,195,43,316,66,-393,72,12887,-97,298,561,103,921,254,599,43,713,579,121,-1601,319,656,440,-262,180,-247,607,-12,-84,826,162,854,18249,283,103,-190,365,368,780,82,296,399,270,20,36,1096,602,-133,746,-87,-1408,-275,-386,-126,10,473,-157,28,-154,2518,-51,-2,18,12298,2538,30,370,267,-7,-87,-239,556,133,2332,-54,-59,-30,1040,1784,236,87,767,803,51,-728,48,327,-453,198,406,746,-54,545,329,-121,1148,-306,1181,309,1439,-278,193,334,2093,2,538,0,-84,2137,721,-149,535,-43,401,267,72,-149,607,234,278,190,496,90,208,66,594,301,2417,733,157,314,-666,278,636,314,185,56,494,-38,175,824,206,551,-20,56,79,538,594,211,-236,69,-5,388,247,1205,-406,916,1967,355,432,-249,-84,-41,332,375,370,968,1197,-82,203,-12,316,-154,-249,74,839,-213,875,151,123,-437,2273,386,36,414,950,1354,87,244,-141,-56,396,911,757,-584,612,-121,409,51,772,772,502,512,-84,-224,1045,396,-182,-28,-175,391,509,272,-141,56,3393,54,-1962,169,69,494,113,43,43,103,218,847,82,185,-260,278,69,306,224,-84,1261,636,77,144,-2,-144,23,252,-2,553,-167,167,324,527,-43,309,84,131,1699,-12,1962,121,211,288,471,182,239,453,-195,159,-190,1212,352,-20,363,422,113,826,-450,1024,123,-149,239,77,414,-25,288,736,327,623,69,265,242,375,79,-110,95,342,-48,9911,424,97,-460,195,77,-103,38,388,30,-236,-5,208,36,-54,195,-208,-2,-146,33,198,12,100,1156,95,947,-64,0,-432,-164,144,123,-718,72,136,-383,-7,0,257,648,-731,-72,-69,-7,159,566,164,530,113,-190,-309,468,-159,-151,914,1125,-43,-352,136,247,141,51,700,-538,231,599,144,25,-193,280,84,128,-290,7,211,419,4380,211,234,105,929,396,74,-239,-131,157,0,118,419,-401,368,272,-690,458,-306,306,-82,960,-18,-25,409,-182,113,84,-216,-154,69,82,-110,182,175,66,-43,-25,401,172,169,-66,710,-113,357,4941,736,-131,1699,-46,1292,-301,427,30,360,-41,260,-61,159,-74,43,-18,739,100,288,551,-128,18,-741,92,507,978,319,182,-100,-208,718,193,885,-113,597,61,-87,1336,-5,203,46,149,218,-113,-473,146,548,66,-1308,-262,41,154,-321,242,306,1102,-198,-92,-5,515,249,84,18,267,329,355,25,355,229,-10,350,-203,151,185,159,-56,162,87,1336,731,460,378,33,-587,13073,280,2438,105,303,741,213,151,66,151,1050,-51,638,-110,-123,136,1125,113,-23,-56,-77,41,177,1096,164,718,146,180,306,1529,15730,9378,239,-103,-18,290,136,56,924,121,-182,79,139,-30,187,121,-169,844,-92,303,-10,365,515,141,139,216,641,383,484,412,-28,842,167,41,275,417,437,543,87,121,14059,21274,16307,9251,9978,27974,4215,301,1727,275,-311,829,187,218,947,144,110,-553,-301,25,-43,-7,-61,623,128,249,-118,481,10,141,-10,412,187,61,316,360,144,-265,-33,-25,-54,-144,460,-5,-193,195,159,-718,417,216,-69,66,1269,-74,43,-59,363,296,471,-517,115,224,-393,-126,18,154,623,25,164,242,1254,126,180,123,-100,-95,404,51,-74,74,177,100,1181,260,66,-82,-33,-151,731,123,144,334,553,167,-558,61,1369,430,290,-72,-133,496,157,422,303,118,193,-113,-46,710,486,-229,862,54,-103,-151,28,69,239,520,28,38,919,151,28,72,267,149,365,533,375,-133,262,-154,121,10,540,1977,623,1035,-257,-43,242,-84,-56,123,105,-203,496,-231,90,133,654,54,309,718,5451,146,-121,108,-195,-92,-69,-90,118,48,7,708,355,51,-28,329,265,105,-79,2,388,123,48,-226,-247,708,-61,-180,-36,25,-221,-244,319,-7,56,739,92,360,491,-502,64,-30,136,597,-195,481,-28,185,-139,4372,190,195,206,515,103,468,-224,33,208,450,-82,1964,342,2083,18,131,146,669,30,136,-59,103,-69,33,406,-136,-15,481,159,327,435,20,690,-51,-20,350,365,2832,175,64,77,20,77,-36,200,311,218,175,-260,61,-23,435,-169,1148,-82,-412,296,-172,239,79,563,164,-520,-646,15,494,824,162,-149,293,-226,198,69,352,110,128,762,-211,69,54,54,288,-33,721,476,54,193,-705,473,-290,296,200,-28,136,110,-30,391,-314,-319,74,-48,-224,612,280,309,945,1104,432,499,167,54,911,139,236,664,-28,177,-5,159,224,66,206,-36,-97,-224,769,1642,615,190,231,-18,177,216,51,1297,342,-679,-30,74,1707,-69,-123,-15,484,1037,303,319,-133,-244,79,-592,-123,113,157,553,113,-23,316,520,896,226,30,131,-829,-538,1246,-12,226,285,38,-234,298,648,36,679,46,-293,826,172,278,2065,218,-20,-84,-368,30,84,-2,36,-427,311,-15,-352,-144,-254,-25,630,800,927,193,-303,1331,581,5,525,123,298,-20,285,38,136,-56,342,409,10,-2,324,-61,2,92,1114,-79,388,1084,-141,108,177,-100,167,270,185,3991,231,5,-185,5,-77,502,270,1854,139,950,-100,450,51,2227,-82,260,651,167,527,2423,172,-149,661,927,-92,30,97,12,-296,-20,51,182,329,334,357,151,651,283,515,-790,463,-18,1130,-664,285,-18,610,818,177,437,1117,569,-224,131,10,5,-332,1423,-229,123,517,355,334,-46,-290,79,30,509,72,543,260,-15,736,41,363,1032,401,33,211,7413,54,1179,-159,481,131,973,-79,790,-162,-236,973,164,-56,852,187,-61,396,321,126,396,-218,154,167,945,-12,121,1138,100,-18,4568,278,793,1205,793,18,406,2829,18,272,672,496,-90,515,172,211,97,983,-25,-767,1354,1006,-59,0,110,187,651,509,594,-115,272,919,-110,-136,139,592,-870,-193,-30,-10,-10,1400,-15,1096,-293,-61,146,-12,25,-190,535,265,177,1045,103,-7,272,82,265,283,157,25,151,12,-64,79,236,1223,968,2057,347,1439,254,-54,100,128,144,-7,164,-115,432,-309,1207,177,345,-30,139,162,1380,79,18,628,-10,43,66,108,690,-74,378,59,7,18,278,-18,409,-18,146,986,10021,-41,579,-115,23,244,-66,82,272,375,700,-100,324,342,128,1254,36,229,30,30,28,59,-18,587,342,-41,-10,311,288,-878,-54,491,28,72,-288,-154,-231,144,77,-79,-350,558,169,311,-74,187,157,-12,440,-66,87,28,-159,36,-87,224,2484,-298,154,90,84,172,432,373,-883,1331,-262,-244,-15,1114,-381,234,123,-59,-54,-337,-378,-7,-41,72,641,-54,56,386,66,1776,769,2175,-66,-77,584,46,-303,54,2,69,-28,-15,2,190,870,-7,103,-23,-72,48,2170,-59,1068,115,293,-79,61,409,509,754,-84,496,365,-12,-236,345,587,123,95,-10,239,-28,133,-211,-157,890,496,831,651,-914,18,-7,131,468,968,56,151,-20,198,445,74,139,818,-77,105,242,103,236,-61,270,-190,149,-51,955,12,30,731,636,41,1055,-10,115,149,1104,229,-30,118,18,334,128,275,463,-97,30,108,839,-56,391,-103,723,957,249,-334,1550,-187,986,144,427,-139,-126,159,592,-301,10,200,-468,54,72,272,435,1300,84,224,502,314,1318,1339,-221,301,2273,-36,-46,-59,-33,-306,-208,466,234,56,15,396,-54,151,154,1506,-185,-1333,-100,-54,18,74,-375,1364,463,74,23,543,-5,460,190,306,1413,1478,133,239,182,-56,252,260,301,141,-332,-10,-79,43,-103,852,-15,30,247,741,234,656,82,903,72,-597,-133,221,8837,702,1256,56,-393,-100,-41,2078,231,445,-290,463,535,146,710,180,175,602,435,-620,-51,113,-118,-136,-46,36,-118,193,347,-64,203,-357,141,-51,-10,834,661,638,66,236,442,187,-5,-18,-12,298,494,393,-242,-18,15,216,-275,275,396,-72,128,131,0,911,175,136,206,28,293,-33,74,-46,193,-79,77,288,455,288,-280,-162,69,28,198,-473,718,587,-350,-82,736,-5,218,-82,180,236,0,460,-77,51,381,448,1035,350,195,767,373,651,-43,471,200,427,298,51,187,1722,-46,20,-478,2,-1022,72,221,345,-169,-46,-74,-25,-643,-558,648,226,1207,234,144,-360,151,87,-244,-607,404,95,-162,56,-41,1447,-118,113,355,499,-169,77,72,46,236,-131,167,314,182,633,775,187,2,-597,533,1122,216,172,262,-133,-79,782,618,-87,244,-216,226,473,141,139,38,-38,-115,1696,84,1194,-25,386,1619,878,1133,72,12,533,157,270,-556,-56,172,-82,84,167,-151,18,424,648,-314,543,100,43,414,167,1163,87,373,278,2227,-72,378,149,556,-139,404,12,41,38,-489,-36,2314,82,229,30,169,187,72,-224,113,283,509,213,517,33,103,234,381,-105,-87,430,-128,-33,1884,911,61,172,466,5,164,-496,1223,507,1390,-646,337,2353,288,-365,4668,41,-92,100,-20,283,172,311,231,-56,51,332,110,180,211,-87,139,350,100,133,-28,1122,5,1465,-630,121,-61,182,-51,247,20417,82,272,-185,-350,38,213,327,865,185,332,2317,-23,1539,131,25,-229,556,95,386,-97,172,-103,576,520,4089,-370,25404,18,502,-95,123,-139,535,945,672,2358,-123,-103,200,15,-20,79,139,206,342,-231,702,12,-59,239,-602,1102,-126,28,200,56,7,1776,-872,190,77,2,25,-157,-54,97,-51,203,-82,159,-18,-103,25,254,21205,43,157,136,625,576,852,20,368,620,-311,103,512,-110,-445,-131,64,56,-167,128,103,561,2,393,5188,211,249,56,1001,-1434,-12,-10,556,641,-33,386,983,190,545,-1202,1166,296,2603,-84,1864,-221,272,347,298,254,3108,448,-339,-33,211,754,412,-87,478,494,-64,2366,-30,-396,95,-30,3558,875,59,-164,82,2199,486,146,615,1060,182,-504,-92,1135,7,460,239,16268,-2,206,29046,2003,-64,1663,159,169,525,1941,187,659,249,396,144,-515,28,-48,79,-28,1102,151,-203,30459,538,-82,803,368,-113,36,28,272,-1004,-36,10923,1609,-167,118,100,10,177,-72,66,-290,-229,-131,-84,-440,-56,-103,200,203,242,-33,203,182,494,-121,373,805,187,146,-113,430,1436,-301,6313,414,84,18,3607,146,270,77,854,-236,-28,10310,260,-15,1223,56,133,-82,780,594,128,-123,605,-146,33,950,0,43,-51,872,324,702,450,-30,28,-82,1400,327,24508,2356,20,-290,95,141,15710,357,945,139,15,1274,1709,95,599,-206,455,51,-28,17082,4727,69,-10,18,198,805,669,417,888,-182,8435,-115,-2,-84,334,-115,-33,383,10410,56,-430,-23,25,-164,1539,-54,177,61,648,311,136,231,-169,100,206,-30,-59,314,-450,-164,584,345,25,2394,3298,726,836,110,342,265,290,4493,661,412,118,7,311,-159,-249,399,-48,33,193,594,-224,182,90,293,813,746,128,679,12,543,1581,793,795,391,9560,1223,-46,46,169,391,298,74,-59,615,59,221,22348,221,262,-100,33,-69,-15,399,978,533,20,-38,993,90,126,468,203,574,69,23,-12,8149,262,77,33,-43,25,-327,213,538,-66,97,-28,146,525,466,736,1967,-69,357,-200,-82,-90,144,144,23,337,424,862,584,710,558,59,195,306,23,216,805,414,33,12,-48,267,221,23288,-280,-1076,-54,383,66,182,151,-141,6339,-216,2,38,30,1725,92,839,427,417,218,787,43,242,234,-84,-437,2425,247,20636,8752,5,1060,2477,224,710,-41,525,527,1861,342,226,1076,-285,-110,1599,270,-15,406,38,-103,674,-12,-2,494,144,-180,2502,162,849,84,1042,177,218,30,306,149,327,-18,-463,-252,486,133,1171,19994,-270,136,30,-113,811,149,878,834,360,123,244,74,303,247,798,1143,1228,3483,373,121,-128,110,553,1022,409,-100,2,285,-172,391,437,103,1120,-365,-38,569,1493,131,61,79,2,54,-23,677,-594,288,-303,463,496,-97,-128,18,-43,486,502,1854,180,981,1514,-23,151,203,195,-128,-316,169,450,164,48,82,316,185,393,-28,5366,-159,-84,393,-151,12,368,275,-74,293,-105,-84,2258,386,193,25,-61,-5,110,30,-48,103,11693,507,1084,172,69,242,1254,-249,110,515,571,-180,36,502,-15,388,-100,144,1297,1344,849,-363,211,20,121,327,599,1161,26329,782,4271,221,414,507,363,378,208,118,-159,-396,-231,105,-30,1199,-33,-33,154,-64,23,-193,110,-41,33,780,383,162,14813,128,798,1769,12,-72,139,-108,319,-154,54,260,1094,-118,368,1009,180,306,-123,458,203,28,-113,172,-234,-131,169,533,74,20,285,33,448,-705,-10,172,-185,-20,5,-105,95,-247,-167,473,417,110,-290,25,18,664,782,247,666,77,164,-187,-38,-103,659,697,749,28,1398,-5,-82,46,-15,54,-206,339,5,-355,64,203,587,-128,-375,128,324,105,-187,-90,290,2500,378,-334,-92,-115,484,226,986,108,502,54,674,654,-357,46,95,20,56,213,-59,324,56,162,298,-56,-175,187,1254,254,1181,-72,1341,-51,381,2047,275,-43,283,540,293,0,169,231,-77,216,296,108,254,105,-154,-113,-20,-280,41,108,-270,180,983,594,363,466,-345,311,185,-115,-329,610,468,5,-347,15,-702,-10,-46,-41,48,-41,10014,247,952,54,198,-87,180,162,-113,329,628,1251,-28,584,342,-48,177,-100,5,-23,1339,285,43,-7,272,914,327,970,842,-141,870,-18,-144,97,435,-46,-72,-1102,-56,15,285,1004,190,126,15,329,157,262,620,226,-5,-66,108,25,561,216,793,803,-216,141,159,-1835,520,587,239,793,540,-136,-270,-115,319,-72,695,108,244,-18,-303,272,324,1926,383,154,628,-739,206,77,-95,-113,798,195,46,1248,1797,-141,38,159,4405,965,28,141,-296,-105,499,33,-28,-82,105,18,103,-401,-20,198,216,10,-82,157,-108,-90,159,347,-476,388,-2,509,54,1058,-23,406,198,33,172,110,-82,337,-275,638,154,267,-30,272,1617,218,-298,533,973,61,164,149,-20,146,-229,64,1287,-229,-72,-553,-46,113,267,-46,-87,113,77,118,-141,-30,-157,103,18,1217,324,332,12,64,90,-5,20,121,30,97,-30,-113,504,213,-118,61,563,265,69,-254,12,793,-283,692,914,-484,-5,-254,-800,244,48,-100,69,309,46,471,262,38,898,-110,280,-154,370,-226,82,56,15,224,35344,1503,-566,244,329,66,-448,422,293,218,-283,-162,339,-607,-172,-229,133,927,-33,180,56,18,646,-198,172,993,36,5,128,906,2173,648,-162,381,-25,100,159,267,6064,733,-20,-373,100,23,9306,1205,54,14167,149,-18,-314,-82,-92,108,46,350,1359,231,-2,520,687,100,726,-74,1686,169,-520,103,252,-41,370,321,471,12,249,-110,172,159,-337,90,4462,198,1264,1174,-12,105,41,23,105,-56,522,128,386,692,131,149,270,-1133,633,-115,113,296,-92,126,-5,234,108,154,-424,234,3919,872,64,319,61,33,908,-72,445,-249,-157,829,20,-278,157,1066,206,728,808,321,-56,72,641,5054,355,69,476,41,-728,77,-51,30475,126,1511,311,-242,316,-15,59,-51,-20,-218,61,-79,0,-69,-177,-28,151,187,-417,-118,79,-620,90,79,-28,244,105,-1104,151,24125,-131,193,113,7,169,-56,121,22446,4797,-59,378,123,-409,2559,1465,-414,301,115,787,-121,157,-51,1985,118,746,175,10,-293,82,242,520,149,56,556,72,409,473,128,1627,-311,164,64,159,41,440,746,30,-51,607,-466,84,319,51,56,515,-229,46,18,149,59,427,182,337,-563,-587,2,54,-5,-36,-41,509,860,515,373,337,-28,105,324,13539,131,540,571,293,-365,558,288,-72,162,-46,108,1900,247,-167,-72,115,-445,-195,43,396,-72,154,146,705,23,-90,193,350,360,-20,466,327,162,103,345,-309,383,103,118,-123,365,-535,499,267,97,-677,-48,373,236,84,406,610,880,3406,36,18,-139,316,175,-218,61,-10,90,-257,38,-28,61,-5,262,-370,84,177,36,-28,239,504,762,25,375,-74,118,-108,-66,5,108,-110,43,30,283,350,43,298,275,236,12,234,386,15,893,672,175,553,303,190,-87,435,357,118,-115,154,59,-20,128,1055,-144,-61,484,131,203,159,115,-51,2644,-38,-144,-41,1158,466,56,-82,412,69,20,121,-48,149,919,121,381,265,-51,4804,602,139,-123,23,54,43,-97,95,-92,141,-455,525,744,739,5,100,123,211,283,7,218,504,412,72,955,90,-121,1078,242,677,-36,-48,61,623,100,-69,3375,293,-180,-151,-56,218,-105,25,126,-2,110,213,28,-409,2603,167,59,-636,-473,1377,24794,339,-110,54,-293,-15,54,-342,-131,-100,2011,239,46,265,1735,381,2263,12,383,-180,-136,-72,-2,136,1717,-18,530,-695,-23,121,100,-144,-79,424,504,293,785,-51,983,2,48,-1493,180,15,25,2178,56,159,-25,198,118,478,478,975,-151,11502,244,-33,164,793,234,54,365,290,321,-141,-43,-7,-36,-82,-146,419,1434,131,-146,-175,-41,-18,10,-12,-576,-167,61,118,123,23,1521,-265,28,149,329,-69,72,548,-41,370,-33,151,-357,672,267,-41,1421,23,-118,56,18,339,-82,-365,327,-51,61,-347,1975,-118,12,87,733,1089,20,-468,260,339,141,383,-5,854,128,347,1001,-636,672,82,-149,4990,347,293,133,355,-589,27990,151,1156,-48,285,69,136,95,15,780,115,-48,-95,190,352,77,1297,110,527,185,458,-74,25,218,244,-139,-79,-72,-226,216,-180,48,-157,-82,-12,430,316,-332,30,213,1998,131,290,324,164,118,182,18,360,-95,1568,198,-597,-162,-206,1143,2659,103,-329,-499,2273,-30,52692,38133,-316,216,-61,1910,10560,1243,90,-824,316,785,-221,36,-23,252,84,702,16662,16397,28,48,-185,84,185,527,15,283,198,-92,309,1892,731,-82,30,157,-592,-417,406,18,-267,-74,20,-15,-795,584,221,-563,345,43,-30,633,-278,103,-242,149,133,-15,-64,-164,128,-236,2075,-28,602,265,115,-90,213,618,-28,404,193,103,-115,-64,-136,159,-113,-48,121,-499,-92,95,708,463,3257,6095,1547,6895,-414,-79,187,293,48,7,805,-278,56,-252,10,314,551,-59,396,473,105,77,-64,-247,365,1848,-25,690,51,141,193,206,-293,149,5417,-54,-30,-339,404,-798,252,-149,329,-41,252,-46,249,-20,203,594,491,1019,370,561,272,239,162,69,-38,-126,-90,-2031,236,656,229,133,-15,-56,393,187,136,87,-404,30,558,1292,2031,1357,280,257,-321,195,-25,543,2,-77,563,314,921,458,128,180,41,-51,1282,265,347,193,121,131,306,579,5,1295,370,-28,247,221,-430,1519,319,623,290,95,-5,-123,641,-288,164,314,-914,965,208,-108,-77,247,486,9123,455,-324,13701,-270,-79,-36,-466,1269,1295,1060,-1957,1635,74,113,9774,2026,3154,247,556,-7,79,363,-234,-10,126,115,239,87,-144,-355,-7,187,2016,455,-74,478,357,-64,211,-646,-54,556,200,-92,-28,110,-270,74,280,360,329,-5,769,82,56,254,473,-718,473,-66,172,563,162,762,18,1380,682,149,525,-38,1920,1284,1967,33933,21815,126,200,118,-38,-121,-23,296,23,556,18,-95,46,221,206,491,594,-1011,458,-46,43,64,231,213,162,167,-221,77,15720,597,97,-25,422,-270,74,28,-195,298,355,-95,-715,154,1496,417,239,818,636,-167,-563,1537,216,929,213,123,-249,110,-1372,-296,115,105,1485,126,15,1297,-43,0,-69,175,30,262,36,-157,-54,226,986,133,159,432,329,249,43,226,793,-133,38,-30,46,-82,48,641,0,175,-151,30,144,172,664,157,999,-1107,-200,-33,-973,-2,43,1032,69,811,216,515,-159,-61,90,167,172,72,175,-23,87,7,-393,164,157,-265,672,527,932,-133,-190,442,347,20,221,450,388,126,710,553,-23,813,162,-38,574,339,383,-30,280,-154,139,139,-90,-198,-388,476,-23,309,-293,203,-77,252,-540,198,-2551,1985,399,-177,399,267,754,857,13129,95,20,543,-30,162,-224,-401,432,-502,48,3445,-177,8958,7,69,16351,33,190,56,-646,-5,507,-61,1207,-97,-435,370,115,422,-33,100,74,25,-193,-126,-484,-203,638,339,345,8358,64,-56,1449,-54,-7,1151,200,-61,991,453,-151,10,538,136,9264,2721,6718,-141,-190,-108,2,7,-12,1089,612,-28,2260,3527,149,1799,-164,-105,2119,121,126,-10,-280,803,-41,643,-450,-36,-584,787,-131,-381,59,64,-265,489,92,1138,1014,95,406,221,-558,-97,466,965,342,84,56,51,1874,1215,-169,-231,193,169,314,190,141,1336,355,975,-139,118,229,126,79,15,293,-679,-151,839,128,-72,-1354,-278,1297,56,-38,404,-334,115,298,136,92,92,733,1060,-97,-43,538,8785,-105,30,252,-126,-90,-360,651,3888,404,36,92,672,612,56,193,983,314,-121,687,12,293,1091,803,95,391,-15,285,79,-97,471,666,824,283,-818,5,-311,849,-23,200,-218,7,84,-23,702,0,105,146,-401,84,51,654,-399,445,702,12,257,-56,314,-20,602,-226,2163,-23,56,185,46,824,383,2,-146,72,-460,3198,25,36,399,-7,-20,355,355,82,108,128,1539,-208,702,185,115,383,239,-92,206,33,533,25,1050,-46,1019,612,1251,-38,-25,198,-164,-159,-59,28,-103,339,455,1351,721,950,445,190,1078,190,-203,236,-69,-533,231,-18,-2,306,159,146,126,708,522,339,437,-270,74,221,180,-56,242,-471,983,-10,11484,6414,-509,272,118,1048,-54,23800,54,2,10,15,149,-182,131,342,110,530,105,118,260,46,-280,-131,25,-185,10,10,90,1447,280,-515,-203,-30,339,-87,54,610,33,1140,383,-100,64,375,453,30,46,-56,-82,46,-298,162,105,399,-664,759,-283,872,432,311,-20,126,72,-59,342,-18,105,757,610,-172,702,1292,1063,180,-710,-43,-56,139,-244,-118,1568,64,401,146,-607,-59,-164,10,136,-929,252,290,476,-151,903,-244,-74,-257,123,61,193,623,-113,2,708,1514,373,427,126,-128,159,1300,105,-630,151,-460,314,13384,587,123,-182,77,272,-169,265,3975,229,334,618,1640,-162,-296,491,553,-272,476,-25,-82,646,254,97,296,-605,-23,-28,-23,-12,880,41,-530,-607,38,-90,672,499,3156,4472,59,177,780,195,3293,373,128,-231,-1859,198,-224,92,151,1318,95,146,491,25,-504,-594,48,-56,1851,-2,267,-177,110,533,-74,705,-25,512,10,-249,-175,584,-509,-200,-69,74,-162,33,139,38,-260,254,-2,-84,-252,95,-275,1460,-10,-543,-790,736,3257,-131,319,-41,659,775,128,558,2041,-180,-149,473,190,236,-38,363,373,-54,272,672,180,36,610,357,-571,172,-314,162,360,-64,2,74,2989,15,211,-46,-164,-1557,290,939,710,373,-2464,84,-200,95,424,157,7,-157,620,494,110,610,345,87,311,288,478,731,440,16879,1951,-878,10366,12,108,-2,64,1918,244,-1050,-1233,-46,211,-5,-594,3669,90,-1009,769,18,72,-252,4050,-208,-187,172,388,316,6908,1205,-244,2649,556,-334,968,4091,-61,-66,445,736,90,15295,-339,-1573,-4161,-13390,-945,-437,527,339,79,-43,164,-167,692,-69,1073,4923,3903,36,-30,66,103,3216,460,1745,30,-141,23,33,-368,1910,133,-5,1977,260,-2,-87,177,494,517,1094,167,5495,-182,324,133,-795,-218,-15,772,463,218,56,-121,218,-257,437,95,77,-113,56,-306,522,1344,960,445,412,10,-321,-59,-121,916,260,30,520,-48,84,0,-136,306,486,731,1297,1114,-476,-15,17522,79,74,72,105,43,242,-56,267,-515,154,5,-200,2384,2,97,-200,-285,939,-64,108,-7,-195,-229,-121,1534,18,25,-103,357,84,-267,-154,224,283,478,115,128,-41,252,-59,18,15,721,-7,159,133,442,-33,23,115,175,419,-167,51,56,517,72,-36,25,455,4292,15,7,28,-38,66,535,3893,41,502,-172,244,334,20,59,870,126,-20,-280,1331,1174,-352,-141,424,79,-64,-95,254,283,1488,-115,159,175,182,25,2,-301,262,115,172,180,61,46,131,-18,-69,1238,283,-303,-226,-373,592,72,545,620,141,108,87,25,154,2,100,1014,-38,231,4101,824,692,-43,795,-1856,996,-180,409,-51,20,33,133,-175,229,141,355,298,103,267,386,1681,757,123,424,103,957,-157,1176,867,-224,381,-5,605,3113,793,-265,311,1578,195,74,123,1622,159,-79,5667,285,252,2425,-95,-77,3919,4825,1030,-553,64,-25,592,-195,-25,-1199,-419,-82,399,126,1184,-641,507,283,-507,648,458,2284,339,509,54,368,345,1236,-64,-159,-424,167,18,231,7851,739,0,435,10,100,-298,48,-151,417,298,141,-30,-43,-100,-151,-51,314,-311,605,352,-1053,123,494,435,64,11757,15267,710,298,172,7179,7117,306,3002,-175,-23,821,18,303,108,10,309,553,84,226,679,-74,-419,1127,206,700,-61,381,-105,1068,412,-43,702,18
57,-137,-51,-82,178,-135,-320,-13,-11,112,-176,-3,-516,-373,-143,-37,251,-151,-184,38690,-102,104,-43,62,-76,68,-56,-3,-45,37,-47,-216,5,-707,-306,-294,-288,-33,316,-112,-261,-227,15277,20230,23591,15020,21282,16637,139,-11,94,78,929,623,740,7,161,294,-170,229,163,64,131,29,-53,64,82,1481,66,479,-748,-251,192,-397,-314,-11,-11,100,208,542,68,102,794,96,-13,45,341,167,1128,410,62,371,125,343,550,290,-84,-41,328,35,-37,76,-210,88,-5,-283,76,2350,548,-937,473,62,-41,157,294,-683,-155,96,-76,-31,-190,-21,-261,499,676,39,-359,23,-192,251,281,302,-13,112,-55,-21,461,47,564,725,406,-127,108,174,147,-21,308,102,748,15,-74,56,257,233,1395,534,60,328,-117,974,-180,371,233,931,318,-90,45,229,190,255,442,591,353,564,302,108,55,9,-33,35,220,630,68,-1,-88,-239,-55,-23,-80,-1043,-222,2285,27,55,-29,239,1684,186,123,11,349,595,247,119,64,-21,174,-72,864,796,493,-106,-290,47,-56,5110,-670,385,1008,-143,910,615,-135,17,1,102,17198,-243,972,404,-7,-35,41,326,345,226,-13,314,579,1493,196,2865,336,1507,3,104,-1,-106,121,253,367,76,233,723,1,406,-106,27,82,727,-47,1474,573,-385,70,167,110,-31,-605,-55,-86,-267,39,579,359,487,546,88,149,-475,25,-84,493,5102,31,23,-19,31,94,385,-39,14880,630,959,-47,929,636,198,290,245,284,-25,39,86,-33,29,-165,196,1521,108,-31,-172,544,-55,37,436,-78,60,55,92,110,534,974,933,735,326,90,389,544,39,23,666,609,422,108,100,249,23,196,1077,251,131,318,1554,-58,51,-33,754,113,-112,978,322,70,2950,125,161,141,1735,96,208,39,-76,632,516,1320,31,149,-72,1485,487,459,705,-324,202,159,676,723,200,595,772,226,190,-110,-165,1014,682,754,-796,318,-172,-47,9,3,94,53,-1,110,-47,78,953,446,347,332,253,153,206,178,454,-300,-53,82,742,552,0,-43,605,170,347,64,56,90,-9,7,190,206,-3,133,680,182,37,143,1540,214,-78,-296,68,290,381,450,292,129,776,-49,200,-3,253,174,86,-62,233,1181,520,17,744,271,-112,-542,359,-436,-37,251,96,60,888,1784,-58,53,-163,-58,-86,133,290,13,82,-86,157,-58,123,202,-86,245,204,229,347,190,418,208,200,-43,330,269,-29,153,45,-241,84,216,104,102,245,155,-371,-21,501,685,-489,530,334,60,1652,3,-416,55,298,19,-163,-17,583,332,35,420,178,526,283,135,-473,558,389,391,237,74,379,2678,31,424,391,601,117,326,141,-58,450,294,1603,994,227,-1,70,-383,-17,-23,-7,664,88,157,452,972,94,-102,349,-135,-47,56,10507,190,-37,151,446,21675,98,-501,336,53,-35,88,227,550,176,261,159,202,281,9,-473,687,31,1297,31,257,367,-19,227,106,68,84,-145,650,64,245,457,82,-49,157,62,25,646,300,334,188,-520,108,68,626,127,-49,-23,13,200,365,-43,145,-288,501,1267,190,-43,119,206,100,206,363,247,58,78,29,214,340,284,226,-271,756,104,540,64,-88,-186,257,35,389,471,149,113,-25,58,446,88,82,-125,7,-139,9,7,21,410,326,243,1145,650,813,-328,68,294,-41,174,159,1,764,501,233,375,25,15,172,174,-117,-25,-49,-133,-112,229,534,591,174,-55,-9,153,-29,277,383,47,-51,98,100,398,-286,-184,910,196,290,35,340,137,-64,819,-37,66,125,121,1,-31,151,5,605,172,341,-1704,214,80,-82,70,853,145,489,-92,159,155,94,163,72,257,9,402,35,3,123,88,8088,21,78,60,53,1865,-21,216,318,-385,-43,332,55,117,2010,-43,49,322,-332,64,90,123,758,-129,902,395,31,58,2073,172,56,23,222,666,3,713,-9,495,-19,0,11,-660,178,959,-139,204,9,55,827,296,-56,-180,3252,1183,141,-190,267,-247,397,1434,1548,153,328,45,-17,23,19352,298,13,874,552,941,135,328,-78,457,-516,-658,147,-9,-493,-343,-721,-292,265,-324,359,141,4369,849,355,15,3,499,625,170,159,15,-78,51,-143,263,442,-72,-157,157,-62,112,1763,51,-322,-9,123,237,-459,35,367,-155,-58,-163,-155,-340,84,55,251,-45,-377,-15,1043,231,286,328,735,21718,292,56,243,1531,-231,-13,-687,5705,-94,-340,-92,35,25,98,465,261,20726,233,141,98,180,249,-112,391,82,-277,20551,-279,-112,9,-80,1161,25427,-1,-463,-27,174,0,176,306,-562,1367,609,-55,11,-13,2403,119,434,349,21091,1081,-98,357,310,151,457,80,-112,212,56,19,6433,-72,-90,-153,-78,74,-1,204,-452,58,-226,112,82,-35,548,108,7,-330,332,536,39,-404,308,809,-202,19,23,227,110,345,283,170,481,145,-29,3,-294,78,43,349,292,139,-169,13,125,220,-58,119,-43,400,31,298,-157,-227,18644,-147,685,-153,263,-70,-210,-176,-123,-45,-58,-269,367,8508,106,202,-76,210,-233,31,180,90,-100,-3,-23,170,-70,-2297,17512,284,37,-208,4540,-37,102,135,12608,-391,316,249,267,60,-41,-1403,55,137,1,-149,192,-198,1102,294,-15,-7,102,-487,11,275,212,-135,102,-98,-86,-648,-9,430,1082,654,978,49,37,-159,47,49,1466,167,687,-3,6032,21,373,1088,569,-281,-17,125,9220,176,593,277,1330,49,92,3,4101,220,1322,119,432,19,137,180,-454,43,-129,27,227,-21,-336,-25,-196,-19,115,269,1818,224,-243,3272,172,273,180,424,371,336,-169,78,149,-23,231,550,125,1672,298,-33,318,43,7431,5037,-55,165,129,-37,-60,-123,43,-7,-78,0,21,1161,-13,882,-3,76,-127,-129,70,129,1468,29,265,888,-98,-98,7,84,5,137,-11,66,1540,-23,-31,141,141,290,-336,275,894,-60,3689,170,43,-112,320,112,70,-11,-88,277,-129,-1,499,-66,-145,-41,112,-200,-3,-167,-235,589,192,-481,119,7,39,55,-459,163,-21,314,-33,35,-212,117,-115,-90,-56,-326,241,729,-3,-672,-27,-74,37108,16411,-23,-84,-538,224,-92,51,123,-312,3,245,416,-9,-424,-104,78,1562,-304,251,165,-49,25,84,169,-29,206,455,-15,-3,161,847,82,15,149,345,2028,267,159,-39,-70,-129,-180,200,2018,-9,-3,-7,562,-43,-3,-58,-1,37,-33,959,-7,106,64,-45,752,-656,102,426,713,-41,528,9585,-74,2272,-147,206,1702,110,664,53,143,-182,196,198,-68,518,1138,-41,-29,-180,106,55,231,-155,271,149,-583,176,214,11,381,1560,235,198,414,-206,408,-55,-15,359,-76,265,58,237,2126,98,554,0,340,13,-229,-176,212,-1061,-98,725,400,33,650,1847,82,13,39,82,6621,7,19,137,86,493,422,1354,92,-19,249,542,196,7,-39,247,161,2763,12956,112,1138,1812,202,53,4086,43,60,-5,670,398,853,9,55,17,112,432,94,432,-72,112,-62,47,1096,47,-214,471,-35,190,3451,-68,35,1991,-53,-477,369,455,117,-106,68,66,-135,141,-526,-76,23,760,-387,444,408,1784,601,184,115,165,64,296,-1,66,176,-402,55,2952,104,-277,102,-66,-35,1,-544,-29,23,33,68,398,80,658,444,-167,192,100,149,296,-968,259,397,-9,29,-66,-51,-165,231,532,-21,13,267,25,-58,112,194,-72,334,265,361,-316,-70,-204,35,68,4491,33,0,66,170,39,39,182,58,-39,137,51,170,-108,80,-546,60,267,7,235,536,-169,56,-131,21,198,-64,-591,898,304,-55,587,-72,-1,243,377,62,27,141,737,-159,829,222,-7,60,224,84,-157,56,19,522,47,330,-176,438,611,82,253,-243,200,224,752,381,267,56,247,66,933,137,455,14128,-5,78,-112,-41,214,102,88,60,31,31,882,666,-9,149,-92,72,5,-60,102,231,17,589,216,43,90,277,19,-45,218,338,-86,-76,-66,306,62,31,78,-76,13,129,-39,121,-322,-27,-438,-58,13,169,55,70,-224,216,-735,0,131,-56,129,-25,76,53,29,265,516,239,1507,-55,82,-68,308,288,121,153,170,119,367,-165,-13,108,37,21,39,-3,-37,434,-78,241,29,898,186,153,715,283,387,139,0,-161,3,25,86,-21,141,377,-33,292,-113,-39,-369,-349,123,-613,35,-9,9,351,-119,92,-123,-227,182,90,-56,-5,560,14092,84,-74,5426,-23,-21,-27,-426,-1,913,151,51,55,151,56,-145,86,-129,-119,-15,241,25,180,571,-159,94,797,218,-112,43,1004,-149,-206,14462,251,-231,347,84,-159,-1,145,125,-155,286,43,129,-157,147,-41,13,92,526,-25,23,318,275,-49,434,746,719,-21,-33,-343,381,-226,-31,-239,35,-21,-577,149,444,1275,308,-64,371,469,-402,29,7,45,47,212,-106,-90,11,249,-66,-70,7419,74,26494,33254,20979,-13,31,-25,27,-243,318,866,8884,41,21,2515,9986,326,-233,182,-125,1224,843,-82,-39,169,86,589,265,-53,96,-273,-711,428,-76,5074,-157,155,300,12777,88,847,-35,-361,253,9,78,481,849,56,-137,17,-155,-135,153,1238,326,106,359,530,-41,666,607,123,300,-62,1880,233,92,180,149,827,308,249,-19,-552,8082,23,26829,672,133,25,188,25,454,76,308,55,-365,13,-147,41,45,1727,151,-15,64,125,119,-11,68,-41,-110,-47,322,74,11,-25,284,1594,261,-76,86,-642,102,98,53,422,-117,3168,192,-257,-45,94,-304,31,-92,-15,566,176,-72,-190,76,64,744,35,39,469,0,-74,597,-106,90,5,-82,253,60,273,139,141,84,-43,-98,147,37,35,336,408,304,581,-589,163,98,88,-3,1428,538,14192,945,-369,1116,395,51,53,-56,-375,170,-642,125,196,49,302,530,526,88,-113,6977,98,-92,186,890,290,748,-115,47,70,733,428,-88,1012,1462,45,31,233,7,-159,554,210,129,2344,23,45,430,636,143,275,294,108,100,115,45,-7,227,121,218,53,104,463,49,-135,385,-21,1163,367,172,-9,192,7,290,1161,0,170,190,-78,-78,398,172,27,-13,43,-70,-19,102,261,78,854,98,1147,243,58,-94,269,94,544,-90,186,548,-86,-27,560,-363,82,127,-53,-15,182,-3,-70,444,123,76,-214,102,147,-56,1147,733,-82,131,167,-13,365,-290,473,-104,115,53,56,900,314,654,261,257,220,-302,-31,-104,-281,-84,-131,385,141,33,212,9,-53,-167,-13,-222,56,-15,39,-119,106,-90,74,-29,-35,68,338,22579,3447,872,92,-23,88,-13,145,102,17,194,141,82,37,143,-66,121,-214,1662,416,-355,-37,1562,13,-153,141,-11,27,5971,-47,754,347,271,-129,108,854,-271,119,35,762,361,90,-76,84,196,-7,619,-719,1100,-64,110,33,544,-72,147,176,135,-21,-13,15,420,-180,33,340,43,-66,11897,-731,742,-106,92,174,170,432,-143,300,119,-481,47,340,39,-1,-308,-82,275,-39,145,56,597,-55,-35,113,556,518,3044,112,0,15,141,-224,-41,-66,94,112,945,33,424,-188,66,-25,3,70,13,-21,-440,123,-165,630,113,37,-247,125,188,113,801,-47,-27,294,13,-288,385,176,-163,161,-165,88,7,288,58,-45,119,13748,21,68,31,-165,430,292,-115,39,288,345,-133,-733,180,1279,255,304,39,182,237,-13,-15,485,100,619,18039,420,37,-139,206,37,556,-17,-121,426,275,64,-100,1061,446,-1,224,-15,-1141,-39,-202,-43,-135,345,-17,-62,-64,2270,-3,10120,55,6674,2364,29,167,70,94,-43,-245,377,184,1806,51,-3,13,432,2476,45,153,391,426,53,-461,-80,82,-227,86,86,216,-29,343,170,-347,642,-182,760,115,1033,-23,332,235,1405,184,200,-58,13,-324,322,-147,186,64,338,0,74,-25,560,249,379,129,196,2185,186,601,379,589,851,379,218,324,-153,123,377,-35,121,1912,491,-23,-19,452,145,82,-37,131,21,503,827,-159,-192,-70,-151,699,1255,611,-507,367,1069,-82,336,-98,-19,345,241,302,157,672,1816,115,3,90,-210,39,-70,94,28647,-493,1053,45,-25,-210,611,182,-257,161,540,544,98,56,-78,-151,404,463,418,-503,96,-206,139,102,662,418,170,345,-151,-88,640,151,-76,-11,31,284,229,-49,-19,-21,436,58,-1342,147,13,283,15,72,139,64,178,646,188,-5,-58,562,-55,202,31,45,683,764,72,43,-94,41,-72,94,-9,455,-80,33,267,169,-139,172,60,102,662,-25,3019,43,324,139,302,19,80,735,-174,64,25,1770,-119,7,41,-196,143,251,-220,1053,-17,-90,113,-55,224,-51,998,227,190,430,145,108,229,21,94,5,60,165,-49,10029,51,27,-284,-1,7,-33,-51,292,94,-341,80,275,115,-29,167,-25,86,-29,-53,88,-617,66,469,-53,1222,-21,-1,-224,9,35,239,-367,139,88,-290,66,-157,194,383,-1077,135,45,82,-39,365,296,292,-21,-186,-56,328,-218,-5,642,509,-178,-88,55,190,125,82,1259,-112,94,170,96,-55,-194,202,84,43,-410,56,121,66,2871,115,799,-263,397,161,-1,324,21,1867,174,-11,259,-255,430,249,-469,489,-17,184,29,599,13,35,275,-84,21,343,-371,-58,96,-68,-49,90,157,172,13,-80,129,66,-35,-135,503,-84,121,174,284,-106,609,-222,646,226,113,58,47,1,385,0,332,-98,43,178,862,19,296,119,37,-9,-357,294,306,1037,165,169,51,141,1008,165,715,-53,1088,64,-102,1120,-25,452,9,33,7,66,-208,176,308,94,-636,-169,184,198,-64,208,269,900,17,-21,56,229,25,29,-74,119,241,204,-37,218,235,9,243,257,39,194,404,-51,188,347,1350,499,161,334,-68,-650,15008,235,1130,39,121,644,131,104,90,90,589,-125,1141,56,-90,64,729,60,31,-43,92,377,261,921,29,237,298,98,190,1399,19354,12581,192,-66,94,176,-55,11,463,39,7,66,-1,-29,-56,-117,-184,267,-243,153,56,66,290,17,-96,49,548,214,90,229,45,324,86,55,68,318,560,558,47,82,16608,26056,22503,12510,17612,28083,4377,406,353,208,-387,514,147,121,674,3,115,-406,-125,21,-133,-39,-51,389,31,196,-78,312,84,62,-17,493,277,501,589,3,-108,64,-15,-76,-21,-108,163,19,174,-9,133,-190,306,141,-37,206,701,-17,131,-149,532,536,214,-509,64,286,-247,-3,88,243,414,37,143,239,426,76,29,19,64,-141,68,-19,-62,3,121,11,685,167,55,-96,-94,-94,569,113,62,308,340,288,-271,5,847,334,326,-49,-224,351,78,292,190,104,381,-43,0,444,198,-147,648,-25,25,161,-3,23,226,648,27,64,1436,51,53,-19,-25,-104,153,306,60,-106,208,-60,98,21,257,1729,477,1177,125,51,106,-66,-29,351,-31,-135,157,318,473,62,235,3,37,373,5998,131,49,45,509,-62,-7,137,167,62,-340,340,125,13,-387,210,96,82,-49,-88,210,72,-5,-243,-106,550,78,-104,182,-62,62,-115,-56,-23,-113,269,-45,398,286,-414,96,45,76,192,-35,601,-9,86,-1,2504,155,685,186,349,74,31,-233,43,11,1027,-151,658,86,1094,-123,74,528,524,-78,78,279,-37,39,155,115,-49,98,524,102,135,3,-15,247,-80,-147,204,322,1185,198,-23,-86,15,-21,-98,-3,269,108,157,3,153,72,479,-127,807,-104,-391,756,-5,322,84,273,121,701,-617,27,837,680,-62,5,259,-78,15,84,322,263,70,652,-188,68,104,-7,212,-98,86,326,55,78,-674,19,-322,-11,-84,33,186,47,33,178,-233,33,76,-170,-149,695,206,341,-13,609,436,477,220,-56,780,-15,188,294,-15,70,117,68,19,82,218,-82,139,-324,400,1419,336,-196,135,-129,23,176,-19,1338,251,-786,0,92,1112,-51,-60,-62,220,860,483,94,-106,-64,-9,-397,-45,-31,-1,227,-49,-60,170,467,172,210,-7,72,-367,-534,668,96,172,516,-29,39,241,332,-21,603,117,-74,691,245,253,2028,341,-25,-66,-229,9,243,106,-41,-253,233,23,-202,-96,-261,184,471,461,646,194,-229,740,263,1,204,68,231,39,76,7,-131,-39,571,709,157,25,235,-66,3,25,632,-96,143,369,-74,51,121,-84,39,90,455,2500,49,-3,400,17,17,1138,444,1039,51,243,-23,318,39,2091,56,41,123,1267,198,1259,180,-56,288,1987,-49,-53,-51,7,-21,0,229,261,412,233,72,275,418,127,253,-251,322,-137,799,-450,9,-56,355,257,161,196,666,298,-125,-9,-47,104,-662,748,-198,39,7,389,106,-70,-149,410,43,108,45,414,90,-66,387,113,-135,770,277,47,159,6157,-80,603,-37,182,21,721,-239,475,-186,-212,1497,159,17,265,49,-31,288,231,102,1,-78,102,47,3335,92,135,1283,51,11,2030,169,292,534,717,-41,1051,1155,78,88,210,292,-33,286,102,13,13,1116,-41,-683,695,746,-159,-37,125,-21,241,467,298,-117,139,465,-82,172,37,271,-381,-58,43,288,23,579,-25,375,-196,76,106,-21,155,-135,159,-98,43,662,31,92,-3,176,86,31,121,43,117,60,27,-45,139,874,668,1580,102,393,115,55,-192,21,29,9,369,5,499,-108,1108,-318,110,-15,157,133,1450,106,92,658,39,90,82,86,566,292,259,139,21,17,88,-127,359,53,96,707,10014,220,446,45,64,184,-86,25,84,200,1483,-131,56,194,-88,609,47,355,19,23,-7,13,-58,37,255,-23,-21,314,343,-459,39,296,-70,-9,-78,-292,-143,-5,-805,-49,-379,880,53,96,-74,78,169,-245,434,72,15,1,-15,21,-41,131,1369,-365,-7,23,298,-41,345,92,-630,774,-123,-338,-9,2794,88,176,-53,-31,-19,-172,3,-76,180,241,355,-37,96,127,21,760,436,1008,102,-104,379,90,-112,151,-7,-29,0,72,53,518,762,53,37,-74,-56,123,898,-174,1163,62,100,-23,141,251,440,532,-13,76,125,-53,-141,402,269,654,49,7,257,35,259,-47,-45,522,418,485,554,-514,108,9,86,1020,652,90,426,84,21,497,39,119,308,-92,1,17,149,585,9,102,-112,-27,-51,424,66,-90,864,281,-84,320,-41,143,68,845,15,-23,-11,17,186,102,174,277,-62,188,-13,601,39,361,-74,398,467,455,-139,703,-37,740,35,397,-43,-167,15,194,-100,-53,21,-104,19,-19,64,465,902,127,86,222,279,1829,1031,27,424,1039,92,-251,-94,53,-159,-51,190,21,-41,-35,308,-25,25,-51,856,-212,-660,121,60,-94,1,-312,815,167,53,-56,371,-9,220,375,88,328,636,96,-60,-64,-31,119,102,330,1,-194,302,125,326,19,941,-106,-19,104,206,-35,424,29,373,-41,-153,-123,174,8887,314,131,33,-218,-135,-33,1273,298,532,-184,312,314,115,994,72,3,161,155,-283,0,11,-104,-3,-5,49,35,84,306,-90,318,-255,7,-5,82,461,393,715,-11,306,497,45,-33,-17,-56,188,491,402,-186,200,11,55,-96,286,104,41,74,112,-1,683,-1,96,239,21,-43,35,84,78,249,-76,86,224,391,163,55,-88,102,306,281,-112,391,383,-165,-104,-332,15,-27,-78,-31,172,-31,385,-41,-37,581,94,511,-1,190,385,408,442,29,80,147,564,212,-104,155,801,-27,76,-322,-80,-589,15,-15,231,-41,100,110,-1,-229,-192,398,55,1124,135,153,-422,161,192,-457,-119,359,21,31,-15,-60,723,41,-98,226,281,-17,33,70,279,300,112,165,143,31,359,404,1,-1,-306,343,805,279,74,25,-129,47,371,371,25,-23,163,530,247,51,100,123,-49,-247,385,-35,697,-139,186,1120,595,428,98,-200,231,29,253,-212,-391,151,-3,-125,-17,-33,88,261,623,-9,283,0,-84,210,155,546,41,165,159,481,49,178,56,235,226,304,96,33,25,-267,172,2338,229,98,49,100,45,74,-343,19,-17,391,192,505,17,23,72,127,25,-119,283,-17,-7,2350,463,-98,39,170,-35,66,-141,646,607,436,0,163,2061,373,-294,3929,135,62,271,112,548,82,247,82,-108,237,273,-155,141,375,-90,-11,51,-35,23,1,316,80,2356,-416,1075,41,198,33,-15,1780,39,112,-112,-273,19,-9,104,455,167,318,2199,-5,520,-45,-15,-157,192,-15,180,-41,-55,-60,283,233,603,-253,29806,-62,381,-78,21,406,343,58,7671,1601,0,-102,68,17,3,96,365,163,149,29,373,-84,-47,145,-361,1191,-347,-249,-151,-9,53,432,-676,119,-5,-88,82,-41,357,-49,39,275,39,113,-82,-1,-9,410,21215,35,51,98,233,320,503,62,214,123,-121,-3,446,-113,-143,428,-11,64,-68,68,202,613,-33,198,11417,53,29,-45,450,-776,-94,23,84,357,19,302,933,66,19,-459,886,247,1649,-66,1939,45,198,-110,326,397,2794,463,-153,-76,90,931,202,-15,377,-43,113,731,27,-86,153,33,2563,764,-70,-25,76,2338,200,27,552,656,231,-1029,-7,1566,-121,404,147,22151,15,184,25270,917,-125,976,-23,21,76,1780,11,721,432,259,-5,-473,326,-37,19,-25,8964,41,-163,32977,619,-45,819,340,121,308,-72,70,-373,-159,15814,438,17,74,17,-11,-21,-55,292,-277,-131,-7,-49,-239,-35,247,167,56,102,593,-66,13,1385,-102,455,251,39,473,-155,112,1110,-269,4905,493,255,19,6340,159,247,768,121,-306,-192,9984,178,-159,-422,163,62,-182,522,733,66,-23,237,-202,259,253,-9,-72,-43,465,170,454,363,39,43,62,854,11967,27623,4282,-3,-176,-21,-43,14637,226,1293,147,15,711,3296,-90,320,96,141,169,-45,22630,9912,51,-23,37,208,654,650,273,530,-110,7199,-151,-108,-104,206,-92,19,194,312,25,-324,-25,94,-68,-60,-115,237,86,469,379,151,7,90,56,66,-17,117,125,-349,131,939,823,-19,1379,2867,790,949,-55,0,76,37,8968,495,398,165,-108,290,-125,-121,355,68,131,770,646,-23,-27,1079,267,772,414,-17,1346,184,2547,709,110,353,1077,14536,241,-64,-33,55,286,495,-43,121,839,145,64,19399,37,237,21,5,43,17,261,314,239,62,-49,355,-29,45,133,387,2219,-214,-253,-49,16449,178,112,15,49,-11,-119,115,583,-5,84,-29,49,316,169,-27,377,112,373,72,-224,23,129,322,552,141,367,381,391,353,58,145,-45,94,23,55,108,226,-1,-328,-49,119,55,25793,-229,-827,-56,237,400,235,1354,-334,1478,-312,55,31,-5,992,84,457,56,273,163,544,25,216,143,-31,-414,322,123,28603,9237,-5,906,2637,283,849,1737,-1,216,3209,298,165,682,-947,-473,84,192,-204,330,269,-60,514,121,56,402,23,-153,2028,202,937,149,2051,33,279,13,78,62,324,184,-371,-206,418,5,340,29079,-113,23,64,39,434,188,1495,330,115,131,121,60,229,247,1081,595,375,1875,310,121,-41,110,312,788,253,68,-121,-86,-66,279,676,-43,1200,-76,-17,149,2130,66,62,-3,-96,31,-45,306,-328,235,-70,465,237,27,-55,3,70,361,222,701,414,566,375,58,-15,86,3,-60,-265,509,1739,-137,-11,35,74,110,475,-70,5648,-84,-176,448,0,-49,188,27,-198,363,-49,-139,1654,55,47,47,-17,792,224,-151,45,43,14035,153,253,-133,216,-108,454,-204,102,224,35,332,80,275,17,255,11,135,864,913,318,-56,253,110,159,257,1208,799,26111,782,6185,112,222,155,318,357,19,31,-568,-129,-131,35,-3,1755,82,184,163,0,25,-66,281,70,39,363,243,0,-35,55,13,1778,-25,56,121,-41,229,-88,76,204,687,-27,90,845,165,204,-182,220,88,100,23,379,-129,-106,102,322,100,-13,90,-55,-13,-416,3,286,-96,45,60,-78,39,-351,9,420,355,62,-391,19,-90,471,371,192,338,-13,0,-72,-84,-100,133,428,-7,-1,888,64,66,-23,25,62,397,245,-13,-186,-27,-29,705,-222,-202,165,56,62,47,3,216,3484,220,60,27,-245,414,106,784,84,320,-60,336,332,170,-53,-123,-39,-23,455,45,341,-15,125,115,-155,11,58,1224,108,571,-100,682,-9,493,1033,119,-53,265,357,157,119,131,135,-51,212,180,58,255,13,459,-229,-62,-385,-31,112,-190,-66,379,190,-412,102,-277,-1,182,-129,-17,438,367,86,-88,0,-611,-43,108,55,-229,-115,8078,-169,678,29,62,-43,-66,2287,-375,121,37,650,-64,345,159,-25,176,-3,72,-27,1763,503,169,53,49,947,320,222,312,-145,442,-51,-3,37,235,-37,51,-512,-31,-86,229,1191,165,104,-41,381,-5,208,597,308,39,66,7,-39,764,100,267,650,-666,129,129,-1283,153,25,499,381,196,-115,-176,-108,338,66,540,112,318,-41,-332,139,454,1531,47,110,507,-461,-92,-108,-127,13,536,-11,72,1273,2596,-153,-58,1,6932,1297,23,-41,-206,-176,1387,546,17,-430,37,-15,88,-127,9,2812,139,108,-60,-129,-104,-49,98,58,-511,60,7,373,1,1065,80,192,159,-33,-80,617,-62,165,-263,290,78,-33,-37,581,658,-41,-192,479,398,-17,74,92,-25,96,-218,29,568,-375,-11,-579,-64,117,290,-37,-15,37,-200,292,-64,-314,-62,137,31,929,117,19,-74,43,-3,-80,53,0,-84,11,-31,1,463,180,-45,51,165,170,-39,-318,74,554,-365,395,381,-176,-47,-125,-332,318,127,-96,145,135,100,58,102,23,731,-169,139,-170,31,-27,198,-66,39,180,28550,1012,-133,479,-64,90,-125,408,182,96,64,-60,231,-86,-218,11,414,758,-58,273,-102,-47,255,-351,25,564,-41,27,39,699,809,343,-19,123,3,72,131,53,8009,169,-206,-349,-5,-5,14926,801,80,21009,334,133,-155,-7,-66,21,-25,402,1517,-39,53,204,365,-23,263,29,1136,137,-53,151,58,-163,334,184,235,7,133,-139,74,204,-294,365,2724,90,858,-3,51,-21,-37,-106,43,-66,180,-29,422,917,45,56,176,-1607,192,33,102,338,27,92,17,172,7,47,-308,121,2574,668,55,-56,-43,-64,864,-214,536,-155,-66,512,92,-102,176,809,275,518,277,281,-80,5,302,1271,180,-169,112,139,-507,23,-55,20183,-163,813,332,-603,235,-224,29,288,-9,-92,-49,-58,17,-96,-110,-135,31,43,-283,-19,25,-389,-11,-27,25,-147,27,-501,62,2167,-113,88,56,88,96,182,131,19259,2388,141,98,269,-375,1535,815,862,200,-3,420,157,121,41,487,15,654,-55,17,-23,-100,302,516,385,113,184,49,204,257,-41,884,-167,-3,110,-1,15,239,361,-72,-41,455,60,990,161,60,76,947,-172,43,0,49,45,528,106,328,-74,-336,82,-27,19,60,-55,-29,721,632,172,106,-56,72,233,10446,23,310,536,255,-198,469,170,1,375,29,21,1444,292,13,-39,70,-249,-66,15,163,25,119,74,454,-78,23,27,-133,249,23,245,188,123,29,457,-343,226,64,74,25,-17,-214,180,214,9,-481,3,-7,129,-235,174,448,746,3793,90,-49,-186,245,127,72,275,88,200,33,186,74,25,-167,-96,-233,72,170,-43,-84,-37,143,483,60,31,-84,0,-100,-198,-19,68,-92,62,56,176,495,68,33,3,37,49,123,151,-27,406,703,-27,3,51,64,108,125,161,84,-64,23,49,13,119,548,-60,-66,53,76,153,84,121,198,817,5,-64,245,389,365,-72,-62,218,45,58,66,-39,-27,849,139,269,92,51,4414,245,39,-19,-1,82,56,88,-21,-33,9,-727,438,2101,621,147,-106,45,98,98,135,357,440,161,33,713,161,-19,589,424,424,-35,-5,53,568,31,-21,2083,180,-110,-96,-19,-41,165,-41,-70,-33,135,-7,29,-389,1582,70,-33,-88,-530,1405,9267,88,-192,25,-145,27,-108,-145,-145,-96,1283,131,-23,66,1134,312,965,-55,320,-436,-31,-98,-23,66,1356,-19,222,-636,-3,96,281,-190,108,47,438,347,744,-251,611,-53,-7,-1391,247,-62,7,715,-165,497,135,176,157,395,174,630,-47,13046,487,-74,64,432,139,143,249,-174,121,1,7,37,3,-11,-68,184,2169,74,68,-3,-5,-13,-332,60,-487,-82,64,84,112,19,534,15,17,9,121,-169,0,169,-113,-273,23,76,-49,452,192,-1,921,-49,-17,290,25,208,-110,-206,58,-56,-102,-284,1741,-9,-137,5,546,475,-15,-249,208,214,55,202,-1,416,133,320,1483,-363,1827,-51,-19,2901,23,49,139,367,-442,9788,84,597,353,-106,104,115,196,139,273,167,47,27,257,259,37,884,306,1122,349,245,-113,19,129,467,-123,131,-115,-165,216,1,153,23,21,-186,1153,170,341,-371,113,-11,117,90,243,-37,300,13,-35,241,-68,974,-86,-190,-55,-161,1196,1747,336,-174,-310,1527,55,2545,3115,-214,253,-7,862,3982,1208,-56,-511,151,375,-80,192,11,273,56,843,18361,19525,47,100,-155,45,94,334,-51,170,133,78,204,819,330,-200,-80,98,-375,-406,129,-74,-304,-19,-151,-98,-589,676,-5,82,-1,-72,3,552,-172,112,60,214,37,-137,0,-131,62,-652,2295,58,395,170,23,-82,-112,784,-198,290,106,-82,-13,-253,400,-82,-62,-55,-227,-351,-115,-33,471,371,1788,5072,1332,4939,-461,-33,139,108,29,9,579,-176,41,-145,467,176,1100,37,200,371,72,163,5,-121,-5,955,33,172,37,198,78,11,-84,265,5161,9,58,589,328,-642,172,-306,200,-25,149,-104,29,-7,47,229,5,564,953,259,159,96,163,-41,-31,62,25,-1538,267,471,157,106,53,277,212,70,60,-210,-446,-78,284,1118,1405,976,174,106,-341,23,-56,312,17,-29,843,153,782,263,167,90,316,-90,735,241,302,96,304,-33,267,450,-25,1065,194,35,212,131,-298,634,139,172,-7,-55,51,-190,186,-167,51,68,-497,575,23,-76,-296,188,487,15036,284,-198,9835,-55,53,-21,-155,5658,10562,575,-1189,1971,31,94,6146,1450,2423,66,1533,19,-273,53,-53,133,149,180,25,-56,-406,-328,-47,970,3101,157,-55,298,53,-110,5,-436,-9,320,88,-151,-82,-31,-312,-13,324,308,204,-100,4518,29,11,284,-80,-676,247,100,88,941,66,304,-92,1535,554,-5,90,-23,1595,1346,1320,30030,23857,7,153,43,-121,-7,212,758,-62,227,80,-106,157,49,25,231,64,-735,78,78,-58,33,143,82,229,170,82,340,21258,237,72,165,174,78,334,-21,11,367,74,-229,-589,-104,485,2458,35,450,424,-133,-320,847,-9,-288,241,80,-180,149,-1018,-202,102,74,3492,-39,41,967,-21,-15,-58,0,-56,210,-55,-33,-51,143,935,-19,55,145,188,60,76,290,866,-172,157,-11,100,-49,-5,725,9,167,133,11,82,-17,483,13,455,-900,-204,-19,-1006,-9,-13,866,29,625,167,153,-84,-43,288,117,-55,55,-56,-72,47,68,-165,112,157,141,286,357,697,-137,-53,646,972,-45,-7,198,188,104,524,-127,15,573,-106,-27,200,106,275,13,92,-157,0,-216,-41,-286,-229,371,-15,23,-436,-13,3,96,-676,121,-1912,1027,357,237,66,-33,226,493,2466,340,108,707,64,267,70,-281,746,-277,-115,11462,-206,9251,-35,-3,12565,3313,7,-220,-279,-11,442,76,839,-113,-239,204,239,275,-1,88,-58,127,-88,-157,-805,-186,546,271,188,11995,0,82,811,29,-66,2450,-220,-60,14957,13436,-35,-35,271,37,11903,463,4009,-25,-70,-47,92,-53,45,1629,361,-21,1051,277,15,837,-15,-121,3001,56,-19,-21,-310,634,82,349,-13,-55,-314,656,119,-25,104,9,-13,298,157,676,611,-66,361,1157,-383,-170,416,941,170,90,88,74,3646,1301,-53,9,53,108,245,21,31,428,265,204,-90,-80,239,104,-25,-45,21,263,-115,1071,110,3,-974,-58,805,117,-76,210,-379,35,-113,94,108,86,322,870,-259,-56,955,12659,-43,-131,25,13,113,-123,304,-80,176,76,53,288,1428,113,5,334,80,227,332,-58,-37,678,416,39,39,-119,84,-11,11,9927,501,239,165,-566,-3,-296,904,-84,-39,-143,-39,-37,-62,461,149,137,58,-273,76,-33,721,-286,330,1035,383,60,43,623,-49,404,37,1079,656,-72,94,68,479,84,-23,-212,133,-102,2246,86,-55,446,-62,-31,363,251,469,-55,121,446,-119,361,-25,-45,192,47,43,188,-29,340,247,3893,-43,941,286,1275,-3,64,-41,-106,60,39,1169,-3,495,978,1564,638,277,404,-13,102,41,-133,170,-45,-430,100,-37,19,113,-47,194,404,569,202,208,326,153,49,170,151,58,112,-343,693,55,13461,5745,-255,141,21,340,226,21661,66,-178,-25,78,-76,-133,19,117,104,351,265,43,231,0,-58,33,47,5,-39,51,-17,906,56,-139,-74,-133,190,-17,615,334,-39,1079,92,-3,98,163,102,-7,23,-106,43,56,-599,96,33,226,-623,343,-796,247,131,188,-72,-11,-153,-149,194,45,15,316,312,-27,438,676,381,-186,-536,-94,0,94,-208,-92,1310,9,442,200,90,80,-76,169,78,-489,56,284,192,-117,573,-511,-13,-322,7,-3,312,330,-102,-11,725,817,251,147,64,-31,-41,336,70,-306,96,-147,110,20101,202,41,-37,33,43,-72,39,1989,115,241,682,568,-27,-19,397,312,-302,133,-1,-58,102,226,49,131,253,-11,94,-25,-23,748,68,-7,-304,11,74,554,210,5241,3182,60,186,454,-23,3007,243,-55,247,-925,80,113,298,137,864,-68,400,-45,-115,-512,-397,27,153,1393,-15,127,78,176,-373,-106,1014,-29,363,-60,-371,-259,489,-229,3,-84,64,-137,29,92,-39,182,247,15,-117,227,29,-23,605,49,-408,-626,180,1731,-100,290,-465,632,509,314,860,941,-212,-56,322,178,184,41,389,60,13,196,349,86,-13,548,56,-408,56,66,-165,-123,-41,-82,-43,149,-135,108,-125,-80,-1000,0,1075,1299,351,-1806,9,5,-1,198,55,-1,-68,487,170,112,487,281,-11,-21,139,145,740,355,13878,1649,-463,3704,-72,19,0,68,1739,15,-735,-1566,-418,-367,-308,-475,-233,-1,-841,192,98,-178,-269,3732,-9,-56,51,102,104,2447,546,-123,-110,202,-125,78,3952,-92,-153,361,2158,-13,16797,-113,-2222,-3093,-11067,-1124,-113,153,534,135,-300,-5,-127,312,98,1786,345,2791,51,163,29,-72,1458,188,3111,-47,86,-37,-37,-397,2048,157,-9,2114,147,-121,-31,145,21,180,1112,55,2806,-229,-94,-33,-420,-84,15,566,353,184,145,13,135,68,125,31,110,-149,-25,-227,214,632,499,155,251,-66,-298,-269,-169,856,108,102,377,-45,39,135,29,233,298,395,196,632,-206,-27,21111,17,15,-7,80,64,355,-27,265,-212,110,86,-82,1403,56,-100,-27,0,516,-53,3,86,-104,-119,15,149,-31,-29,-74,112,113,-88,-222,31,104,365,259,357,13,180,-19,-53,-64,428,3,100,153,554,-29,542,-9,29,161,-135,-7,60,308,19,39,-39,1578,440,17,505,-58,1,-39,288,14617,27,237,-70,133,206,-113,-98,-351,-29,19,-129,689,980,-210,-58,115,53,-13,37,300,163,721,-21,102,-11,11,-90,-43,-216,489,-1,1,72,149,-11,76,-163,5,750,1507,-100,-214,-607,227,336,165,-100,192,169,-64,86,17,-3,-33,1012,23,-11,2274,408,485,-25,721,-1537,426,-112,45,-74,-39,-208,45,86,145,-113,64,395,167,51,953,735,404,-7,186,80,186,-121,573,737,-96,216,51,432,1169,493,-159,3860,2981,-70,-137,80,511,-51,-182,2519,66,176,3872,117,-51,2370,2623,1159,-632,53,27,247,-129,-39,-410,-379,-39,190,131,300,-94,438,-1,-263,-151,617,1369,326,135,13,520,385,550,599,31,-133,84,-7,119,1153,585,-84,617,143,275,-31,70,88,202,72,49,68,-45,80,-15,-62,461,-338,402,188,-597,80,145,302,265,15490,23151,972,145,45,4186,3789,381,1118,-123,15,509,-13,153,37,33,147,188,137,186,196,-115,-1415,398,133,430,31,261,-58,507,64,-11,198,-33
58,-157,-370,-77,340,-438,-364,-216,-210,-86,253,-188,-238,-531,-188,176,142,-108,-231,58203,-111,61,43,-71,-250,6,71,-80,-52,-34,102,-423,157,-448,-204,-216,49,216,574,-173,-513,-454,12320,14969,16230,27633,43858,41768,225,-49,491,77,982,1233,1190,83,-120,0,-268,340,1106,185,859,68,-98,46,98,1947,544,918,-1115,-850,30,-327,24,-244,-98,296,98,1424,-111,-92,1251,-102,-15,-24,568,27,3601,429,40,318,114,451,748,241,-74,-55,383,108,-83,173,-231,151,318,-377,160,3066,819,-1332,578,-64,-24,123,-574,-1081,-52,111,-210,9,-485,117,-61,605,1514,27,-241,219,-343,318,108,389,-633,-117,-27,68,247,139,1118,1378,825,-80,241,123,123,43,275,120,1047,-55,-253,250,191,522,2058,386,-621,877,-442,528,-299,2967,275,219,126,148,-64,608,275,438,306,726,179,395,-9,0,306,166,-179,170,293,1168,-120,-64,0,-160,3,24,58,-1508,-197,2763,98,52,-194,74,1050,253,80,114,238,448,327,154,265,-77,-43,-68,2086,639,306,49,-463,55,-188,5659,-726,590,995,-454,553,482,-148,278,3,-108,11959,-587,139,312,55,-80,148,423,463,213,-77,-247,1032,1517,238,2460,-83,1338,40,64,961,-9,253,268,646,340,831,797,-105,673,-111,46,123,843,71,1585,1242,-723,2395,64,-74,80,-1122,15,-241,-327,-6,522,853,772,667,-9,-61,-720,-37,-86,401,8052,-43,12,120,253,129,615,185,11520,1193,1832,12,1326,899,312,655,547,469,395,-6,275,522,522,-213,-6,1904,278,392,-231,1845,-89,43,664,64,197,68,49,0,327,1344,1156,1088,460,120,1078,1159,191,-80,868,485,213,268,488,126,-364,612,1322,605,290,386,896,-148,213,98,1326,108,-367,1140,513,34,1437,111,522,312,1307,95,126,12,58,1211,720,1486,55,309,80,1771,207,899,222,-166,37,-61,921,735,-299,1496,516,355,389,0,-398,1118,349,1044,-680,408,-247,-136,136,3,170,-241,-61,132,157,179,1508,853,840,256,321,166,61,-37,272,-278,-256,262,701,565,-145,30,553,534,12,293,18,139,-89,55,352,383,148,74,1483,176,-37,216,2299,182,-231,-639,-315,213,720,380,142,-151,1239,-225,197,-52,117,-231,346,-222,151,995,982,207,664,1156,-222,-760,578,-324,-686,37,151,241,803,2055,-95,170,-27,18,358,213,290,-64,102,-77,309,-293,123,132,-120,241,454,414,491,105,80,43,429,-176,262,15,-6,179,207,-565,244,89,139,15,590,612,-330,-247,791,534,488,1004,488,-111,1131,516,-658,349,256,312,-476,-68,1032,741,-21,1007,234,590,129,136,-853,1560,262,383,256,241,698,2070,204,1177,605,723,179,238,200,98,262,312,3406,998,445,27,80,-902,111,-3,24,1171,612,238,1387,1715,83,27,111,61,234,-170,10707,231,-68,374,358,18848,-34,-1004,463,-578,-58,287,417,884,228,256,355,466,290,-68,-519,896,-55,2043,74,102,216,-324,438,204,126,30,-231,210,-3,1078,265,225,-123,114,-46,197,278,52,754,272,-1295,312,40,1301,401,327,210,64,485,2135,-9,68,-58,701,2856,488,-154,-519,68,241,148,2067,571,0,74,-61,102,438,-624,299,-182,729,86,723,95,-173,-228,173,68,553,383,395,370,12,95,395,176,-86,-37,-197,89,166,15,-170,494,574,676,1808,1662,995,-822,58,497,-265,120,346,-58,1307,176,377,698,-68,-55,247,204,-176,-281,-166,-170,-513,843,834,986,602,-145,120,469,-148,-216,259,395,46,30,166,306,-423,-163,581,265,880,-74,899,689,-74,528,-253,-30,281,9,191,105,361,179,1857,244,318,-2237,296,136,-18,-6,1292,114,488,-179,197,-132,191,216,596,343,52,482,-3,108,58,-12,6101,114,-108,225,194,1468,-34,89,531,-485,3,544,86,160,1483,-451,136,485,-1091,114,213,-55,1109,-343,1140,401,281,92,1984,173,74,117,525,995,61,1295,-117,1041,-296,157,-77,105,268,2905,-197,179,34,163,1013,321,77,-333,1761,3230,346,-166,720,-86,1696,2469,1295,275,581,-420,-281,655,11535,318,77,1622,423,2608,383,680,71,840,-982,-2970,522,-253,-1511,-321,-741,-476,-27,-358,200,30,4327,1307,723,117,-265,1217,1020,-426,238,-61,-18,559,6,43,1050,-278,-241,442,-98,52,2815,24,-244,95,-411,265,-1356,64,859,30,9,-253,-92,-664,-30,15,757,-95,-445,-231,2689,370,299,565,717,17442,497,145,142,2349,-256,120,-862,3369,49,-197,-27,-18,-37,364,992,414,16870,179,139,30,170,386,-306,698,166,-556,8997,-132,-262,145,-6,2435,16611,-55,-1149,142,52,-74,200,673,-630,3316,933,265,157,278,3758,185,942,222,15779,1514,210,204,578,6,948,-95,-336,454,-34,-123,5013,-349,-584,111,117,-49,846,537,-593,-95,-92,219,142,-225,-259,-15,-262,-506,775,1115,-68,-1171,766,2330,-18,-556,-86,358,37,426,333,222,893,-132,-170,-95,-83,86,-37,565,-3,312,-238,-358,472,778,-77,-306,-123,887,-74,278,-213,-336,9449,74,1480,-52,485,-89,-482,-247,3,12,-287,-503,846,6107,-21,340,-105,451,-204,361,293,64,185,-86,1347,241,-364,-732,14200,299,197,-61,2961,-55,287,173,10246,-714,346,411,126,40,-358,-1264,800,-358,494,21,578,-309,612,1118,-148,129,160,-550,-55,166,346,-52,-12,18,-18,-772,49,729,2145,1530,1440,383,296,-299,680,302,2469,420,834,176,8574,-80,862,1523,658,-250,-145,-24,6188,717,958,272,2083,123,-68,139,3764,367,4519,312,673,-123,102,299,-136,21,-200,68,278,-176,-364,680,-315,-21,537,2219,1817,435,-587,4043,-204,170,358,1384,312,34,578,-197,123,12,188,908,74,2247,429,-18,12,117,4157,488,43,61,-599,0,-225,-401,58,-185,-18,0,151,1610,34,1928,-18,179,-77,83,788,120,791,126,698,4349,71,9,204,272,52,445,-71,-58,1270,-321,-213,466,346,417,-306,605,272,-92,2040,102,-37,-74,466,163,102,-27,-55,1879,-83,250,621,129,448,-46,27,-466,89,179,-52,445,599,-1876,55,179,58,98,-806,318,15,296,-890,-151,-445,-18,-200,293,-46,-327,627,395,-9,-1582,-92,463,39663,9421,9,-528,-714,472,-77,3,142,-151,-726,83,324,15,-355,-142,-225,2664,-126,176,293,21,80,-24,160,-49,893,1533,-77,34,139,939,448,-108,83,374,3118,293,126,-200,-364,-64,64,52,2111,238,-30,-21,1072,-132,-998,-370,247,-34,-92,757,-145,145,12,-117,1264,-429,-74,105,794,129,1764,6926,30,324,-46,179,2809,148,1041,9,389,-64,21,330,-102,500,12,-30,64,-80,30,494,578,714,333,-154,-1162,1007,250,43,296,2475,315,707,272,-247,275,18,-15,479,-272,268,213,278,3690,111,522,-30,145,95,58,-395,142,-1780,9,1431,831,367,751,1211,21,330,-278,136,2707,-117,139,157,-3,500,513,1851,163,-210,707,392,154,680,-71,559,228,2061,9514,117,1870,-361,673,83,3916,-6,228,24,531,401,593,-34,-194,157,163,417,154,571,231,15,244,77,4367,293,-27,723,102,262,2599,-374,-225,1288,21,-364,389,871,383,-95,-12,12,-210,296,-1190,142,142,2095,-540,-136,426,3879,2342,148,204,-1517,204,148,83,129,275,-383,-89,3604,142,-457,216,77,-37,77,-1177,148,-68,6,-6,231,228,1078,846,204,315,318,-61,392,-2469,707,757,-46,145,-488,3,-559,834,998,-250,-102,197,-46,-9,129,123,129,296,581,278,-547,-105,-639,293,253,766,185,-46,287,179,-12,-216,207,95,34,92,-27,442,-151,126,-775,83,173,228,404,1091,46,-37,30,21,9,262,-748,973,531,0,871,71,43,61,408,77,55,392,859,-324,2828,151,247,74,340,-204,83,1205,-108,602,-216,667,21,686,608,132,6,-466,98,343,853,408,136,-346,-30,-68,1428,-197,732,11671,68,40,250,-126,40,-145,-92,123,-166,120,877,816,37,105,-108,312,182,-160,61,451,-123,-170,309,-3,349,259,92,352,244,219,34,-358,-111,306,68,154,268,420,-120,95,95,336,-710,-472,-1097,43,247,253,129,-105,-398,445,-862,173,268,132,-336,-244,108,-176,194,454,460,896,1353,102,105,-364,525,528,132,531,49,262,488,-105,-74,281,21,37,-123,-40,222,778,-98,179,34,2546,68,234,1069,812,772,432,142,-74,-30,-238,49,231,43,624,-89,460,3,204,-1381,-717,355,-46,238,-21,86,726,-98,216,-262,-995,49,210,-95,0,1220,19612,132,-315,6475,-105,-200,417,-989,-21,302,210,80,581,12,9,-1496,414,-340,-6,296,531,182,340,741,293,404,778,327,-154,1792,1845,-129,-377,13773,302,-667,451,132,108,225,256,83,-30,649,-296,695,-377,64,-244,1149,-30,200,15,77,1496,343,457,1366,680,831,21,24,-822,942,-98,120,18,247,321,-1072,324,1020,4587,438,-191,1029,-253,-296,12,-55,-64,74,173,15,-68,-58,290,-426,-120,19374,621,20069,27451,14948,-61,-191,74,-49,-479,519,442,7742,40,-166,1968,14230,352,-556,414,-123,2169,970,-163,86,129,247,476,438,111,707,-497,-1341,590,-188,5928,-531,179,404,15124,-30,494,-179,-312,646,265,123,670,-126,123,3,438,-268,-157,605,738,309,-40,1010,309,-98,349,599,117,312,-318,222,142,123,194,272,646,1152,262,139,-259,4383,197,16512,1462,234,-24,-744,-599,386,163,822,244,-581,262,-420,256,392,1177,250,61,108,108,132,-191,-194,145,-618,-92,358,0,-182,-43,352,6290,89,123,343,-658,-92,188,-9,865,-108,14193,293,-268,-123,43,-352,111,-794,-24,961,-287,-225,-228,398,83,846,-151,170,293,160,-179,321,-86,256,-117,-302,766,145,340,-18,68,-9,-364,250,151,-30,80,584,219,367,3313,-760,176,151,37,-37,1530,982,8868,862,-797,1013,46,77,256,-9,-735,30,-1224,531,911,64,658,1607,958,83,-154,5832,182,108,108,2021,374,457,-411,43,46,1072,2528,-142,-40,1292,871,24,1146,-228,-228,732,503,200,3545,105,200,726,578,565,21,256,188,225,238,-163,126,200,151,77,695,-46,544,262,34,692,61,2293,457,438,126,581,259,262,741,293,-49,1366,-129,-145,676,537,-18,61,-114,98,68,77,426,238,4039,108,1656,466,-197,-111,479,142,1356,-222,309,664,-21,111,599,-163,256,120,-231,160,210,-142,-194,287,318,618,-445,9,318,-139,1783,729,-191,630,1369,380,-95,-231,454,-231,698,272,-24,1826,843,686,132,370,633,-893,160,-250,-454,-157,-77,451,105,-105,695,247,231,-680,-111,-216,-30,-52,98,-537,37,117,-27,15,-64,-204,296,16518,2605,1350,102,-83,120,-157,-272,15,3,-61,516,287,77,-139,95,210,503,1489,877,-1075,-222,3149,126,-336,9,-89,262,3913,-136,1267,370,58,-18,534,636,-340,386,-55,738,1171,117,129,83,27,-86,466,-624,936,-123,284,86,531,-228,469,318,102,-46,312,-92,766,-293,-37,624,210,21,9050,-1217,556,-472,77,321,58,531,0,355,163,-680,-27,843,34,-173,-1261,-309,377,-330,-40,-15,395,52,222,179,488,3857,5134,238,-136,55,111,-253,-102,-49,166,265,374,281,296,-238,34,12,61,241,256,24,-485,-12,-404,2166,216,58,-828,74,330,278,553,-281,185,840,0,-429,1091,-129,-166,435,80,-157,-24,126,-43,-89,-46,9405,-207,942,225,-562,797,476,250,105,587,377,-68,-2055,370,4039,414,231,225,522,200,-74,111,581,15,729,13421,646,-200,-272,231,74,964,61,-95,426,132,89,-234,463,479,18,661,-166,-1471,-163,-392,-247,27,472,-123,-194,-129,2973,-204,5903,151,7551,2797,21,194,-21,142,-306,-302,469,503,2265,117,-80,40,1075,933,30,312,812,-667,77,-1322,-207,148,-287,293,321,222,74,114,757,151,1764,1721,621,340,1273,24,454,358,1412,95,309,-6,-537,-293,738,-129,231,-43,-111,-200,451,-219,958,15390,-166,340,129,160,200,200,398,442,751,692,735,333,-386,145,1230,86,312,1236,714,108,179,939,123,921,-37,-148,256,615,1190,170,-352,0,-173,-173,531,837,-222,395,778,-129,160,-578,-262,253,584,1013,435,1233,3072,451,234,222,485,83,-108,-49,2571,-599,803,170,18,-636,871,880,-207,61,627,760,157,302,-225,-111,46,302,791,-939,340,-587,426,-37,701,778,238,748,0,-157,673,34,-123,40,210,658,442,83,-40,-126,1307,182,-2040,-27,52,98,253,21,-293,24,139,1020,102,-61,-389,-333,-24,330,18,-12,1047,476,173,-34,-250,-442,-136,472,64,482,-151,111,624,340,-157,315,89,105,1601,-15,3780,642,157,95,627,-27,49,633,-361,46,-21,918,-318,-163,21,-238,30,40,-460,1038,40,-111,420,117,275,-30,785,537,374,92,40,522,163,129,346,89,-3,364,-151,6367,265,259,-395,225,550,-120,-105,472,170,-714,306,327,89,-77,136,27,-89,-253,-21,126,-534,-315,1038,-68,1749,-46,200,-482,129,92,602,-636,151,15,-389,-513,-145,179,630,-766,-77,231,219,608,432,340,268,145,-472,-207,374,-321,21,333,850,-160,-250,361,157,160,30,636,-775,370,-191,-160,86,-315,302,-259,284,-655,185,321,275,2500,40,1063,-204,982,358,-24,0,86,1307,213,200,890,-590,565,105,-522,491,-238,302,64,1026,-80,-142,312,-268,61,315,-423,-281,49,27,-71,-61,333,74,-129,-408,312,46,-61,-154,556,-145,216,698,590,-228,553,0,1817,1156,64,40,163,-166,55,34,219,-3,58,-58,1406,136,284,562,-287,43,-825,568,408,571,170,290,-77,268,1591,126,1088,-18,1075,74,-55,1091,157,-108,-92,-6,170,-86,-680,259,142,40,-1356,290,268,268,64,306,216,1001,-268,-9,71,333,139,-151,52,163,281,210,-86,250,200,-49,98,154,1084,71,-179,-126,197,1375,1007,927,374,877,98,-905,9269,204,1594,-136,278,714,126,12,145,83,1372,-105,1591,-151,-374,34,1063,89,160,-142,-200,-83,355,1598,120,649,-46,30,819,3363,9075,6636,71,-30,-296,287,225,37,2083,68,-92,111,139,163,123,213,61,751,-15,491,200,228,531,58,9,287,605,361,176,228,24,513,136,123,278,179,1054,714,105,438,13074,22626,11173,5464,9334,23058,1978,204,2673,117,-503,757,170,315,411,302,-37,-608,-173,389,-105,-80,-278,707,466,197,-95,646,-18,21,-37,661,105,540,-244,71,-37,-485,-160,37,102,43,367,-34,-136,139,256,-129,627,170,-166,83,976,-281,-61,-120,469,-15,228,-451,210,197,-111,98,148,204,426,-3,265,182,482,163,-49,278,-179,-37,191,92,-142,-46,108,-92,1186,185,68,-377,-37,-204,914,207,108,454,760,364,-145,132,1013,238,500,-151,-244,531,15,268,-49,108,463,-6,-83,562,287,-429,154,-52,-58,-445,194,120,197,1106,0,86,1050,114,179,34,136,-364,442,287,111,-34,234,-58,-241,83,216,2747,763,1165,-197,259,272,102,-157,55,92,-256,241,6,123,188,587,24,-27,942,4089,98,-52,-92,513,-24,21,166,139,352,-482,442,-9,123,-627,105,-142,74,120,98,327,114,-89,299,-312,1013,6,-52,98,228,-132,-58,268,142,-21,411,315,485,692,-958,-12,-34,139,210,71,438,-49,-52,-151,4948,259,785,200,995,231,896,-262,-86,139,1288,-163,856,12,683,-145,238,460,667,145,77,18,-346,-111,95,553,-58,108,769,207,142,58,83,658,92,-194,34,361,568,278,0,-52,12,3,37,3,370,401,132,-330,525,197,349,58,534,-9,-6,596,-188,9,58,340,64,18,-782,-129,500,488,-9,-321,438,-411,154,-18,126,-37,-154,803,-361,151,-92,49,380,-142,593,775,-15,185,-710,463,-377,185,-290,18,71,225,176,816,-466,3,64,-15,-182,884,185,414,9,1038,111,1220,170,80,850,80,420,590,123,173,136,197,-145,200,315,-6,-98,-417,355,1907,485,-49,-290,-157,247,225,-61,556,200,-893,154,185,1471,-21,-129,-6,327,1146,401,547,-18,-151,-145,-581,27,-166,139,312,108,154,-148,550,537,788,9,148,-701,-704,522,238,71,136,-27,71,120,816,-74,411,27,612,834,321,132,2936,182,-6,-37,-704,-392,117,49,210,-290,278,43,-163,-163,-77,-664,423,757,930,228,-247,386,448,89,330,160,374,-43,9,204,321,-290,553,550,265,46,392,148,160,272,714,-219,275,1264,-55,-58,129,-225,-55,791,482,3922,-222,1350,1282,163,-170,862,760,1434,46,1134,-231,318,157,843,-12,306,173,1480,367,1693,250,-166,1026,1369,-68,49,105,3,-374,117,-15,219,451,423,98,-111,676,-80,519,-544,262,-92,568,-1047,61,-194,250,522,401,160,1313,624,-479,-30,-182,108,-896,1431,-126,3,500,333,404,-265,-92,-170,-80,420,219,469,268,-30,497,64,98,967,571,80,355,7007,-74,1245,-52,389,-55,2392,-343,1755,-231,-231,1032,324,52,602,80,9,204,259,151,225,-414,24,12,986,170,34,2157,213,-55,3214,476,744,967,1183,-442,562,1044,-117,287,324,191,27,680,58,200,117,5925,228,-1041,584,1211,-408,6,340,-34,791,411,358,-472,432,571,105,-18,30,726,-574,-89,-166,-173,-129,676,-15,182,-154,0,309,-148,200,-309,392,760,-18,791,244,-68,114,74,445,330,58,-80,364,139,-213,-86,204,1264,819,1301,244,1140,40,-49,-275,-52,259,-40,395,-272,383,-207,1888,-92,-3,27,80,18,1727,386,142,782,92,-185,-77,55,893,-163,231,105,-37,83,683,-222,105,-6,275,822,4738,457,506,306,163,374,-185,34,392,15,290,64,61,306,61,633,37,788,-6,49,275,123,188,448,525,-123,-30,299,472,-806,-24,98,-49,-52,-457,905,-321,-18,-1177,-27,-401,358,21,327,-148,210,126,-139,809,86,166,207,-46,142,-61,194,2414,-191,519,126,213,-43,238,253,-1870,1057,-151,6,111,1156,-340,358,-49,-46,-43,-476,-482,-154,-40,142,534,-204,-15,-343,12,602,800,1687,179,-132,547,-18,-392,6,24,488,-52,-3,-92,268,1616,-58,46,-105,-46,179,1542,-71,1016,182,497,24,89,191,537,803,-21,528,185,3,-370,748,61,-43,34,27,-9,30,528,-154,225,905,510,720,763,-973,238,0,-77,547,488,86,370,61,114,324,-148,154,627,-256,61,-185,83,528,-157,346,-367,-225,83,568,-37,-105,744,568,74,547,-58,18,120,655,126,58,-24,-24,244,284,268,420,-58,343,77,1659,52,426,-234,633,1403,451,398,1428,-290,782,117,639,-80,68,58,463,-395,46,-40,108,136,-145,268,364,1403,438,6,-182,506,1406,1570,-194,114,1798,290,-40,34,244,-309,-64,278,15,21,-6,197,-68,-34,43,850,102,-887,111,154,9,129,-77,1632,-126,132,-438,284,9,361,469,111,862,1109,-64,154,207,-80,40,151,247,43,-448,253,200,-126,0,1146,27,80,173,244,-231,525,-318,250,-154,-361,-154,166,4234,608,618,126,-225,374,-111,3066,213,448,-318,803,423,296,735,136,241,642,46,-704,-34,129,-268,-9,77,24,-52,460,265,27,9,-1332,24,281,43,587,618,918,102,469,763,37,-111,-163,46,207,355,327,-346,145,21,18,-207,136,503,-12,120,15,-37,1539,-55,68,231,-89,-58,40,-21,136,231,-132,160,336,630,435,-77,-166,-34,170,83,-686,34,578,-683,-40,398,55,-83,-105,0,182,86,720,-194,157,1230,284,1217,58,170,664,333,850,105,200,207,497,630,129,340,1836,-86,74,-343,-105,-908,129,46,-27,-89,86,340,-58,-497,343,309,281,2228,256,191,-646,244,-9,-516,-485,377,-182,-163,154,15,1236,49,6,398,689,0,-120,207,466,330,-170,259,71,151,658,661,370,253,-744,364,1072,64,132,18,-247,-24,661,584,18,-95,43,442,639,98,-92,64,-71,-278,782,52,982,-210,343,2191,918,729,-6,-327,380,142,250,-197,-559,299,-142,21,68,-213,-272,315,948,-321,568,114,-27,340,197,1115,123,219,74,1616,-163,-77,111,216,-244,414,77,52,126,-686,197,2154,136,386,108,-80,145,114,-151,34,-92,241,234,377,-117,228,213,111,-40,-89,-6,9,24,1360,426,64,157,-40,207,21,-438,989,874,2324,-12,102,1307,253,-748,2488,49,163,-58,-49,-34,179,383,210,108,-194,160,-568,105,210,-30,98,618,-15,30,49,1081,-55,2290,-664,3907,-15,173,126,154,24629,83,-61,-37,-834,37,24,191,438,-154,457,1938,-98,871,126,182,-256,370,179,952,-46,275,204,680,204,6182,-2398,20351,151,327,80,272,1322,612,488,615,3495,386,-238,117,27,349,247,630,411,485,-176,383,71,-92,136,-157,2290,-343,-74,71,0,86,562,-476,52,-83,74,52,-377,553,-37,123,129,160,61,-27,68,176,701,14472,105,120,179,1220,633,228,105,358,108,-194,24,151,-43,-142,525,176,92,-34,213,272,1122,-287,667,8011,268,-200,-92,664,-1400,-129,30,466,77,-114,559,581,179,-77,2500,1873,361,1097,-114,1041,-185,432,312,330,1582,5693,540,278,-27,-182,1251,1016,-71,460,386,77,352,9,-234,395,-114,1712,389,-136,98,55,2788,244,43,553,615,395,-426,-83,1152,-46,374,34,11640,-80,182,20542,1007,46,1233,24,139,197,1397,-160,1672,510,343,182,-2308,618,21,114,-340,3653,272,-182,24128,748,114,831,247,290,-98,0,194,-664,117,3820,998,-52,163,12,-114,-46,-188,160,-550,-157,-6,15,-636,9,-46,534,290,392,1307,-58,374,1131,-349,513,435,188,123,-3,-89,1131,-380,4642,540,68,83,3699,463,-43,1023,-46,-506,-401,4778,185,-136,-859,-55,71,-83,744,874,213,-176,574,-253,262,568,74,-6,95,513,185,191,1103,71,-46,173,1248,806,12206,646,74,-584,-352,58,8271,182,1415,284,27,673,2367,92,627,9,414,327,-302,18706,9687,64,-129,0,296,933,723,43,618,-231,4376,-80,-182,-43,408,-95,61,302,1190,43,-491,-3,-15,-151,-655,-126,321,95,420,995,-46,-126,-374,-3,-27,-219,120,173,-584,-145,772,281,129,2423,2274,1292,760,-27,265,-247,117,3542,408,71,89,-24,624,315,-9,587,89,34,707,250,-64,185,615,265,408,970,163,1931,-9,3239,1675,12,794,1335,9606,2794,-132,86,129,476,95,34,40,417,401,86,13532,160,-43,-27,52,-142,102,148,234,89,-349,-3,887,-83,160,265,760,1564,-417,-126,89,6651,182,-49,-142,-34,24,34,-55,386,86,132,-52,49,234,336,74,794,401,364,-197,-182,-30,6,290,593,340,596,1149,646,568,528,-46,-49,188,120,114,188,3,24,-74,6,173,68,12261,-170,1789,49,553,34,250,1344,-710,1202,15,83,216,34,6361,262,942,120,204,309,355,213,-170,80,-166,-574,469,111,19071,5545,163,1103,3514,364,1094,1134,840,633,1897,426,117,1183,-553,-163,658,346,89,401,9,-173,899,126,123,98,204,-389,2185,525,2346,231,2747,-188,349,89,222,333,213,114,-482,-565,460,188,649,11529,-98,173,3,-157,346,148,1415,105,330,506,-18,27,241,160,1174,1335,880,2052,-89,244,-58,200,571,488,423,0,6,296,123,321,955,108,1023,-166,0,250,1360,182,151,52,6,-18,-89,732,18,531,-244,800,346,-43,34,-262,92,553,287,1023,34,1057,500,157,-24,64,179,-281,-633,800,1004,952,15,123,182,528,182,-318,5344,-210,-238,290,160,15,197,114,-185,534,-411,-58,2086,398,-3,68,-61,1829,290,571,132,163,11415,757,1418,-234,386,281,170,-129,179,24,-120,268,92,414,55,290,64,-624,1403,1137,216,-704,210,247,367,151,491,1582,28910,1109,3786,120,652,333,417,389,188,61,-621,-157,-136,-83,34,1186,219,185,151,-30,-68,-256,132,89,-3,856,157,-336,194,-64,188,2339,43,-58,179,18,278,15,30,256,982,-15,550,964,207,497,-132,494,142,151,-83,216,-497,-154,253,367,64,142,173,102,-6,-618,-68,318,12,-27,-330,-253,105,-429,27,-27,-18,71,-367,-49,-262,683,642,519,188,12,80,-290,-55,-37,615,766,482,58,868,160,-253,-312,6,207,139,179,-80,-188,12,49,896,-503,-510,241,-83,228,9,-299,265,3097,151,194,-43,-216,364,117,973,374,451,-58,528,673,-438,43,395,-398,343,327,111,349,136,117,160,-111,-46,0,633,145,979,108,1220,-61,346,921,166,-228,173,293,333,-52,250,571,-166,302,642,3,389,204,-256,-234,-24,-785,-74,71,-219,34,593,278,-86,136,-534,197,253,-15,-355,785,-80,114,-179,136,-1248,160,3,-52,58,-123,12982,302,695,12,102,46,185,2871,-228,442,157,1156,-120,327,361,-43,120,-173,417,278,757,939,40,-3,216,1375,522,803,553,-98,970,-108,49,18,380,225,182,-1047,-34,194,179,661,98,200,-52,488,68,469,1211,355,3,-71,185,37,726,166,565,958,-457,234,111,-516,231,673,408,1115,123,-55,-336,-293,457,98,476,228,367,-80,-605,510,519,1907,540,-12,578,-757,-43,-170,74,117,680,170,250,1288,1400,-145,-43,111,23494,2002,-188,-40,-296,-228,976,1591,194,154,105,-52,95,-525,120,1604,194,95,-278,182,-68,-191,-414,491,-652,293,-18,482,37,1925,6,516,522,9,61,738,-108,173,-463,287,191,302,-136,216,1761,71,-333,-98,803,34,-132,95,222,27,-346,52,1344,-281,-64,-132,43,423,587,-43,30,145,-482,479,-182,-488,-578,-12,-30,782,392,37,160,166,15,-34,18,61,89,117,-58,-34,698,163,-207,-123,590,312,40,-46,102,757,-253,862,822,-438,-207,-111,-726,333,284,43,364,299,234,157,-34,-6,1876,-231,185,-380,605,-797,-18,-58,12,117,33163,1882,-207,432,287,-55,-197,327,244,284,-318,-200,343,-630,-442,-18,918,1480,-52,457,-37,102,692,-272,68,346,3,129,43,547,587,340,-3,287,21,194,324,74,3780,491,154,-228,-6,9,12388,1050,132,12082,77,40,-652,185,46,132,-49,469,1477,219,95,537,528,207,624,12,1505,117,-166,213,142,-123,1134,389,222,34,142,-204,207,494,-500,185,2151,374,942,-182,216,15,117,102,0,24,404,262,126,469,200,469,513,-2098,574,-12,284,479,-132,123,105,139,58,58,-30,145,4846,466,-64,-15,-3,0,822,-321,429,-287,-40,998,105,-318,108,1594,185,154,411,612,-268,200,250,250,49,-188,166,-921,-231,92,-43,26322,-627,1285,544,-958,92,-494,145,157,71,-89,185,-21,-265,-315,-225,-262,132,123,-256,-61,52,-791,12,-120,-102,1619,293,-1239,253,43434,-336,139,64,114,451,98,358,14926,6942,151,27,219,-318,2216,1075,-1004,98,43,241,-126,265,-111,519,346,327,102,129,-275,652,426,272,-445,-74,170,-6,154,204,265,1310,-333,-15,210,126,142,219,259,58,18,850,-559,250,346,52,207,1375,-398,-55,-21,173,71,-27,-34,284,-525,-485,-61,-83,126,219,-18,-24,525,429,55,111,-114,179,160,13810,102,652,61,244,-318,995,139,40,321,58,80,1635,479,-15,-43,-30,-262,-154,46,312,9,262,-37,525,-24,3,34,182,380,222,494,290,160,228,624,-565,92,265,-49,0,843,-182,290,160,-52,-741,-40,86,185,247,253,148,571,3681,-74,-6,-160,281,132,-318,9,89,-80,-77,-68,-74,108,142,-71,-244,-15,278,55,-370,163,451,732,34,-296,105,-15,24,40,105,136,-275,-68,-89,197,1205,-43,361,132,-142,15,272,309,-37,890,698,24,568,176,-9,-114,519,250,166,-37,102,43,-74,340,982,-296,-15,497,228,24,52,61,166,1118,24,-213,432,1211,157,-466,-68,182,52,117,74,-52,136,1366,24,516,324,68,2540,775,120,-142,-77,86,86,0,299,6,43,-877,599,973,1486,253,-74,-117,55,321,145,114,417,324,151,265,234,-64,754,-52,593,-24,151,120,803,74,-34,2197,89,-163,-77,-92,-80,24,34,77,18,151,309,89,-534,1072,166,-102,-772,-692,1885,10769,-145,-77,132,-315,-132,-9,-207,-268,-120,1876,-154,52,120,3604,-46,723,74,568,-806,-241,-108,24,188,3115,-120,34,-1118,12,204,537,-176,197,550,537,525,1511,262,874,-6,98,-1792,389,-324,3,744,170,367,-170,312,108,726,315,1143,-40,5780,346,-98,40,884,185,40,27,80,139,-197,40,160,-64,71,-105,340,1554,-9,-58,-52,-179,-114,-615,-71,-574,-336,204,200,327,117,534,-216,-6,77,-3,-12,43,176,-9,250,-9,89,98,970,327,-24,1981,-49,-154,-105,108,1115,-123,-377,646,46,58,-476,1035,-114,9,142,562,763,55,-460,389,646,191,355,102,788,-463,565,1449,-83,2982,-80,-80,1962,-61,83,185,550,-924,41573,296,1035,105,404,64,-68,-6,64,302,92,83,163,574,210,64,1650,166,1118,-98,185,3,151,145,80,-68,6,-123,148,-173,-460,89,-355,-278,-123,1165,321,429,-52,262,43,129,148,176,83,176,-77,166,136,-234,1922,-105,-837,-210,-485,1462,831,318,-49,-531,1808,191,49282,59647,-148,241,-61,3406,14991,469,-74,-578,290,646,-330,293,40,77,377,1418,8082,8067,142,132,-244,123,404,6602,-40,315,170,188,386,744,550,-500,-55,98,-989,-349,299,-64,-370,132,-43,-102,-1245,933,139,-516,-18,-370,-21,686,-18,117,-80,228,40,-145,-74,-556,-15,-519,562,64,500,336,-30,-401,52,856,-6,163,225,182,15,-40,-268,-98,-163,18,-395,-429,89,30,992,432,1656,9915,1319,9310,-151,-132,194,231,-24,-27,695,-395,213,-426,95,188,2080,108,374,24,222,568,-129,-191,265,797,250,247,176,349,170,117,-185,24,3276,-9,71,556,587,-1149,714,-593,272,105,-21,312,207,21,74,346,61,426,204,377,216,179,83,86,-37,83,-108,-3081,522,241,191,92,86,-324,605,92,408,-488,-775,197,837,596,1288,1242,49,132,-327,64,3,615,-64,-148,2206,-37,488,417,287,553,179,-68,1641,200,-71,306,380,52,132,429,-40,1224,256,-114,268,129,-516,1264,272,537,408,111,-15,-321,482,-315,83,-37,-1174,1458,-24,-238,-321,256,948,39623,775,-411,20586,-166,24,-12,-80,4818,10191,120,-1567,1369,-259,77,3193,633,1567,52,964,-18,-95,123,-139,151,43,278,111,-278,-775,-445,-194,788,10908,395,-222,132,408,-34,185,-1276,-80,732,0,-200,194,139,83,40,398,457,275,77,1975,24,148,420,-9,-1156,401,58,-40,574,105,887,-18,1545,571,-71,519,-117,976,859,2002,38832,17473,-30,228,40,-179,-83,-145,1060,71,5270,-58,-120,3,61,-105,364,408,-936,571,123,200,163,272,49,188,95,-315,12,12432,479,24,18,302,238,-513,77,-46,290,68,-176,-553,37,887,1724,429,905,741,64,-426,1984,-108,-272,219,111,-265,272,-1174,-485,49,312,1622,160,12,1607,-114,-188,34,-170,-74,213,-200,27,12,154,1245,225,40,275,318,194,-43,358,921,-460,194,-21,-185,-148,231,1347,-132,37,476,-15,-506,-92,457,244,933,-1041,-364,-105,-964,142,117,1165,-340,933,386,519,-55,-265,238,-114,95,68,-40,-95,68,129,-197,3,21,68,404,346,785,-210,-21,559,649,-64,148,476,568,9,751,-234,49,967,157,27,89,160,241,-30,522,-361,61,-296,-166,-618,-797,562,219,819,-445,244,-98,108,-633,-40,-3264,1084,525,-64,639,222,426,763,25213,380,358,1054,420,77,-735,-312,927,-596,272,6311,256,6729,120,34,11993,3644,253,9,-312,43,352,315,2364,-262,-599,30,272,587,-64,238,661,2132,216,-374,-1230,-782,986,485,429,14320,-102,-272,1282,-142,-188,2101,139,15,2262,1900,-102,-80,636,-3,20320,126,2466,-74,-43,18,114,-43,154,757,735,-34,2673,1823,445,1023,-136,-173,3050,-383,-15,-173,-86,961,-123,404,-210,268,-819,819,-37,-850,166,-132,-114,408,-12,1616,788,-55,513,5217,-102,-18,550,986,238,333,148,284,2148,686,61,-30,278,-247,163,173,108,624,519,1672,287,3,386,-123,136,272,510,513,-3,438,166,34,-1718,-506,998,77,-37,460,-268,-222,-207,77,216,145,398,1836,-148,-18,1567,6154,86,336,278,-154,37,21,531,2367,516,3,-34,661,1137,191,117,952,9,-188,370,-111,262,840,945,200,216,105,170,-27,-188,6178,2410,367,398,-1020,-49,-182,782,108,21,-95,-49,-272,346,871,312,225,231,-420,287,293,964,-698,238,1700,253,151,-52,995,145,556,1987,435,1567,-43,213,58,964,355,102,-395,-40,-343,7266,-64,-197,655,-408,-24,299,593,194,-43,43,1335,9,1050,-98,71,992,426,0,210,-114,587,12,4723,52,1149,472,1233,-6,-185,117,-608,-52,105,856,-55,367,451,2194,349,1208,460,-46,321,83,-98,166,64,-463,-40,445,0,284,102,309,92,374,355,488,627,-290,-21,68,-24,284,71,-655,1208,74,4753,3434,-488,-166,166,383,-71,20938,68,-129,40,-479,-513,-340,-6,27,272,411,398,64,278,43,-296,40,-21,-166,-37,-74,61,1774,117,-581,-163,27,176,-30,683,531,-40,321,191,-12,9,537,361,64,74,-166,-238,-176,340,89,77,550,-887,748,-494,448,114,108,-6,370,-782,234,-80,61,-132,-64,92,46,639,1452,1084,-49,-1020,-361,-281,114,77,-80,2540,-188,370,355,-179,40,-250,-40,-250,-1208,293,525,275,-163,1004,-680,-102,284,95,80,49,584,-238,194,1233,1431,2577,618,95,-123,148,1205,231,68,40,-457,383,12558,899,46,-77,89,117,-58,213,3774,142,429,998,4815,-343,105,466,222,-729,683,-71,-265,151,64,154,68,-581,71,-231,40,89,806,278,18,-859,40,49,816,788,2630,5721,27,327,596,139,2191,250,182,519,-2840,185,278,-40,139,1168,68,414,40,-324,-695,-556,-238,95,2420,-86,327,-207,89,414,-374,395,102,785,-52,-43,216,287,-448,-225,-27,-306,-83,-21,77,80,-105,466,74,46,49,225,-265,1035,-83,-655,-760,602,7767,-290,457,95,210,547,197,574,2117,-998,-86,355,275,321,55,556,234,-89,426,924,200,89,615,299,-788,244,136,173,442,77,-346,231,1394,64,259,-163,-34,-1567,179,1100,1041,417,-2435,3,49,210,247,92,-24,-77,961,281,-30,1496,148,111,-154,145,253,760,287,26876,1950,-683,11748,-194,123,-37,34,1533,-624,-1700,-4716,-123,318,-18,-973,1817,-142,-176,1953,-383,9,-380,5872,-302,-200,-49,-18,154,2608,256,-241,1418,290,-262,5783,4500,24,120,377,3029,-111,25673,-1298,-2655,-3876,-16131,-1220,-170,327,-117,40,-18,-374,-429,1041,-228,7919,6497,8846,-132,-34,61,126,6484,565,11693,71,114,77,-61,-528,12731,176,74,11007,268,-64,-176,-21,627,559,1227,244,1993,-278,262,-142,-905,-460,74,401,398,129,77,142,296,-247,349,176,-6,-98,173,-250,537,1029,689,287,914,-111,-395,-194,-40,1968,213,-142,636,-21,114,166,-327,460,893,757,268,1737,899,-275,12237,-9,-18,80,49,182,191,30,404,-683,40,77,-173,1329,166,-34,0,-170,1152,-238,-176,479,-321,-290,-253,1712,-213,55,30,630,191,111,166,117,40,562,231,355,-24,142,55,250,-27,1072,58,55,231,785,-64,374,9,6,244,-290,46,24,1245,83,61,-105,945,3026,21,216,-389,-163,21,510,4145,18,358,-318,231,466,34,-234,290,148,95,9,2015,408,-349,-176,584,126,-12,98,340,386,1876,-129,333,151,108,-61,123,-466,-105,244,488,476,-241,-139,293,-200,123,1656,3403,-222,-136,-639,250,340,652,-95,330,191,-182,52,-49,238,-77,1628,136,-30,3471,417,831,27,714,-2410,683,-142,306,6,80,6,117,-299,259,-182,145,136,355,225,5025,1647,160,170,222,148,856,12,1202,748,-361,862,-71,652,828,-9,-77,3937,4027,-40,-21,37,2018,111,-191,12255,176,216,1897,-61,-253,5316,5650,1149,-1063,-191,-148,417,-139,-37,-472,-534,-68,482,231,1585,-1183,98,-188,-432,-506,2287,1267,142,454,98,624,241,1499,182,-27,-445,157,102,-630,13504,992,58,778,6,-71,-170,170,-166,497,408,111,191,3,-222,-179,37,312,-197,995,386,-840,15,621,429,522,36483,24690,3403,-15,420,13992,12833,438,2454,-204,166,986,27,241,55,46,-58,401,173,148,445,-225,-2305,151,318,408,-275,352,18,1372,642,-9,608,-71
59,-12,-172,12,172,-137,-205,358,-104,-25,147,-221,-297,-289,-81,155,195,-91,-160,49084,76,35,-78,94,-40,38,-33,-45,-10,-91,-38,-175,25,-363,-277,-228,-127,86,160,-43,-238,-434,9860,12353,17989,12180,13881,11217,104,-73,-2,249,1354,411,1995,43,111,210,-241,261,289,124,167,20,-30,195,2,1232,10,180,-922,-447,335,5,-411,-114,-149,109,246,655,20,119,442,0,-12,-45,172,185,1357,269,68,218,205,388,419,226,-38,-5,183,299,-35,106,-198,99,-88,-299,-45,1601,343,-701,355,-116,43,48,-122,-584,-129,91,-109,147,-124,-48,-282,170,724,-20,-432,-188,-5,99,368,195,-7,2,25,15,416,213,1029,963,604,-437,335,71,355,111,419,147,737,33,-251,25,238,78,119,315,-142,378,-134,531,-546,696,157,2178,360,40,-55,116,414,993,625,1159,83,218,284,66,226,142,137,-88,345,2562,190,17,71,-200,25,27,-10,-279,-190,1644,5,-10,-503,462,1845,94,-7,53,1159,73,282,38,71,27,322,101,1006,2348,399,30,-180,15,-139,1540,-86,238,1822,-91,889,724,-15,96,-17,45,10739,-249,876,968,30,-12,203,772,427,76,167,279,971,732,5,2150,78,1273,-76,38,279,139,30,310,338,-114,477,767,94,449,-2,188,-66,1352,-83,2722,910,-604,627,48,-127,48,-447,53,38,-221,58,338,452,2226,620,88,-30,-414,-33,-81,1276,4478,20,94,76,200,175,460,-88,7943,1230,2554,-50,777,310,147,228,310,124,63,241,274,223,142,81,12,2160,223,-99,-116,823,-104,122,584,-2,134,0,48,7,386,2043,981,836,210,152,704,841,25,-63,1034,1110,488,162,71,259,119,381,2292,388,111,350,688,-2,88,66,704,25,63,627,188,27,2269,353,43,94,3032,203,193,114,833,551,482,2445,33,142,-17,1362,378,495,780,-152,109,119,533,503,-17,518,790,35,139,-71,101,1156,775,943,-732,165,147,-91,-142,17,144,-155,-2,127,101,167,363,719,289,221,99,216,205,353,203,-216,-38,279,780,2582,-35,-124,401,294,22,155,48,106,50,-2,264,462,10,61,699,17,20,68,1695,162,-63,254,144,302,846,495,325,170,1858,-421,312,99,149,-134,134,-167,213,589,696,48,620,424,-96,-238,632,-259,-203,503,205,27,1131,2168,30,43,-200,-53,421,236,287,22,-20,12,549,-40,142,127,0,287,188,177,404,160,259,104,155,-17,0,864,73,589,284,-99,71,124,254,228,401,976,-63,137,22,721,-338,2211,264,-15,810,22,-96,66,78,-38,-99,165,998,584,203,790,160,577,566,177,-393,706,503,620,183,106,360,3451,152,704,294,604,139,691,226,12,330,231,7043,620,399,12,104,-526,50,30,-106,874,109,172,930,1731,172,-116,218,17,-50,30,5637,155,-17,99,76,20795,-96,-734,460,12,312,61,251,549,533,223,274,185,477,160,-188,332,12,826,88,58,101,122,254,284,78,40,-114,510,73,493,78,25,78,167,200,114,-35,200,330,155,-892,226,48,249,22,244,144,-76,251,1298,45,256,-213,421,2170,-119,33,655,1306,175,152,284,137,88,68,-20,663,231,-7,94,294,887,71,307,122,132,-61,294,165,345,1090,993,-574,-25,175,1339,53,94,27,-33,20,63,86,-83,287,640,205,859,180,2821,25,7,2186,0,299,122,-10,1448,477,297,726,58,116,238,793,-183,162,-58,-58,-20,162,358,1253,269,7,-104,231,10,305,381,-76,17,238,83,922,10,-99,1039,183,345,157,889,340,-30,429,38,5,157,122,96,157,305,30,363,381,165,-1090,213,132,0,66,564,5,752,0,10,43,223,231,40,183,10,846,27,91,175,-2,5767,-86,216,114,175,821,-332,170,864,-127,35,246,8205,188,406,-277,-53,157,-393,20,55,124,752,-287,1146,58,162,-12,780,-48,-2,325,421,627,-30,744,53,363,-22,137,12,-22,241,1883,-132,119,0,-73,1309,381,15,-205,1860,846,282,-226,261,-294,2620,1596,2269,254,282,228,-15,88,14816,516,63,3566,1276,1980,172,244,43,305,-338,-1001,155,-137,-528,-259,-541,-139,238,-393,226,366,4163,523,208,-22,-139,579,732,-149,307,-91,35,61,101,264,317,-210,-226,111,43,-20,1497,-63,-274,50,-256,200,-569,86,503,-137,-43,-50,-76,-94,17,38,244,-244,-180,-30,922,221,162,297,604,10597,874,55,134,2348,-149,193,-874,5363,48,-142,78,7,22,226,643,185,22800,22,22,205,134,350,-12,-7,101,-195,13075,-45,-66,-20,-238,1886,27061,-25,-650,53,251,320,7,307,-475,1255,-30,-205,91,61,2071,104,188,-50,23352,760,-223,475,498,376,244,137,-71,399,35,-170,6326,61,-38,40,0,61,355,71,-434,-63,-259,7,111,-104,475,40,63,-444,213,986,45,-284,312,1380,-208,-10,15,391,88,442,223,137,368,30,-129,-88,-142,78,-38,226,160,61,-279,15,96,94,0,86,-68,521,10,396,-25,-109,6115,63,528,63,279,-7,-66,-134,-66,147,-228,-114,355,7117,254,315,279,310,73,50,587,216,12,101,88,71,-38,-1502,9224,455,15,-185,1644,-111,68,-132,9338,-592,447,144,399,50,-137,-892,439,106,899,-5,238,-68,625,386,10,254,134,-432,-27,226,271,106,35,-101,45,-566,35,434,1522,757,945,185,269,-188,61,83,1344,162,528,-114,7292,-73,279,452,724,-180,33,292,5828,3479,701,53,9956,254,15,221,4199,114,1100,101,551,71,218,25,-129,68,-25,7,360,-259,721,-27,-17,-38,63,1105,1942,167,-7,177,0,693,442,485,251,1113,1344,-27,449,33,66,1619,111,2628,518,5,7,48,2099,3439,-22,101,-416,-17,462,-198,2,-94,-271,114,739,1634,1380,663,-20,-50,-45,-221,409,-25,2353,91,383,185,-104,1764,0,99,-15,170,2,-30,1601,-122,-78,40,259,439,124,78,488,134,1741,221,160,30,210,208,61,-68,139,172,-17,-33,925,-30,-78,-22,73,45,63,66,-43,851,287,-312,516,43,-22,-43,-345,238,-104,218,48,55,38,81,-15,86,50,-358,210,665,-73,-892,421,-231,36150,8121,-83,-20,-546,172,114,91,271,86,-259,86,231,76,302,-15,43,2724,-805,218,122,48,25,294,518,-22,577,424,73,83,27,381,147,40,50,719,5348,205,43,20,-83,-73,50,5,1179,78,373,106,299,-7,-330,-119,165,83,-81,1372,-119,406,-40,-45,732,-99,-241,287,782,134,803,7724,33,587,-78,53,1601,27,579,20,5,-109,40,198,190,277,1382,-45,144,81,-96,-45,307,208,193,30,-526,1415,205,35,193,3830,261,129,-96,-180,536,50,-2,-7,-190,355,73,104,1985,149,549,12,-58,53,-378,-709,302,-1298,99,808,50,99,1131,1133,17,129,188,-25,4631,20,274,119,195,584,289,927,-40,48,246,177,111,172,-99,223,109,1987,11957,101,1408,1021,-45,12,3927,68,-15,45,1199,518,556,53,15,48,38,927,40,305,58,78,-30,50,1382,244,-68,287,15,218,1019,-424,-231,1342,104,-554,149,559,149,33,-33,61,20,38,-818,-17,5,516,-729,287,302,4499,490,-22,78,564,53,190,33,203,500,-198,20,3512,149,-228,61,58,-45,61,-373,48,-170,27,155,213,195,592,582,5,55,190,53,114,-1161,950,345,-53,124,-61,5,-345,574,381,-38,-177,223,5,2,78,10,-68,432,503,482,-452,-122,-419,-68,142,2503,-48,38,177,91,-7,-132,35,162,71,373,45,244,66,81,-373,116,144,132,109,401,-78,48,-12,-48,68,17,-597,1875,231,106,210,-5,149,-55,432,10,116,83,671,322,1443,109,180,305,-221,12,15,726,40,360,-152,261,-246,371,330,81,241,50,5,335,1159,546,1197,-15,20,30,1054,-43,279,7330,421,30,-81,5,251,155,88,139,30,-55,299,803,-30,368,-76,203,-183,43,99,188,-68,584,419,134,195,96,22,7,152,485,-22,-195,-25,437,45,35,71,-198,-172,104,-122,68,-437,-129,-516,7,-147,81,35,15,-218,119,-302,10,137,40,7,-223,167,-40,94,332,274,180,978,40,632,-27,294,149,322,401,38,132,650,-35,-15,170,91,310,10,40,-20,465,-45,188,-48,282,2,109,1321,1415,541,142,73,7,35,465,180,-45,111,76,-124,119,66,-91,-142,-599,33,-419,218,-50,-15,218,-94,58,-22,-297,221,205,-2,-111,930,6456,-129,-165,10541,2,40,7,-396,5,930,12,7480,315,-33,71,-94,213,-411,287,-99,-33,188,78,378,-147,-58,803,244,7,747,5104,216,-76,8167,-63,-172,320,127,27,114,109,63,-30,172,-167,139,-401,99,-35,416,-55,38,22,96,1685,205,101,566,782,1748,5,-10,-592,477,-58,368,172,122,147,-493,127,147,5706,116,-27,294,91,-266,83,96,-5,10,142,-88,-27,22,50,-35,-27,17305,-27,14788,24041,11606,180,-71,-58,307,-254,55,754,8319,15,-78,1888,2681,472,-371,114,-312,683,1009,-63,388,12,48,571,116,38,165,-226,-587,216,-111,8866,-226,12,106,10922,-33,1138,139,25,-195,116,71,640,-803,76,-254,58,-144,10,-190,566,228,20,592,1342,-119,259,462,81,447,-94,343,945,2,134,193,122,416,437,129,5,3047,61,15439,749,-12,35,-414,-124,373,81,223,78,-510,-101,-88,10,116,472,30,15,38,101,-43,251,-20,-43,-299,17,246,51900,22,33,287,1408,203,-223,55,-541,-109,-25,116,462,-81,180,-2,-330,-45,40,-447,35,-338,94,416,-88,10,27,-48,27,856,-12,160,96,76,165,401,81,5,20,-198,493,376,533,58,155,340,-73,132,88,104,-81,238,137,274,1487,-228,104,-12,109,-20,2714,655,11085,869,-284,5887,658,40,-2,-15,-681,320,-571,165,259,58,48,516,1253,114,-99,5350,96,-20,170,244,480,696,35,94,142,1311,1072,-68,5452,1070,1192,114,2,-40,127,1057,226,-15,2132,-33,111,-30,411,2,358,256,200,841,249,0,48,83,27,-198,22,584,638,96,-185,332,17,2069,668,167,165,327,127,315,803,25,55,177,-38,-99,238,-94,1957,10,-45,-20,302,81,185,264,622,76,261,233,-177,119,228,71,216,55,-15,353,45,43,305,442,48,116,-76,91,5,-96,-289,493,246,195,373,-355,244,40,3141,569,0,358,-68,104,83,-444,401,-383,409,368,22,1311,282,503,68,297,238,-249,-172,-86,-104,-76,-269,340,83,-106,238,-96,-73,-155,7,-43,7,78,124,-241,122,155,124,25,0,33,414,14709,2773,1565,2,-76,5,-165,297,43,111,111,203,25,0,-134,20,40,-94,1769,249,-172,-68,889,-358,-147,134,-183,968,2577,43,996,393,274,17,155,332,45,566,71,744,274,-2,73,27,-124,-12,310,-452,856,-279,162,20,241,-147,172,223,63,-63,58,-33,401,-345,76,912,-71,38,5688,-795,1761,-30,-30,198,114,561,-266,5,91,-653,221,353,-22,-25,-416,-119,401,-91,411,-43,116,109,48,292,330,854,2302,160,61,-94,30,-246,-360,0,66,368,297,55,477,-48,-81,30,124,88,-27,5,-139,30,-160,1448,177,55,-205,104,1194,86,635,-43,55,528,81,-228,348,434,-134,129,-111,43,22,221,53,66,61,5505,-106,104,305,-195,366,149,353,78,271,165,122,-1748,129,2183,259,-249,193,61,132,124,-50,940,149,119,17328,104,124,-157,292,55,142,139,195,-10,40,45,-25,627,447,-165,510,-109,-930,-25,-221,-475,203,1273,-88,-83,-71,3136,132,-33,-2,8505,360,10,119,-7,551,-106,205,343,241,2740,188,-68,-25,233,1212,157,226,432,287,58,-800,-48,2,-282,61,360,371,10,236,152,-17,1093,-284,983,124,752,-99,360,188,1037,91,310,-30,-183,3825,386,-152,122,-20,25,-58,45,-20,401,282,452,155,155,68,162,345,493,777,7867,843,7,119,-27,134,650,302,172,569,650,40,63,360,144,244,78,81,27,373,739,43,-340,-91,-386,1781,2071,711,-554,528,1492,292,391,-241,111,66,228,231,411,635,289,213,27,25,-43,22,-30,-30,2724,-157,541,7,86,-292,943,503,-50,78,2704,892,12,-340,-305,-88,208,393,467,-350,1319,-66,50,25,213,277,86,274,-22,-66,688,244,-17,71,27,343,434,195,-63,106,1616,-20,-1733,27,22,119,86,66,116,0,172,251,17,15,20,599,-30,249,83,-25,688,1128,94,-88,-205,-210,-12,147,-142,294,-127,30,78,338,-142,114,-53,7,683,99,1619,27,274,355,338,152,170,587,-343,53,-40,2010,109,-2,94,200,55,358,-254,625,111,12,94,-63,129,96,416,66,297,716,116,142,259,-5,122,48,-2,106,-12,8098,289,17,-287,-2,-27,-22,0,416,203,-111,63,109,109,-129,124,-96,63,-40,-109,63,-175,116,1502,-33,752,-12,55,-470,-35,122,38,-391,104,12,-104,551,-111,188,132,-516,-20,5,63,132,155,172,231,58,-78,-363,1250,-183,-58,846,887,-170,-152,183,254,106,152,414,-246,-53,177,-35,71,-139,111,-66,88,-424,122,-17,238,7211,335,650,-266,892,132,58,1103,-35,541,81,157,279,-340,155,99,-338,175,-101,198,144,668,17,-48,119,-127,76,320,-287,-43,45,271,25,63,261,132,-15,160,183,53,261,-83,-7,5,193,2282,254,20,935,-17,981,960,-15,55,195,45,528,99,353,-101,81,86,1382,63,500,404,-73,96,-195,40,124,332,5,45,-111,-71,937,289,854,-48,1082,96,-48,1220,94,165,25,48,91,76,-96,142,200,73,-360,78,200,99,-244,66,467,1166,-411,-63,-5,317,96,61,-91,160,149,231,40,297,71,-17,363,68,343,376,94,-53,-55,289,543,226,195,218,45,-332,6657,86,3329,-35,449,1479,427,83,66,-5,340,-35,665,2,-48,0,632,231,30,-68,-96,66,129,790,83,61,101,17,424,1736,16613,9135,66,-66,-88,152,-160,-15,968,81,20,-66,15,-40,119,-27,-10,99,-68,114,88,91,216,50,-33,111,976,401,12,259,-22,366,94,17,132,299,305,335,73,-127,4323,11654,6746,2463,7033,18403,2127,259,1703,198,-2,559,68,104,467,88,27,-536,-22,216,43,-71,-244,284,33,15,-91,269,-20,129,116,294,43,7,493,91,127,-180,38,-68,-55,-190,81,-68,-165,175,277,-307,63,111,-172,81,643,-71,-12,-81,170,190,86,-111,134,86,-106,96,137,111,549,205,-58,205,838,88,155,78,185,-17,226,-27,-50,-122,66,-68,305,101,61,-99,-5,-134,937,10,20,254,244,106,-721,233,1614,406,48,58,-833,233,20,63,307,101,254,71,-25,292,266,-111,472,86,-66,-40,-91,12,200,322,58,76,1029,63,12,-61,-76,-91,269,254,162,25,198,-17,-27,43,310,953,330,302,-88,-104,43,-48,-35,635,-15,-81,147,-343,287,266,205,15,43,175,2610,-48,-68,132,-228,40,149,50,96,88,-193,241,134,-40,-216,322,175,-63,12,-55,119,40,109,-216,-53,363,48,-238,274,106,30,-190,15,-71,-27,427,12,35,43,-305,-27,50,528,831,-134,1016,-106,162,-12,3218,-81,205,12,414,-83,-81,-198,-22,106,340,-20,480,127,1405,-7,203,142,660,-63,66,101,27,-17,33,-200,-63,241,327,53,200,231,12,322,142,-88,343,399,1967,132,68,43,-22,-35,-66,109,160,-76,109,124,76,218,284,-7,734,-40,-183,668,-144,414,147,465,94,-27,-264,-7,284,373,213,-200,289,-22,139,38,183,86,259,505,-305,210,-35,-5,55,-20,40,228,88,139,-556,160,-88,94,-12,-94,94,66,-20,475,-129,-38,-43,38,-15,447,254,61,152,1138,269,920,213,58,1240,144,-195,302,38,165,116,551,-78,152,99,-27,132,0,470,884,396,50,205,-63,175,15,-22,1159,94,-622,7,142,1469,-22,-50,-45,246,500,147,264,-17,-305,564,-190,-71,-149,7,129,-61,91,0,299,729,238,83,48,-688,-1174,561,63,137,625,61,-48,45,233,-20,462,45,48,615,83,149,981,104,-35,-101,-401,-343,22,86,-48,-83,236,15,-175,-165,-94,-549,139,63,371,94,-149,531,-7,2,355,-50,208,7,50,48,-254,388,762,424,-17,-99,238,-7,137,66,861,-218,193,488,-12,88,122,-53,25,490,48,4064,155,-17,437,17,88,650,734,1103,2,752,33,162,76,2468,-30,188,160,38,218,1047,149,-91,1154,1026,33,0,218,68,-157,-25,190,157,424,76,160,-114,381,109,317,-541,360,-122,1260,-1019,22,-22,307,503,76,139,406,71,-116,15,66,68,-124,782,-91,53,627,335,322,-218,-58,223,-50,94,338,256,-188,-38,457,233,282,533,287,-2,203,9966,-139,587,-66,114,5,571,12,218,-170,-292,1296,58,-20,526,238,-10,584,297,264,175,-134,91,88,1034,-25,43,742,10,-5,4743,122,393,831,1423,149,932,1954,-22,-40,165,399,17,472,122,226,116,1964,5,-610,818,424,-172,17,83,111,841,937,78,-391,104,165,5,66,-101,393,-604,-43,48,823,549,876,10,1087,-401,-58,167,-2,-7,-76,208,638,111,726,5,-55,109,111,-88,-30,195,25,119,45,114,-43,127,1453,851,884,137,1675,218,-33,-68,-17,-104,-53,231,-167,604,-134,1215,315,160,-20,175,134,2267,167,45,355,-40,-20,104,61,455,139,101,162,20,55,155,20,193,-17,277,584,6438,180,111,-55,40,271,-2,99,180,205,139,0,114,101,55,571,71,104,40,25,-48,-43,30,462,205,81,104,221,302,-271,-33,460,-127,111,-94,-475,-274,81,-162,119,-147,879,127,264,-58,-38,142,81,607,-33,27,-7,-299,-25,-35,170,1558,111,175,40,195,-15,236,221,-945,1108,-183,-216,-48,874,-101,17,-12,-101,170,-139,-249,-78,86,142,12,-122,226,200,-76,467,249,1283,-17,-15,693,-40,-132,-175,0,-277,-43,-48,27,-20,833,-111,63,-40,-86,376,810,-78,500,73,4763,-15,40,381,226,490,-15,127,170,10,-183,320,876,310,20,17,127,10,94,63,-50,427,363,510,332,-803,71,116,96,198,902,22,538,2,160,343,-122,106,320,-221,104,-457,-53,195,-78,139,129,-45,-7,643,61,-20,1423,815,55,790,33,183,-50,1342,22,15,-10,5,254,251,236,488,0,-35,2,627,-5,414,-302,396,732,465,-729,986,-170,821,12,111,-12,-251,-5,193,-241,-63,35,-871,66,165,50,416,1075,177,167,111,343,1151,1133,-91,-33,1049,48,-22,-106,157,-205,-218,455,88,30,-45,521,-35,35,343,1006,-198,-78,-30,88,-81,139,-388,848,284,48,223,546,104,213,48,246,1446,833,-7,139,-35,-73,15,180,432,119,-244,-40,5,172,22,739,-48,27,238,691,119,360,170,589,-35,-155,-320,122,8098,658,1642,66,-129,447,-5,3517,134,523,-162,170,73,94,546,96,35,292,101,-734,40,10,-124,58,83,172,-50,205,221,-200,287,-162,5,20,63,322,526,543,-27,83,277,142,99,-106,-25,45,251,231,-25,-43,55,556,-147,577,289,-17,-48,45,63,1049,48,106,88,78,38,30,114,132,-119,55,35,203,480,226,7,-38,55,40,259,-183,546,597,38,-137,409,-122,274,-40,137,132,-81,287,134,25,381,266,460,33,246,508,455,371,66,246,129,943,299,109,73,747,-106,38,-388,-101,-1052,-152,175,249,-83,-2,-40,114,-482,-673,452,106,2859,0,114,-632,139,139,-444,-61,399,0,25,22,-15,1098,43,256,302,244,-190,94,35,427,294,-2,277,35,127,625,421,-10,50,-332,429,660,236,94,147,127,-50,505,528,-55,274,-241,241,261,167,35,-50,-83,-81,1492,-27,861,-132,274,1380,620,421,241,-139,139,193,602,-249,-477,91,-30,-124,-78,-155,58,251,444,-167,325,68,-68,500,315,449,561,292,203,4646,233,355,40,302,-114,424,20,236,188,-292,205,2272,198,106,12,-114,216,33,-366,5,63,589,205,622,25,137,50,213,-68,-78,305,-106,58,4491,655,162,200,475,-17,111,-419,665,317,937,-195,714,4382,457,-335,4738,-58,-101,238,-155,-20,22,330,147,-157,-160,455,27,25,213,-165,165,640,106,236,38,1954,45,4051,-650,104,-139,157,0,183,24186,25,45,-132,-185,-12,-50,111,442,-10,284,3271,-172,4217,124,-55,-83,645,81,396,22,45,-30,383,246,4308,-1128,33530,88,584,-27,249,38,335,378,1049,3121,-88,-94,20,78,-63,66,348,332,137,-81,2714,2,-27,58,-455,2346,76,45,-109,86,114,1926,-917,564,144,33,66,-38,-2,-27,66,129,-20,200,-66,25,139,30,24478,38,251,55,345,249,815,63,371,460,-241,22,574,-129,-368,218,259,83,-63,45,175,1875,68,203,7968,167,63,340,330,-897,-68,144,371,236,-104,358,1141,30,780,-887,660,330,4079,38,1164,-157,-38,261,175,594,2920,437,-7,-5,-45,795,152,-43,381,549,152,3032,-58,-127,0,91,5111,963,-76,-155,55,4026,467,10,610,823,210,2089,-63,1911,139,442,137,15114,-25,216,22289,2424,-119,1738,76,147,447,1980,-71,1822,106,226,15,-424,-68,45,106,-48,4509,91,-279,15464,233,73,785,241,12,68,38,86,-200,-35,8558,2503,-10,45,81,157,-144,-15,327,-460,-216,-127,40,-249,22,12,71,-221,114,579,55,127,1225,155,246,343,81,-71,38,-160,785,-2,7041,592,160,-10,6474,363,269,366,66,-632,-432,9138,292,-134,737,33,48,-58,447,1070,76,-15,597,-30,35,513,-96,-114,27,317,1011,945,427,22,200,12,1916,4788,15180,1817,83,-244,-109,167,15439,388,1026,236,5,1093,2310,-43,175,40,165,261,55,23456,9466,35,381,-216,114,871,449,536,538,-81,4298,-76,599,-81,167,-61,35,91,4585,63,-266,12,5,-134,848,-68,109,170,4913,516,195,50,-83,43,122,-86,45,119,-429,-111,767,274,48,1131,2722,978,920,-71,210,-15,884,3746,785,134,-27,-7,549,78,-119,101,0,122,493,96,-17,185,241,53,526,343,155,894,-162,899,2714,1154,404,508,11443,3678,-139,48,-12,81,266,-271,-104,876,-88,30,24943,71,383,33,2,-256,38,99,1222,681,81,-96,508,66,190,228,381,1677,-205,58,43,7346,167,81,137,38,0,0,269,1049,83,144,55,2,353,254,4255,660,282,236,-129,-208,-58,-157,149,505,559,457,2432,88,302,455,15,-38,55,114,175,460,818,-91,-33,-71,119,200,15538,-73,-998,101,261,152,216,1174,-160,4961,20,188,83,73,233,106,599,119,429,180,498,0,-20,139,-119,-419,2536,277,23225,5109,129,1741,3464,373,711,1021,1049,503,2353,277,45,810,-1029,-104,538,15,94,251,284,12,1911,129,-40,523,355,-149,2203,737,3207,63,1944,170,277,30,350,68,602,33,-414,-213,770,-58,510,12391,-162,147,40,-83,480,152,1319,818,241,343,282,137,167,15,1047,686,785,4560,711,30,17,157,953,930,554,58,-7,157,-101,317,1065,10,1082,-124,-10,284,2544,139,-10,114,101,127,-53,462,-35,378,132,671,233,-25,2,-177,0,305,754,1123,363,655,716,-35,137,165,358,-71,-216,200,1270,625,-58,-7,198,490,1715,-165,5111,-20,0,-127,-116,-25,180,116,-393,266,-221,-45,3202,424,284,43,61,437,233,383,20,-30,10808,1029,48,-10,-343,-15,655,-124,254,175,124,-50,-12,294,33,50,58,335,1601,907,2079,-350,437,63,114,254,650,1431,28690,762,3172,142,327,233,462,338,53,50,58,-180,-88,-15,-45,2511,22,109,66,33,27,-109,297,-15,88,981,40,10,13380,-5,935,2219,129,38,114,-5,233,-91,241,63,691,-10,12,1400,228,157,-157,190,134,30,50,101,-142,-66,137,210,68,71,116,10,360,-467,27,167,-27,20,-58,73,94,-271,45,424,195,114,15,-88,22,612,406,315,101,73,66,-157,-76,-50,383,274,643,-53,1237,836,-185,-264,-129,177,66,432,30,-434,261,45,960,-25,-317,-122,-2,114,55,-38,254,1962,297,-480,2,73,780,86,851,40,198,-124,345,404,-35,2,-218,-193,104,386,-10,210,147,129,-2,71,53,-63,737,289,892,-134,373,66,261,1009,53,55,116,294,129,221,676,279,-116,160,510,127,734,40,1011,-86,-76,-526,20,261,-282,106,470,676,-368,320,-345,238,58,-78,-266,518,193,106,-185,40,-505,-27,25,83,-40,-91,11044,5,775,68,142,-38,71,373,-208,172,1019,960,-7,200,185,10,261,-183,-175,177,925,381,20,-10,-12,1126,480,477,388,-43,386,15,66,111,238,-104,-27,-455,45,210,170,696,124,43,15,665,-10,162,505,127,-22,25,-66,50,444,-12,353,587,-96,305,157,-1804,297,358,345,485,1314,48,-264,-279,800,-63,480,287,625,-167,-472,261,569,1009,582,-5,543,-848,-185,1451,-68,22,238,94,-7,1804,1977,-55,33,104,19415,1187,30,310,-134,-33,612,559,48,-177,78,76,68,-38,48,683,175,134,-7,-2,-30,-81,-238,381,-533,246,-40,172,5,1766,-88,83,266,0,10,543,-142,132,-183,467,25,198,-55,762,729,149,-282,455,315,-231,68,104,40,122,-289,50,549,-348,12,-409,-38,137,419,-33,12,91,414,312,-188,-61,-124,-33,53,1014,292,-15,-33,81,66,-58,83,162,20,106,-2,-261,648,185,40,-35,188,216,142,-241,91,754,-96,338,516,-297,5,-88,-373,101,180,-106,200,251,50,513,53,-5,681,-216,183,-208,-94,-236,-15,-147,-5,297,35055,1291,-322,1301,1942,58,-33,233,594,193,-256,-17,2,-330,-111,45,195,1093,-147,20,-71,2,149,561,86,574,7,114,101,767,9206,366,-33,76,-12,30,43,157,5078,665,-332,61,86,-61,20258,790,7,11171,180,20,-302,-139,7,78,-38,470,1176,-83,162,302,421,17,521,33,904,17,-706,210,61,-27,848,536,358,-40,360,-104,167,76,106,790,5714,30,1710,1032,73,25,-76,-35,142,-167,231,43,396,818,96,475,292,-1675,406,71,210,134,-58,71,-30,17,-12,-17,-20,335,4888,1273,348,393,10,15,1100,-282,579,149,-228,1746,88,177,399,1436,244,1591,587,673,-33,-10,216,3868,317,-81,122,-71,-559,-106,-7,28845,-99,1039,381,-363,254,-142,91,63,-86,-160,-48,-73,-33,-45,-122,-63,17,83,-378,-15,-15,-500,-27,-33,33,643,203,-406,261,33230,-160,198,63,-94,589,322,50,15462,5027,-22,251,-5,-340,1692,1067,-2,340,193,810,360,137,15,1390,50,963,162,5,27,261,195,607,-424,-55,475,17,12,597,55,1291,-238,-12,58,-10,63,175,223,7,-71,531,86,688,149,119,114,1039,-160,109,15,68,78,449,127,271,-393,-25,167,-25,-10,43,-106,162,770,406,360,116,-157,33,101,16069,259,155,381,404,-391,856,317,-73,175,73,71,1672,561,27,-22,124,-20,-106,33,406,58,48,340,546,0,35,210,58,317,50,447,216,149,81,284,-299,144,-12,25,-71,-266,-330,149,223,165,-538,-27,144,114,-33,96,71,818,4056,-50,25,-109,414,22,-177,223,35,0,-96,33,223,104,7,101,-406,73,134,10,-86,127,63,378,27,208,775,193,-48,-45,-73,48,-119,71,106,111,256,63,401,-73,-33,170,58,577,-15,409,579,279,505,226,-5,-101,48,383,111,-63,101,-38,43,101,1128,-94,33,144,104,185,124,-157,231,1306,38,25,-124,1009,221,111,-94,271,109,137,216,-96,45,1207,76,185,43,111,3017,332,61,-139,-53,81,-2211,78,66,-20,-259,-612,429,968,2844,574,-88,27,167,152,114,322,577,310,76,1171,20,73,526,149,747,35,-244,-162,503,-5,-27,3197,132,2,-104,78,40,287,48,71,27,40,66,50,-208,3739,88,-25,-203,-523,663,17455,81,-5210,-3512,-157,-124,27,-200,-63,-7,915,442,-20,40,2201,139,1448,-35,467,-843,-58,-83,-40,0,1194,33,139,-373,2,152,66,808,-10162,170,404,508,958,516,236,30,61,-2496,226,-17,-22,2122,-142,-22,-55,360,444,498,495,477,-127,12732,523,38,21522,432,63,124,297,-228,68,-61,15,-17,15,86,10,561,1982,96,81,-139,-71,27,-198,50,-332,-88,12,-20,106,-175,950,-101,83,43,231,-15,-10,264,-20,-35,71,139,45,320,119,20,1136,12,-20,190,-22,490,-188,27,325,-43,43,-541,1527,-27,17,25,1240,526,198,-317,516,259,68,330,-86,1115,401,551,2811,-645,1400,-33,-172,4234,20,15,-7,157,-935,53064,27,691,-99,305,-15,-38,104,-149,752,-12,-61,-45,742,381,149,2114,198,1855,269,780,-162,-22,589,20,-25,-10,-1797,185,177,17,35,-83,-68,-149,960,271,-198,-167,48,953,510,-40,233,73,386,144,91,226,-251,1217,180,-86,-516,-53,1672,1911,-3683,-30,-241,1550,-5,64015,40467,-198,353,-61,3886,13632,1314,17,-73,180,279,-310,193,-17,213,35,798,16967,11286,78,76,15,-2465,1509,978,55,43,99,155,302,1441,271,-83,-132,2,-414,-498,302,7,-175,114,-119,55,-810,411,12,-180,109,66,-63,9837,-236,127,-119,-119,-33,-129,-22,-249,-53,-780,4961,91,439,170,-213,111,43,686,-155,188,20,15,-38,-76,-33,-15,27,355,269,-310,35,33,322,564,2801,8281,2778,10370,-152,27,78,106,162,45,846,-111,58,-251,172,61,1026,-160,175,122,71,-76,-162,-88,124,1009,-78,216,10,244,144,134,-119,203,5279,7,71,208,416,-950,177,-35,183,40,-38,68,106,0,221,358,256,1029,429,391,216,122,33,162,-27,10,-12,-2170,279,292,-152,30,292,317,437,-127,-371,-348,-465,132,754,803,1100,630,78,160,-305,81,-83,236,177,-27,549,152,582,264,401,526,99,-48,1009,144,27,27,114,2,-25,754,-106,790,355,53,305,142,-376,584,122,27,340,-88,-2,-409,-48,-188,200,-53,-604,668,66,10,-180,345,599,19948,271,-437,14699,-17,142,17,-452,1217,7463,673,-2152,1705,86,40,14191,3319,4056,43,1453,0,109,101,45,-155,73,-22,149,-53,-109,-269,20,287,3055,155,-73,297,127,-58,96,-790,-96,404,134,-99,25,73,-124,101,134,414,109,12,345,99,38,541,231,-546,170,-114,315,1070,-91,348,88,1359,406,55,231,-63,2066,1451,1059,34173,13754,-83,91,-5,-53,-45,-91,630,165,3047,73,-68,149,127,-292,119,307,-604,399,-50,139,88,251,48,327,396,-233,25,18723,904,61,-20,320,205,17,83,142,223,10,-2,-172,10,671,338,157,632,798,7,-442,513,73,-78,274,45,-76,185,-1085,22,99,33,3040,63,-48,2076,-30,-55,-53,-15,-83,226,-81,63,48,317,1093,183,170,360,175,518,50,119,411,-269,160,12,68,-78,-12,726,-20,116,472,27,221,12,1090,175,457,-823,-5,-91,-399,88,96,1026,-147,457,228,167,50,-7,104,101,200,12,157,-2,155,7,-208,238,170,195,124,404,737,-198,-180,516,836,-20,40,-71,322,132,432,-236,-66,650,86,-17,612,279,271,-45,338,-73,35,-83,-40,-127,-48,109,157,381,-157,226,-129,68,-457,25,-1792,1235,127,-127,180,-38,264,366,20253,160,142,1281,282,-15,-396,-132,48,-20,27,5310,-241,12897,-10,50,17259,648,172,-48,-399,73,597,160,1179,-40,20,574,355,266,17,10,-15,-104,20,-170,-381,386,241,167,40,8202,-48,99,488,2,-38,848,-15,-94,8693,5780,33,-10,411,25,13639,2213,7191,-43,-114,-2,22,-17,-15,1011,259,-99,866,4659,58,945,-221,-27,3009,-53,68,-109,-355,1143,-20,541,-83,172,-277,777,40,-785,58,122,132,317,160,569,1006,-167,307,88,-366,-129,676,549,155,94,99,66,1896,2587,-172,-127,142,132,203,592,96,1367,381,935,137,38,264,104,33,-17,180,40,-25,729,38,22,-737,-195,823,25,-12,167,-358,561,-238,55,-22,40,676,594,-226,-71,1377,8828,-35,200,101,10,228,-266,554,5604,165,139,-15,343,907,170,132,533,165,66,696,38,165,472,472,-61,493,162,-63,-7,-45,3568,345,1156,88,-599,40,-167,1034,106,-183,-68,40,38,61,638,236,104,43,-411,-340,-30,1316,-592,732,2430,45,-2,17,325,71,427,147,1901,43,12,175,22,444,76,94,-185,236,-485,6029,48,-20,266,-198,-15,366,378,729,-17,144,976,-320,205,45,127,10,71,-20,210,-15,411,40,1881,12,686,681,1225,-15,122,53,38,-12,-101,1403,-33,353,320,1176,327,366,91,-256,513,2,-94,-35,-195,-271,-155,25,-17,-55,-15,236,289,434,193,-129,172,-193,25,127,81,-119,-35,-498,488,-5,9649,3246,-363,-35,-22,1075,177,22922,22,40,35,-124,-343,15,33,157,61,353,251,152,353,180,-152,55,127,15,132,-99,27,1942,183,-256,-274,-116,-22,7,353,343,2,254,559,-15,116,53,38,-12,53,10,-170,134,124,38,-43,221,-589,282,-208,99,338,198,50,421,-355,167,147,-58,302,592,673,-167,551,43,439,-22,-1082,-25,25,0,-15,-20,2539,25,378,193,-332,-142,33,-43,-30,-976,475,521,376,-116,693,-460,-144,10,25,22,363,660,76,223,866,1286,1037,251,0,-2,170,2043,94,-518,66,58,231,22988,236,109,-33,-5,213,-17,94,3307,175,663,846,1362,-124,27,198,274,-259,223,-5,-38,185,284,66,218,-460,-68,134,-17,-12,1001,599,-76,-846,-68,40,569,393,2076,2709,25,101,704,96,3101,378,81,-249,-1344,307,-30,338,15,610,53,1146,185,-238,-587,-317,116,401,1682,30,40,155,122,-127,-320,1151,-86,1797,-50,-132,-531,129,-302,-162,-142,139,-73,-2,109,-40,-88,406,55,-109,-183,15,-73,1786,-68,-663,-574,294,4455,-180,40,-538,719,383,287,485,1164,-622,-132,818,68,132,43,317,122,-48,180,569,68,30,815,-38,-528,73,-287,114,549,-43,-465,15,3983,43,371,-48,38,-1204,-7,874,1850,2,-1942,38,-134,101,137,134,144,-88,617,294,22,988,772,411,345,83,699,1179,427,23639,1804,-561,1962,25,73,58,-12,1354,-7,-2066,-3009,-122,322,-63,-1573,1359,-63,-485,571,124,45,-43,3556,-246,-124,-2,198,274,3080,696,-327,73,101,-310,945,3947,223,-312,76,393,-58,11446,-1204,-4110,-5238,-13436,-841,-574,289,81,-134,-27,-10,-38,216,-221,2104,8413,8535,73,132,-124,99,4669,335,3845,-30,152,45,40,-358,4524,76,-35,3764,244,53,-27,259,208,589,1034,66,4903,-261,137,-45,-485,-203,25,485,315,139,-124,-38,241,-48,284,147,-20,-71,55,-317,264,851,475,155,312,-78,-449,-122,-40,462,27,355,-22,7,50,2,-104,236,183,200,1087,1077,-452,-35,14016,-45,27,-68,86,-38,226,-27,-7,-706,63,94,-111,1448,30,45,-213,-132,457,-170,488,111,-48,-129,-134,2356,-73,-38,22,238,137,-183,-111,-38,99,160,137,315,127,193,129,114,-27,470,-30,-88,43,658,-78,27,106,43,94,-55,88,-10,640,55,12,-99,610,13240,15,30,-66,-58,106,244,3355,-33,388,-38,-322,495,27,195,289,78,27,-160,785,1624,-218,-53,350,-12,114,-33,538,142,973,-17,137,177,53,-40,27,-155,622,88,216,106,-2,-22,170,-35,139,940,810,-7,-231,-447,299,147,282,231,-78,175,-297,157,50,-223,22,1921,-43,223,3027,444,437,-129,892,-739,188,-127,226,-15,35,-147,-55,-66,139,-124,53,139,30,282,119,793,-53,63,289,-17,-244,-40,538,645,-170,887,94,869,6847,1133,-78,2928,1858,-40,-142,-58,452,-68,101,14877,264,205,1835,-83,-7,10912,10564,1197,-635,129,53,279,-73,-83,-1136,-88,0,142,200,3779,-119,388,55,-411,-45,571,2196,299,172,30,386,330,922,58,-111,-177,20,-17,149,11141,546,-38,683,17,7,-122,147,134,73,-50,27,76,27,86,-33,17,533,-27,442,244,-937,193,305,307,488,17005,29257,1367,254,-343,22050,19150,17,3116,-208,2,404,-15,83,-94,10,43,231,35,221,216,-190,-1855,846,195,922,53,302,-78,673,208,-68,226,78
60,-172,-122,38,31,-201,-226,242,-117,-6,179,34,-517,-101,-128,255,-98,-15,-65,31022,-76,133,44,25,-99,1,-20,-179,-50,53,52,-150,-58,-682,-222,-334,-233,22,377,-63,-269,-225,15080,18761,21628,24538,33580,25423,210,-38,196,68,490,352,1573,199,28,199,-204,236,402,82,191,11,-42,201,90,1502,87,661,-653,-629,295,-204,-423,-109,28,122,256,754,90,-25,323,115,-93,80,141,195,2153,288,36,233,133,375,486,345,-17,-28,342,256,80,71,-101,166,134,-348,-33,2880,536,-444,245,30,15,130,-74,-30,-15,188,-72,-19,139,68,-3,91,623,-26,-472,65,-41,166,107,477,321,-7,87,-1,341,125,1021,943,618,-45,65,-31,228,106,271,152,753,19,-260,174,-95,-28,674,263,-203,344,-12,564,-164,279,9,640,272,-65,-31,290,260,379,401,1129,4,128,288,196,177,68,163,-53,258,1029,174,7,17,-117,-38,-20,99,-747,57,1950,9,6,-176,209,1433,155,65,19,553,130,214,66,161,60,312,-44,1457,656,375,-41,-163,34,38,3771,-404,210,992,-185,688,371,-76,74,17,103,15716,-169,647,628,95,-23,187,564,247,434,60,-6,967,1635,229,3192,77,1812,31,30,391,-120,42,353,157,-66,256,412,20,271,93,126,117,1213,-3,1898,510,-394,164,272,-117,-31,-723,-36,-84,-96,109,155,404,1199,293,123,39,-387,168,-7,842,3050,103,9,39,155,206,585,55,15775,1437,1037,-39,634,1511,404,266,434,123,314,-123,7,104,206,-15,103,1896,171,34,-228,691,-57,118,528,74,104,142,95,-14,364,1611,1249,631,207,171,891,326,91,-6,328,374,413,101,222,218,312,266,1245,252,245,561,2460,-47,25,41,999,96,-114,905,180,71,1697,76,91,45,1627,153,14,153,413,716,580,2534,55,242,-3,1359,867,664,851,-142,193,375,781,689,-114,486,374,115,141,-12,-41,593,1371,821,-745,182,-76,4,-49,-6,57,-74,-12,120,3,239,580,188,406,287,274,153,114,201,558,-218,-74,-60,496,524,-3,-20,382,242,258,244,85,19,-7,95,377,691,218,47,559,122,203,739,1360,90,-6,210,-61,206,99,499,309,76,888,-201,149,55,-38,-639,188,-169,290,781,558,47,1433,800,-25,-490,512,-444,111,250,183,130,578,1021,-204,53,-375,34,-266,134,134,80,95,-60,469,-150,57,196,-44,1595,176,-33,331,49,363,38,-145,90,30,12,4,137,128,-244,117,203,299,125,315,226,-604,-53,466,1670,-91,732,312,95,2412,171,-174,52,91,-9,65,144,385,329,168,537,253,523,355,26,26,583,1111,666,252,61,531,4828,193,710,223,997,383,428,183,103,147,111,972,570,157,-53,185,-364,107,80,-185,471,-134,199,636,1251,-3,-53,298,3,-31,60,10228,196,-45,118,287,14509,34,-164,196,-285,68,-90,244,471,206,290,128,91,499,61,-564,620,174,1647,-7,215,369,310,90,136,99,52,-144,444,-38,155,275,99,-55,36,180,55,815,302,396,348,-1035,171,111,572,201,1732,33,20,491,996,114,228,-190,225,702,99,96,-71,320,234,160,523,188,28,15,38,458,114,-455,12,-103,1108,3,301,87,-34,11,117,-20,250,965,637,-164,-34,20,564,87,57,-111,38,-58,98,77,-87,550,325,523,1094,574,1233,-282,31,271,99,176,434,68,371,166,249,379,-50,95,215,355,-45,112,-45,-123,-210,371,275,756,210,114,-23,7,31,329,328,-11,-26,123,103,409,-12,31,-185,231,214,133,634,433,-34,437,28,-93,115,247,199,120,218,168,1413,333,383,-1140,210,111,-118,55,666,-80,593,-195,157,104,118,87,20,80,133,274,31,-39,261,125,7161,98,118,188,572,1164,-183,323,237,-263,6,207,49,57,4177,-77,12,245,91,33,101,15,747,-84,1300,426,84,41,1816,217,45,1690,488,388,79,946,22,168,-3,15,-19,214,203,1517,-157,321,49,80,1134,120,60,-272,2831,1513,247,-106,31,-393,870,1046,2191,41,350,96,-4,31,11800,134,158,1673,475,888,356,301,210,474,-502,-1135,320,-137,-367,-277,-843,-109,245,-131,185,95,2317,361,263,42,-3,333,563,-385,157,31,-4,82,77,388,341,-71,-228,304,-30,120,1892,19,-93,42,-123,85,-486,-72,264,-101,-77,-25,-77,-348,82,-72,455,-52,-490,-245,821,198,130,355,1403,23450,266,69,218,1678,-258,42,-959,2783,-7,-252,122,22,3,237,651,269,20371,36,190,25,342,361,15,448,57,-372,6242,-160,-45,-14,-72,464,20397,-82,-1141,52,-23,217,-1,164,-417,1708,459,-36,126,99,2959,91,266,14,14577,1145,28,283,187,256,312,185,-115,380,249,-163,8577,-90,17,-28,23,-107,204,57,-315,153,-244,210,60,-85,176,71,-33,-406,277,1080,-38,-141,382,1211,3,-150,166,321,394,407,314,131,413,19,-176,-25,-201,55,3,203,528,169,-247,-84,250,528,17,-168,-68,577,63,561,-279,-217,15191,-23,729,33,233,11,-82,-118,-130,44,-50,-369,87,5157,134,282,-9,183,177,187,682,-63,-150,109,531,109,-111,-1914,13838,407,91,-72,3292,-66,88,99,9010,-279,249,57,616,115,-98,-396,394,174,972,-58,321,-72,1417,572,95,277,145,-520,9,209,371,185,-6,112,-55,-507,76,486,701,837,1070,283,-76,-283,122,-3,407,239,662,49,11218,-26,318,2501,575,-195,-58,144,1866,79,412,150,253,141,50,130,4699,193,269,789,372,-33,253,136,-168,142,-20,68,531,-1300,-164,58,15,3,540,1657,1963,314,-120,285,4,599,242,574,158,940,980,-93,1606,-38,23,312,-209,2337,664,1,155,4,4006,8929,-36,283,-203,133,761,-171,-7,-172,-158,12,336,1365,74,642,-20,53,-280,-20,263,1340,1617,126,406,3149,-3,-1,42,111,126,66,-12,28,812,-295,11,141,-141,490,22,226,1134,158,6374,164,6,31,223,71,106,-41,-91,1091,65,122,729,58,-93,12,85,-47,55,-3,-77,572,326,-1224,743,71,85,125,-314,63,-47,315,-101,206,-252,114,-112,107,-47,-295,117,653,-164,-859,3,372,33011,14021,9,-418,-463,293,-80,44,236,66,-391,109,604,69,-180,-60,30,1635,-114,155,47,36,20,252,218,33,428,494,98,42,157,983,58,-87,36,421,591,269,218,-228,-45,4,4,95,3356,49,217,-12,452,-15,-336,-126,69,63,-104,766,-195,190,88,57,829,-1000,-188,261,753,-71,805,9332,15,2296,12,222,1833,-122,455,42,122,-53,133,169,-12,50,131,-106,9,-82,11,111,145,245,572,71,-379,325,306,93,298,1584,329,247,23,41,521,49,-115,45,-280,260,63,26,1949,7,753,98,160,99,-413,-442,363,-1659,-25,832,360,82,802,1173,66,112,-36,-3,3602,11,9,118,153,355,459,1200,111,-85,612,23,142,85,23,104,130,2312,17206,109,1744,379,72,-7,501,99,53,-55,399,831,648,-25,-39,41,701,688,79,326,217,-120,1,104,591,166,3,456,60,228,5048,68,-256,1947,6,-168,204,415,266,-172,-28,76,-93,96,-310,-125,19,883,-718,650,588,3015,375,491,111,-215,76,149,-30,407,331,-115,-41,1960,130,-442,-28,-33,-14,-12,-177,126,-209,0,112,266,407,870,820,-210,80,171,19,320,-1541,401,401,-166,-41,90,50,-139,157,634,96,61,296,-57,96,101,120,-80,223,969,-191,-339,-125,-360,17,231,2455,3,82,540,20,1,-65,87,114,52,905,133,158,-58,152,-499,406,277,44,-4,528,6,22,-6,45,20,-63,-564,859,160,-9,360,20,-47,-139,517,68,-25,19,575,-107,1987,380,647,275,166,-157,-84,328,4,199,98,260,6,479,60,-28,144,-23,31,275,594,382,367,185,69,45,1061,241,323,16673,66,164,-6,-22,283,-65,131,131,-76,17,526,590,58,244,-4,180,52,-63,106,217,36,918,361,123,253,222,-17,72,296,507,-101,-195,-112,268,185,98,-22,-141,-268,-53,-172,60,-318,-7,-364,19,22,310,1,155,-96,352,-504,209,231,-25,39,-106,183,-152,206,169,98,334,2134,-25,542,-15,471,280,279,375,30,223,480,-61,-25,22,68,471,1,-88,50,640,-3,285,20,491,65,185,536,778,196,134,87,-214,61,326,169,42,49,228,79,212,112,-79,-350,-577,209,-299,117,47,128,387,-191,95,-84,-348,164,199,-23,26,534,7833,-12,-207,11859,-84,-34,19,-632,12,1208,39,445,112,-1,34,-177,125,-236,30,234,20,239,49,263,-215,-25,751,139,44,415,1162,-196,-206,17036,31,-612,410,95,23,66,226,53,-118,325,-225,453,-285,218,-14,214,128,448,-19,120,545,183,36,502,1303,575,11,28,-445,683,-187,261,-15,33,11,-675,96,385,1054,177,-84,187,329,-588,52,-49,19,-22,38,-47,-228,-3,199,225,20,25420,529,27157,27585,25728,44,-9,74,5272,-482,320,845,7920,71,0,1992,27285,574,-204,66,-123,1584,1670,-118,22,72,117,1733,80,-15,371,-57,-610,312,-50,17258,-158,231,342,15334,36,1118,249,79,14,104,49,480,-900,191,-220,69,-91,-166,-226,1960,199,-95,786,758,-69,781,1054,185,536,-307,1048,291,139,147,61,336,420,239,163,-1115,7511,28,24327,531,45,38,188,-266,77,79,310,166,-229,88,-26,245,101,234,171,34,22,33,22,345,-19,60,-160,17,436,34591,6,107,367,1923,-28,-72,90,-923,90,66,93,431,-34,2460,187,-328,-49,69,-426,84,-231,49,553,-22,22,-220,168,152,1111,-126,266,255,-23,-98,827,-111,256,22,-45,199,168,260,239,101,65,-152,264,38,125,-11,126,380,894,1641,-269,163,63,41,-72,2285,479,12212,775,-702,1319,382,128,3,-106,-464,152,-740,196,791,69,323,263,103,106,-164,8150,107,-25,171,597,545,1067,-17,-41,160,708,195,-196,1237,994,204,14,-52,-58,-80,653,291,98,3080,209,-36,171,837,176,1176,439,42,133,168,87,50,52,123,190,234,109,512,141,-318,653,36,2006,605,196,228,471,72,269,1486,163,53,390,-20,-17,341,133,111,130,-58,104,98,122,314,187,797,187,880,-17,203,-9,574,245,529,-118,44,1725,-14,-1,421,-174,142,174,-98,118,233,-30,-145,96,199,187,-407,-190,91,-160,1643,1111,-272,302,114,125,507,-425,558,-252,158,80,9,970,233,2756,250,174,274,-111,-107,9,-58,103,-402,250,99,6,247,-291,-31,-339,122,-120,-106,-114,206,-383,-7,74,118,12,19,-134,420,14179,3494,1281,-33,-12,182,-28,288,118,47,115,190,7,-3,-172,63,123,-85,1933,296,-204,-63,1043,-383,-429,126,28,245,2442,-68,677,425,407,-41,1490,433,-71,626,-22,3375,3598,-14,-22,28,299,-6,-266,-461,1620,-196,115,-7,861,161,231,150,49,-12,19,-20,342,-353,79,716,-260,-55,14208,-605,659,306,-30,290,115,247,0,88,137,-623,149,279,-120,20,-80,-41,302,-61,-157,109,388,199,93,307,1069,924,4507,123,17,23,114,-269,-385,-36,33,434,358,131,287,-153,20,7,117,26,53,85,-940,-6,-133,1654,203,88,-312,117,183,57,1102,-42,101,1021,-52,-149,748,694,-41,250,-84,99,12,168,-1,-50,42,12841,-19,272,325,-274,306,147,-23,82,505,187,-25,-701,234,1070,369,52,125,112,245,101,53,1086,661,2282,18715,498,34,-169,131,298,288,14,275,483,225,-49,133,815,374,-72,572,-80,-650,79,-141,-163,239,1606,-104,19,134,2241,99,3717,58,14025,1993,-65,139,-7,38,49,0,382,264,2588,139,-47,122,326,1712,134,301,439,361,30,-555,-71,109,-201,164,272,420,95,282,342,-201,1137,-277,1349,79,1817,7,900,437,1343,44,210,-26,-387,275,358,-87,269,23,269,-45,172,-93,328,818,545,283,412,-19,249,122,509,526,528,426,-69,133,-4,215,283,36,144,2710,591,-33,123,664,158,515,228,120,69,686,578,190,-301,0,-117,456,-14,656,-486,590,1013,-20,574,152,-90,285,382,199,277,682,1498,99,104,134,-66,80,79,-152,25625,-250,577,-17,49,-445,471,206,-310,147,1256,992,123,-118,-147,-87,306,612,596,-558,-402,-166,155,12,453,437,274,239,-28,-47,453,128,-65,30,-72,326,249,11,-41,-26,1498,-33,-1086,-1,6,93,4,88,-91,9,209,556,447,182,193,505,-1,295,111,0,648,1143,117,-12,-149,-196,-23,106,-4,415,-103,9,531,540,-106,104,1,68,1714,-71,2886,296,204,220,264,-33,69,502,-153,122,1,2483,226,-4,204,-93,33,307,-369,1890,107,-39,137,52,171,-80,104,128,-180,179,317,171,134,-50,111,106,-53,96,-14,6004,374,149,-317,69,91,31,-52,387,195,-225,157,204,103,-52,260,-22,25,-60,-84,226,-153,-38,948,49,1037,25,33,-434,-19,-22,168,-499,61,-7,-329,239,-266,163,474,-745,45,115,171,172,91,252,161,36,-112,-144,320,-249,45,145,683,-261,-91,217,429,137,112,488,-301,79,479,47,-25,-141,207,55,328,-285,36,152,155,3035,133,945,-310,669,182,101,109,33,647,196,196,406,-656,413,440,-547,391,-394,269,-9,636,14,72,350,-44,50,406,-203,-17,152,6,-191,79,193,72,-22,136,145,74,-22,-96,564,19,196,314,456,-80,634,-150,970,328,-23,47,141,-1,428,-36,337,11,-55,144,1054,114,260,188,7,71,-696,55,417,946,279,228,17,195,674,193,664,-133,921,-9,15,1376,-96,352,84,55,76,-15,-275,383,123,-147,-1151,65,563,-14,41,168,380,845,147,31,19,225,141,-6,-11,179,145,188,-90,342,93,44,712,539,31,275,675,74,134,52,1928,245,387,-164,85,-732,12988,258,1299,458,0,764,191,130,36,-58,732,-60,569,250,-45,-41,929,122,55,-49,-69,133,321,1137,556,182,-134,36,406,3096,15570,9576,176,-15,6,222,-77,-28,542,-44,-34,157,172,-41,47,180,-179,239,-36,280,44,323,385,85,-11,147,785,379,233,399,4,339,101,88,109,388,561,604,6,-161,16046,24341,24349,9553,13886,25442,5099,385,815,101,-145,609,293,42,383,12,23,-601,-126,409,19,-69,-317,691,93,-11,-76,302,9,-33,-33,629,168,157,612,-38,96,14,-23,3,45,-179,223,34,71,-198,523,-229,234,214,-55,295,883,-231,69,-22,628,341,333,-429,98,141,-401,-55,188,269,361,-158,26,142,927,71,179,68,-133,34,288,91,-31,9,112,-53,353,98,120,-229,53,-172,450,63,101,283,256,328,-509,19,880,201,87,23,-724,321,136,201,109,65,364,45,-9,413,177,-269,1246,-3,-60,-271,34,180,429,544,41,65,1483,49,172,-76,-39,-201,310,261,120,-141,282,-28,66,33,220,1957,651,1443,42,22,296,-26,-26,207,1,-111,502,-160,501,280,153,9,228,321,5870,99,-182,98,136,-74,57,34,-19,153,107,301,163,66,-222,-111,96,71,0,-128,275,107,122,-141,-53,524,93,-218,215,12,-47,-185,-53,-12,120,661,93,296,236,-375,42,80,99,372,-93,531,-7,160,-90,3516,76,345,183,720,25,-11,-255,41,118,1849,125,1108,133,2049,39,312,209,382,-45,-99,147,-99,-45,209,28,-141,185,477,63,367,71,20,329,93,-231,288,323,1641,241,23,-45,0,39,-153,93,390,-266,158,-166,93,-130,505,-45,1235,-50,-301,463,-355,180,42,558,157,-307,-466,-14,1135,1172,-260,-220,369,-234,80,42,-137,137,212,907,-394,180,115,12,375,-87,172,394,60,34,-415,4,-190,-11,-57,-11,290,520,57,588,-172,-96,101,-123,-241,900,260,190,52,556,314,827,209,0,426,33,-214,183,74,84,74,493,-69,88,-47,34,144,-93,461,1624,275,207,128,-87,65,255,12,2052,249,-710,-42,131,1259,-52,33,-28,229,850,412,174,-150,-220,152,-288,-36,14,4,295,152,137,291,406,307,180,26,-12,-467,-233,1026,23,137,580,-145,33,258,84,23,672,111,1,897,133,385,2908,402,-12,-14,-339,-566,30,114,79,-245,28,-39,-141,-258,-84,-631,426,318,1157,277,-229,574,261,23,158,169,30,95,69,-6,182,161,705,114,34,-53,249,-80,47,79,839,-285,176,731,-72,69,104,-79,57,337,426,2780,133,220,1138,52,82,1002,713,918,91,747,-42,137,-41,1421,-28,41,139,1568,261,1279,366,-76,788,1210,-17,60,25,-3,-277,4,19,486,320,223,168,-93,716,106,293,-141,207,-82,309,-390,52,33,513,406,329,314,548,229,-177,-84,53,87,-479,1083,-158,28,551,474,277,-87,-125,493,22,218,307,283,118,-90,659,91,225,986,123,109,30,13746,-101,1075,41,304,107,723,-277,69,-14,-317,2203,53,28,388,74,-55,485,139,182,93,-26,268,107,1476,85,71,1387,106,-39,1839,144,258,693,796,347,1218,1876,-19,299,-58,385,72,255,187,134,41,1779,249,-796,739,905,-199,-65,55,7,141,720,52,-643,147,258,-80,80,53,269,-672,3,195,171,-109,807,-136,515,-433,-72,152,-45,312,-26,418,-201,31,984,42,225,-22,226,-58,223,136,44,136,93,61,-15,99,1178,878,3375,106,669,371,-144,-115,-19,-158,55,374,-125,318,-168,908,-474,256,23,461,33,1562,225,42,285,-47,-39,20,34,704,428,360,112,55,52,353,42,745,-66,84,1027,8495,112,486,107,99,104,-120,38,128,95,106,-47,22,131,-63,536,118,877,19,-6,76,-88,17,429,-90,-71,177,252,393,-550,4,249,-41,212,-131,-1,-253,53,-353,28,-418,1438,118,69,-74,30,255,1,626,26,-452,-136,53,133,20,239,1703,-45,139,22,272,111,98,82,-1421,889,-153,-239,-7,3165,-53,-139,-117,-321,23,-282,155,141,15,172,293,-3,413,109,-157,705,306,1007,133,-45,609,85,-179,193,-28,33,20,702,153,1305,551,66,90,288,131,171,458,-114,1403,147,280,-30,52,291,406,450,-22,0,190,-58,-177,282,429,190,53,-20,355,-39,191,-99,177,510,570,561,452,-566,-49,52,106,252,448,38,66,1,174,724,-25,39,380,-79,-20,80,-55,555,-25,325,-106,-14,-38,958,55,-6,1029,566,45,528,33,88,26,781,20,-44,-14,50,222,315,264,245,11,531,-3,826,136,391,-518,394,788,291,-1356,1199,126,834,63,482,-42,217,4,264,-195,-50,71,-945,58,38,76,517,1148,144,307,575,310,1925,1985,57,285,1056,104,-153,42,380,-237,323,417,1,15,53,385,72,101,532,1463,-74,-812,28,176,0,88,-326,1157,19,128,55,433,123,106,190,269,1108,583,106,68,104,-65,71,117,372,95,-237,44,104,572,-74,1270,-65,149,149,524,-50,604,-34,374,-109,409,-41,185,8125,515,1316,190,-87,-87,98,1576,436,691,-499,334,226,282,1245,45,123,509,34,-172,104,153,-191,-12,-4,39,111,130,559,-174,488,-157,98,0,128,494,521,685,60,260,344,163,106,-36,20,191,607,647,-91,58,42,309,-179,188,242,93,76,85,-39,1088,74,1,161,-47,183,57,15,39,114,0,-6,169,264,677,-104,-88,342,174,256,-309,512,334,-387,-182,306,-30,149,17,99,474,-17,731,-33,118,965,255,721,6,157,431,-157,477,36,49,204,843,269,133,169,824,-15,12,-339,7,-459,-145,207,179,-34,-30,139,-3,-261,-643,574,61,1603,93,63,-1330,153,323,19,-53,387,68,20,-41,-57,570,23,-80,226,158,-123,87,52,111,191,-87,-91,236,50,604,482,49,17,-345,398,621,334,204,188,47,11,518,425,-93,350,-261,639,95,107,101,-52,-28,-220,723,-28,899,-95,188,1762,515,797,187,-58,348,22,396,-99,-203,237,-77,-60,26,-63,-137,272,1773,-4,742,117,39,185,185,604,-12,203,65,750,-12,309,134,299,-176,229,58,120,93,-193,101,3395,636,38,172,-204,255,-88,-258,45,36,285,136,1758,-57,142,172,198,-17,-30,139,198,47,2333,517,107,134,282,-9,6,-252,667,1167,702,-323,326,2011,391,-247,4226,-9,203,217,-30,57,158,22,72,-12,-23,291,326,-30,236,-98,79,114,-1,-6,28,705,103,3603,-544,513,72,195,39,104,9902,65,279,-68,-391,-17,0,361,472,693,226,4639,-4,1024,91,-55,-72,521,63,272,120,77,-68,320,561,1962,-1202,27041,63,582,30,-253,103,371,434,4558,2104,7,-38,130,153,174,63,404,187,1700,198,336,25,-12,98,-45,1659,-218,179,-80,-123,15,466,-821,158,117,133,4,-39,677,38,-79,103,77,279,-183,63,99,190,18302,-49,149,139,-134,325,892,44,387,450,-279,-3,406,-61,-599,507,111,95,44,195,382,1762,-149,122,11576,139,0,-393,447,-726,-52,268,220,331,-58,264,1416,-96,256,22,686,256,4499,-20,2188,-26,-42,157,304,967,2345,515,71,22,120,1011,361,-23,333,436,207,867,-36,-172,26,-38,3662,2055,-90,-66,50,3354,231,-26,620,582,142,-1289,9,1689,15,355,122,19715,-7,228,22200,1613,14,1103,363,206,249,1741,3,1080,36,266,58,-226,691,41,158,-141,10449,288,206,30297,464,79,954,247,117,152,28,0,-266,9,15036,1070,-14,66,60,-31,30,-66,509,-87,-91,-125,147,-291,-14,-33,25,-85,-45,777,109,333,1268,-76,475,355,-33,250,0,-169,628,-366,7089,613,337,9,6304,310,-195,431,26,-176,-761,12868,203,-188,2764,-90,101,-225,537,956,250,-118,355,-44,66,288,74,-36,104,150,447,913,469,-36,11,123,1473,33633,24043,2709,-112,-225,-341,58,18498,215,1620,296,4,856,1644,4,185,-68,39,145,63,20114,11762,57,-84,47,157,907,739,296,428,-187,7730,-23,-87,-26,103,-80,31,153,328,45,-512,-52,115,-136,14,-88,60,112,1151,624,57,65,14,-9,15,-90,-14,149,-302,-58,1013,210,33,1325,2907,653,1181,-90,25,79,239,7692,409,277,95,-76,228,-76,-152,228,34,222,693,1249,39,171,1722,149,602,607,91,818,-6,1700,553,472,277,1814,15621,1265,-30,91,55,72,410,-6,55,705,26,104,20278,-7,234,-191,-1,-82,14,347,326,272,-57,-61,363,126,201,249,528,3713,-350,-36,-1,10641,52,71,-9,7,-42,-118,55,3930,-39,-20,112,114,383,191,15507,296,39,375,-106,-198,-50,-196,239,345,564,390,618,250,491,264,164,22,84,50,9,169,312,-41,206,57,93,228,22793,-117,-524,28,363,210,203,1443,-125,715,-242,199,-7,157,578,-128,555,72,410,168,509,7,-176,91,-65,-325,450,231,24514,10736,66,1078,2834,260,662,1435,120,304,2815,759,136,1660,-182,-377,358,304,50,353,283,145,387,218,85,366,775,-236,3023,524,632,182,2510,-203,188,61,123,77,553,136,-461,-179,467,-106,640,20716,-80,9,-44,17,613,-31,1327,919,161,71,206,169,271,191,859,935,886,1976,564,98,150,77,374,467,371,-63,-177,183,-139,134,1124,84,1601,-131,7,237,1663,104,174,128,101,168,-4,379,228,228,22,696,282,-22,-19,-23,38,379,769,515,1406,450,807,7,128,150,-45,-117,-287,724,2645,98,-28,45,885,30,323,-149,8520,-20,-66,142,-22,9,421,84,-288,82,-494,-107,1483,336,237,84,71,912,222,-201,131,38,14195,166,1056,-164,183,122,780,-275,99,298,142,50,93,239,38,120,-30,-77,1019,834,266,-498,130,79,153,214,596,900,21639,1260,7273,234,283,295,402,402,12,17,-421,-323,-50,11,-6,1294,15,155,87,58,-57,-157,401,31,34,794,130,-95,-58,-4,1257,2409,-84,-122,161,-28,217,-114,190,134,483,-34,61,1062,172,193,-245,118,30,84,65,203,-109,-63,268,229,63,57,133,33,130,-488,66,152,-126,90,-288,-22,84,-241,61,490,697,-68,71,-126,-14,502,426,236,60,3,31,-95,-114,-60,231,410,881,76,1027,171,-53,256,-52,160,498,412,-19,-302,53,68,1216,-141,-314,-130,-33,42,87,44,161,2927,207,-150,85,-195,326,6,459,153,33,-28,412,394,104,52,-263,-310,321,837,30,242,1,122,-141,20,3,-91,1034,65,934,-91,494,20,363,897,111,-19,302,261,214,320,147,231,7,171,218,1259,360,141,655,93,3,-675,65,345,-174,71,799,445,640,187,-326,128,-41,-39,-80,588,559,79,-82,68,-734,-15,39,6,-25,11,13546,52,764,95,66,-39,-26,2122,-134,141,-283,886,-19,287,117,11,137,-44,-475,72,1752,521,109,28,222,1866,450,439,366,-231,626,-44,93,107,261,68,52,-685,25,57,271,754,191,112,-41,483,115,387,672,448,7,142,166,-22,767,30,436,482,-337,191,80,-1140,291,50,222,337,769,49,-279,-304,448,-128,547,112,624,-14,-341,283,471,929,250,14,674,-910,-19,3,50,-82,456,61,74,1693,2609,-111,-17,111,9135,1145,11,118,-118,-87,2375,433,14,-95,7,65,38,-198,-47,1755,160,144,52,-58,15,-1,-448,209,-545,272,-49,471,84,1782,28,406,369,9,-6,-204,-49,57,-247,620,163,-12,-28,418,845,28,122,575,198,9,22,45,163,185,-206,33,529,-212,195,-494,52,185,302,7,-42,84,326,236,-112,-133,-196,98,79,509,128,-31,-11,63,58,-90,-33,-3,60,-38,26,-410,528,210,-55,7,210,153,352,-90,63,821,-315,433,553,-153,-14,25,-382,391,57,12,-4,206,36,518,336,20,940,-185,87,33,122,-307,20,-207,241,383,23848,832,-218,885,436,98,-69,344,201,204,-271,22,256,-391,-182,236,212,829,-80,79,-33,-106,145,-198,125,372,-79,68,-41,680,2507,295,-4,19,49,44,185,84,8019,406,-33,-114,0,44,16601,872,23,20390,274,61,-218,153,95,52,-185,551,1427,-23,-39,120,133,50,382,-14,786,223,-176,171,207,-25,567,106,201,-87,-474,-217,171,147,-406,786,2834,50,856,275,149,88,-72,-115,-6,-68,199,107,461,1552,90,307,191,-1367,471,-1,52,131,-34,85,103,253,26,115,28,144,2015,919,231,-52,-45,-53,616,-101,524,-26,-20,967,12,23,237,693,253,550,445,418,19,50,367,704,358,-222,214,-95,-450,-80,15,20757,169,931,233,-198,218,-325,23,228,-84,-144,84,-166,-125,-82,-118,-150,82,-31,-287,-28,22,-588,60,39,-49,183,283,-973,302,17659,-168,87,131,-79,226,58,50,14041,2377,3,147,69,-258,1051,935,394,363,-63,482,418,215,30,505,93,325,122,65,247,193,115,797,-310,-38,169,-19,98,367,99,965,-339,118,60,63,58,204,190,-12,-41,318,23,3464,115,71,125,1383,-76,76,180,204,190,796,204,360,-372,45,15,-1,-45,561,-77,55,631,1421,361,9,-141,17,306,19654,-33,372,472,321,-258,854,645,57,566,61,42,839,467,53,-84,55,-237,-277,25,177,26,76,-80,610,-25,-31,23,61,337,34,434,233,147,52,242,-486,344,68,79,-71,456,-215,217,38,-4,-602,49,255,118,-195,57,210,612,3603,-45,61,-65,283,160,-123,118,42,106,-71,-77,42,71,1,44,-455,12,66,77,-58,-9,161,352,99,-14,38,63,-23,-172,-74,179,-117,61,17,36,1299,9,157,-101,144,19,71,610,-17,452,291,-6,299,207,-50,-69,295,226,72,-61,144,72,-38,158,563,-28,85,155,264,103,82,-33,504,499,20,-6,63,701,352,-231,-11,222,61,137,123,-26,91,1467,71,225,193,-107,5389,479,6,-218,-71,30,96,112,45,-61,196,-352,302,2899,889,60,-31,-7,15,76,-11,87,672,215,22,1040,87,-33,892,450,781,-9,23,77,529,77,-26,2494,274,-88,3,-44,-55,66,23,76,17,45,678,20,-158,1417,85,-31,-264,-510,1511,18444,44,-164,30,-112,-52,-36,-150,-33,1,536,245,47,76,710,277,1224,-6,280,-678,-49,-155,-34,-31,1930,-38,169,-548,26,85,93,-55,122,158,624,440,1048,179,444,60,118,-1917,244,-96,120,678,-65,607,133,715,264,398,72,182,25,11713,720,1,66,748,84,-14,490,-90,166,-60,17,71,-38,6,-204,793,2138,187,-45,-126,-12,-42,-136,60,-321,-122,93,171,-9,66,371,39,68,101,88,-103,-68,214,-82,234,30,122,133,134,147,-19,816,193,-109,187,-23,204,-163,-149,339,-7,-44,-222,999,3,38,3,561,426,28,-196,182,293,31,145,-93,582,-76,241,2421,-482,3470,41,25,4153,142,118,153,274,-929,22551,-50,607,14,1,-19,71,231,-65,491,33,-66,-22,610,275,47,1624,404,2839,-30,250,-120,-31,145,133,-190,-72,-72,-187,498,-166,98,-66,-74,-115,689,198,231,-125,-45,2426,79,115,131,104,279,126,-42,153,-104,1113,-90,-380,-325,-196,1751,2471,287,-236,-314,1703,52,34378,29929,-266,317,-96,2322,10766,951,-139,-707,168,580,-247,118,-61,315,-26,718,14496,13538,26,-47,-80,4,263,5387,4,120,106,91,131,615,231,58,-60,6,-685,-490,314,-22,-341,122,-39,68,-778,472,53,-45,11,-26,-66,204,-160,19,-206,160,107,-61,-22,-295,52,-648,2564,84,331,242,25,-150,28,599,-149,261,26,-22,-114,225,371,44,-39,-60,-233,-402,-7,39,283,268,1846,5456,1682,7061,-504,42,52,107,104,245,575,-125,34,-193,109,-4,831,111,117,176,120,367,23,-201,58,1080,60,217,53,187,111,55,-101,57,4022,-38,141,466,450,-821,249,-250,163,-3,6,80,139,-11,185,263,249,1113,839,293,17,114,366,139,-60,-68,6,-1743,280,282,283,220,190,301,337,122,-360,-296,-344,-291,104,291,1536,907,52,161,-409,-11,-95,233,33,-44,388,-12,735,393,304,425,1084,17,877,177,-256,141,203,14,53,594,91,686,-39,-36,515,-3,-428,436,103,79,66,-63,-22,30,66,74,134,-130,-439,369,76,-111,-253,234,796,25656,341,-179,14745,-33,-74,-50,-215,7527,14603,472,-574,5579,174,60,6604,1920,1812,19,2447,-26,-69,229,-98,191,25,136,131,-28,-433,-190,118,590,3445,99,34,566,210,-101,74,-356,30,421,-7,-117,22,-3,4,-14,180,275,-6,45,4985,-50,66,728,401,-153,91,-63,90,793,31,283,131,1276,607,-50,76,4,1417,881,712,26278,17737,69,-47,142,-28,-38,142,1024,33,520,-23,-144,71,-109,-220,222,1351,-261,158,-228,-38,93,98,118,266,128,139,196,18121,114,41,79,203,310,-28,58,36,196,34,-63,-361,486,517,2496,96,559,406,25,195,20,-95,-206,315,0,-63,66,-661,-383,82,47,3484,104,-52,951,33,-55,-109,114,30,199,-22,-101,104,155,394,242,49,312,107,1241,169,269,325,-144,91,-42,104,-79,88,786,-25,409,333,72,74,-290,854,185,413,-781,-163,-141,-521,-33,4,494,-96,597,20,179,-14,-82,445,122,1,4,-42,36,96,69,-233,133,106,-88,171,391,656,-38,-1,563,590,-6,65,247,112,20,185,-137,19,310,84,-68,247,145,6,-15,255,-220,25,118,-52,-203,244,125,44,-23,-223,6,-128,41,-834,15,-1417,902,141,39,228,38,507,269,6082,223,188,785,106,-7,302,-263,323,-71,47,7167,-74,9166,-6,-6,11429,808,-231,-299,-241,-19,236,126,2415,-90,-480,179,263,164,11,95,74,160,-136,-280,-363,12,437,494,191,2155,-12,-47,229,-12,-19,5389,85,47,38683,40792,-85,25,174,-4,31304,655,5467,3,-122,-103,-66,-9,12,1636,307,25,859,854,57,770,-147,-52,3229,-41,50,31,-241,453,80,290,-44,204,-169,526,209,-583,-11,-12,-212,245,263,597,831,-49,199,490,-241,-52,226,750,212,120,38,39,2423,1086,-65,-139,72,49,160,137,-11,134,277,902,-228,49,260,90,-4,-15,142,66,-115,696,112,-7,-474,71,479,55,-60,401,-117,226,-339,34,-47,30,447,-98,-420,-85,616,14056,1,137,19,-11,223,-215,271,570,155,80,7,74,1067,30,85,314,149,133,315,17,57,1168,455,-96,84,19,128,-12,22,16489,483,350,166,-505,6,-117,945,-45,80,-39,6,20,-66,564,57,168,69,-145,6,-182,498,-415,547,1245,139,174,28,444,25,452,207,1429,854,77,169,58,295,26,109,-190,466,-290,1362,-4,44,222,12,23,326,255,242,95,244,529,-149,-60,9,71,290,145,20,44,11,183,172,3319,17,445,90,455,12,-50,137,-163,55,57,1042,-23,954,854,1186,521,697,215,325,988,101,-176,141,-28,-263,96,14,99,88,87,82,209,320,95,-104,274,-293,96,261,68,50,55,-599,375,-22,12722,6441,-203,-309,141,542,63,13589,1,-249,11,-53,-247,19,82,183,114,488,253,169,131,44,-95,-90,-158,-47,199,22,38,1057,68,-218,-195,-264,-6,20,234,210,47,214,90,-149,-23,106,229,-68,9,-104,101,160,-210,71,47,199,-291,287,-58,136,201,226,-82,9,-488,11,144,69,-103,428,196,-1,431,818,329,-149,-1316,-76,-99,96,-413,-42,149,88,3819,149,-183,-66,3,-20,50,-477,172,203,237,-58,413,-756,-11,172,-91,190,169,320,-25,-44,839,1062,1928,226,134,-101,45,734,-68,-242,195,509,66,14377,256,0,44,19,60,41,122,2737,164,260,1592,1751,-207,531,229,444,-199,163,118,-98,15,209,3,187,-317,25,23,38,15,537,-141,-112,-512,-31,-57,520,364,4047,5453,-58,76,1195,88,3792,212,-3,152,-1719,53,-215,383,139,396,14,57,-168,3,-325,-237,114,172,1567,-109,145,215,-31,191,-169,4872,-198,647,-69,-109,-488,643,-155,-14,-55,2540,-104,61,152,-122,63,315,-7,-84,-393,85,-45,932,-118,-274,-488,342,1080,-28,112,-145,293,428,637,249,973,-371,-7,191,117,20,7,87,80,-74,214,374,-1,9,272,107,-337,33,-302,-41,502,-53,-77,31,953,-65,145,-84,91,-1186,280,490,1121,125,-1473,-49,6,25,371,50,41,-79,466,85,28,360,191,33,96,68,523,1349,118,15924,3979,-483,3126,-23,-9,25,31,1839,53,-912,-1598,-196,464,-109,-301,1065,-34,-886,96,-226,-77,-153,2260,-88,-74,145,98,71,5097,834,-106,72,310,-49,761,2767,20,-60,-9,1130,31,15118,-1061,-3276,-4388,-9338,-551,-250,180,369,14,104,137,-131,367,66,1724,2458,2883,68,84,-60,49,1348,268,2501,28,112,28,93,-360,3267,149,93,4193,225,-95,-3,187,-1,743,1005,130,1957,-217,33,6,-261,-28,74,318,264,98,-128,-15,157,-98,361,53,-12,25,126,-404,271,2084,413,87,295,-11,42,-117,-142,778,98,20,407,14,30,-28,-174,212,272,382,461,688,339,7,19166,95,28,6,39,-9,-42,-14,87,-122,-14,-91,-112,786,30,-107,-355,-93,402,3,-98,117,-65,-196,-53,945,-61,-47,-66,133,107,34,-90,31,199,180,318,153,-39,342,3,84,34,345,-15,131,47,190,-118,130,50,69,261,-141,-7,39,436,14,47,-131,1046,970,30,206,-117,-36,66,204,8024,-39,185,-84,158,168,15,0,458,80,63,99,1065,753,-161,-33,293,6,-30,7,239,31,567,-7,134,-53,44,28,68,-33,342,-57,61,141,-96,3,60,-23,-7,994,1257,-137,-188,-593,301,68,253,3,131,139,-199,12,11,57,101,892,28,193,1094,910,450,-50,1057,-628,632,38,65,-14,115,-33,39,-23,210,-98,185,147,125,57,754,615,-20,139,161,82,107,-84,425,4203,-106,-107,103,566,685,-234,-149,11166,7035,171,7,-23,442,-53,-61,2828,226,145,2372,-1,-25,1873,2009,804,-483,-34,53,-57,-31,53,-675,-57,7,287,30,629,-447,155,118,-191,-82,458,1099,275,90,15,195,253,517,515,-71,-88,65,-76,-9,2958,404,33,99,-69,328,-112,91,22,188,34,118,11,-6,-125,-34,-53,122,-55,291,122,-191,264,204,234,53,21466,20371,1233,249,-80,8353,5286,-82,1161,-77,-58,128,12,77,-15,-23,9,71,63,264,134,-142,-1865,486,157,334,-130,242,-53,87,98,-26,153,-49
61,-47,-442,-21,396,-351,-394,236,-39,95,203,-75,-507,-292,-416,158,307,-175,-656,36915,62,149,-104,-17,-110,39,-56,-93,-15,-8,-26,-264,28,-875,-277,-210,-273,73,353,-56,-442,-244,14081,14764,18201,23622,31262,28813,314,-91,305,4,448,583,970,10,-112,158,-286,396,145,49,65,47,-268,69,136,2316,73,1521,-853,-988,238,-1200,340,-91,-268,244,481,1484,145,52,1597,-82,-43,132,481,-132,1603,526,60,832,93,749,1020,641,-88,-8,765,88,-28,296,-247,214,550,-578,41,3110,635,-1402,394,97,-277,218,-132,-1515,-23,149,290,62,279,-10,-175,201,1517,-162,-407,-2,-82,199,507,557,-218,-15,-4,-34,825,84,940,1127,810,-84,173,-69,270,-164,236,210,1111,-60,32,238,147,429,1881,353,-593,1846,-342,572,-288,2709,82,355,125,23,60,325,164,1233,457,1090,0,-65,288,719,346,290,104,127,455,3619,-78,43,86,-418,8,-26,-23,-882,23,2681,-23,-65,-160,329,682,216,153,-106,279,203,450,6,270,75,0,-433,2451,1179,1573,242,-288,19,-49,6805,-730,260,2199,-218,804,593,-147,121,0,117,16422,-203,227,392,6,-39,429,591,838,227,-132,838,827,2119,201,2917,671,2691,88,4,457,43,173,483,600,-149,615,342,97,381,-179,238,60,3697,188,2468,422,-552,420,149,91,67,-1005,-106,2,-550,-112,541,602,916,481,249,-86,-866,-28,-80,645,16342,43,97,158,201,400,663,-71,14335,866,2041,-75,596,400,134,197,964,505,457,227,62,78,483,-123,223,4152,236,-192,-257,821,-162,238,424,34,75,-32,17,-13,483,856,1144,769,325,147,2195,364,374,136,1543,1072,687,125,127,435,52,491,1280,561,71,-95,2392,-95,26,-36,1176,123,-65,1571,435,69,3053,201,-13,130,2592,598,396,-56,-1775,916,754,3012,71,491,-43,1905,667,1434,643,-240,-23,156,793,515,192,1085,418,340,273,-19,-199,1421,591,1209,-446,446,-244,-127,101,34,290,-476,8,472,-28,273,472,726,661,439,429,26,114,112,-197,-693,-563,-277,1690,1198,-41,-39,578,346,-260,21,15,383,-93,99,392,704,455,114,2108,186,-13,1137,1989,162,-199,-999,201,257,442,439,819,-26,351,481,459,104,-218,19,299,136,123,1176,912,93,793,589,-130,-793,713,-357,-671,-62,175,54,708,4083,-216,49,-309,-39,-121,312,-36,-32,82,-121,264,-175,125,-190,75,210,160,381,639,286,99,218,-106,4,175,630,-49,-2,54,-411,104,218,166,86,201,262,-873,-283,520,784,-808,526,346,-69,856,-442,-524,229,333,15,-240,75,632,710,65,745,216,708,188,112,-953,1168,691,851,459,199,797,4336,216,619,422,847,93,95,290,54,93,1515,13990,1148,431,-80,381,-689,104,-60,-36,1072,197,604,1436,2195,69,19,478,-28,23,-45,9742,264,-39,476,1811,26591,82,-1853,1055,-305,-71,192,205,648,305,491,229,381,1595,-34,-353,847,41,1493,78,361,236,333,123,151,80,-60,-312,882,108,351,340,-17,-52,223,216,34,622,442,689,125,-1335,322,117,1293,318,-240,296,47,541,2676,36,242,778,752,3053,351,-117,-184,147,312,-65,-162,320,45,30,114,526,277,262,84,-242,752,0,387,138,-199,-117,1395,88,624,873,316,-52,-71,56,420,147,251,88,127,26,199,147,-97,723,654,387,1337,929,1283,-836,-17,1287,205,264,561,-67,784,439,173,509,0,-21,158,249,-255,-8,-151,-166,-632,806,474,2290,153,47,43,483,19,114,994,-4,21,88,229,472,-333,-164,-340,166,394,-52,845,251,-60,918,-153,359,162,195,249,69,192,97,1701,136,327,-2945,257,270,15,56,3576,21,578,-125,251,-26,218,218,381,117,-23,392,23,28,292,97,8403,143,86,166,151,2347,-472,101,723,-981,-95,645,67,117,140,-140,-179,583,-1400,104,218,-26,1343,-266,2512,143,125,210,1590,82,156,52,598,879,49,5676,-110,864,-34,75,15,99,275,2466,-156,136,132,223,1157,578,-160,-78,2338,1933,292,-160,463,-788,2704,1285,505,179,557,244,-54,-54,16723,463,179,1885,437,1439,355,474,134,990,-825,-1720,140,-153,-1462,-615,-1569,-327,21,-335,322,-175,5973,1231,383,-23,-435,1012,934,-541,210,-84,-34,374,84,502,1120,-125,-73,377,119,99,756,171,75,-164,-331,312,-810,149,819,-39,-247,-231,-73,-611,101,-52,754,-93,600,-123,2228,88,225,331,1638,19480,400,0,253,2882,-184,67,-1163,5193,-8,-171,-60,6,-91,351,702,424,20876,377,195,108,359,455,-442,266,86,-411,14150,-186,-80,283,-138,2824,21912,82,-747,110,-17,17,208,687,-734,3142,405,281,28,214,5743,36,520,-151,15340,2566,-1059,823,706,281,455,99,-75,784,32,-73,6419,-331,169,104,28,26,277,104,-684,186,-747,344,99,-99,1718,39,78,-491,611,944,-136,-782,630,1918,-49,169,19,570,548,520,184,136,840,4,-197,-49,-210,127,-4,574,175,136,-62,-169,240,873,-21,166,-186,1109,-8,535,-231,-392,16381,-26,1016,403,368,10,-201,19,-97,-60,-147,-325,769,7044,13,583,-455,95,-429,320,305,-208,-47,-36,567,182,-218,-3060,16827,669,190,-13,5086,-88,-134,-99,13006,-626,613,234,426,-54,-97,-1924,487,10,173,-374,539,-279,1289,706,32,151,221,-227,-41,357,366,-123,-26,199,-75,-1220,223,524,1887,1135,136,281,130,-322,58,242,2280,364,1449,-86,7171,-67,394,999,795,-294,17,80,4048,255,1070,262,1985,93,71,34,5680,251,-97,52,472,65,240,231,-134,184,34,82,212,-344,-221,2132,-60,-67,104,895,3220,515,-515,1796,41,218,366,498,279,-34,1415,-80,255,6,192,468,448,609,593,-36,331,28,10557,420,-52,195,49,21,123,-45,91,2,-305,-99,288,1727,-41,1432,-173,71,-316,4,257,156,671,229,435,329,28,-39,75,160,-10,-132,-67,-73,1538,-41,-138,6,431,411,179,433,912,67,4547,483,1660,41,288,95,34,-95,-39,36,-30,-78,1265,-143,316,-75,30,-132,6,30,-47,1413,439,-244,-593,32,160,114,-630,325,-188,450,-52,186,-346,8,-305,251,4,-559,370,429,-130,-1421,-303,275,37374,9042,-4,-34,-541,253,-6,41,175,-52,-591,99,567,-32,-316,-34,-179,836,346,242,218,15,10,13,1020,-97,940,5487,10,60,8,1441,205,-4,149,400,2154,283,151,-82,-195,54,47,104,1634,205,110,65,550,-162,-17,-316,-2,147,153,1166,-36,739,-47,177,765,-1413,-173,309,1651,34,1166,8168,-15,2834,-184,123,2405,73,1166,119,231,-195,17,236,88,825,-398,30,-34,-52,56,366,1077,615,487,-26,-1001,253,485,73,533,2093,270,383,203,-277,405,71,-23,169,-314,799,227,251,2288,127,455,-67,-734,270,-78,-251,344,-1759,15,1179,149,177,381,793,169,-52,-240,195,5316,-121,398,212,130,801,338,1959,266,-147,1716,240,160,260,-212,221,67,1770,10553,56,1127,1480,-32,67,20633,36,1714,268,1174,717,1302,71,2,123,23,806,28,442,270,110,-110,119,4105,327,-166,522,95,104,645,-832,-348,1499,45,-713,216,552,210,-106,-17,36,34,121,-1361,-93,-19,994,-771,41,749,5828,977,840,119,-710,69,-93,-91,95,134,-288,-36,5962,119,-630,-188,17,-106,65,-1105,136,240,-52,117,446,726,1315,656,19,-69,270,67,444,-1725,346,628,-253,-177,26,-60,-452,374,860,-104,-125,19,34,-10,212,305,-45,524,1070,671,-396,-117,-457,95,149,2100,134,296,849,175,4,-127,138,84,0,702,17,218,-95,95,-830,149,344,23,177,997,147,17,71,13,19,-106,-585,1469,351,-43,609,21,117,-531,817,197,112,158,892,-52,1729,290,814,491,400,-650,47,1280,80,611,-275,47,-229,758,559,101,225,67,130,429,1207,400,132,52,156,54,1521,195,325,16459,405,153,229,-60,231,-80,13,138,-67,-32,1543,908,19,1510,-188,-52,-153,-149,71,247,19,225,481,110,184,316,-8,65,225,459,-223,-218,-82,318,134,273,71,-91,-567,82,-101,290,-752,151,-834,-47,-80,56,97,-78,-515,468,-1025,156,179,36,149,-236,32,23,179,151,964,752,2373,73,700,-251,361,472,97,513,346,216,424,-117,-60,494,13,218,43,171,-23,1673,17,316,99,3639,-32,160,1075,860,494,396,43,-149,-8,247,199,-88,-28,463,-108,526,-119,-216,-1012,-1883,296,-858,223,47,49,630,34,158,-195,-439,485,255,-30,-58,1408,17887,229,-199,11606,52,130,119,-687,8,4677,210,221,13,-75,117,-149,1062,-396,134,47,166,205,138,433,-301,162,851,342,-41,257,1636,162,-262,9211,292,-827,377,71,49,82,117,171,-179,288,-281,1116,-437,95,-240,2100,80,210,-58,91,843,251,249,381,1339,596,6,-71,-567,435,-169,-19,-19,36,43,-853,275,489,6404,307,-41,997,140,-726,80,-184,71,-58,229,-54,-299,73,275,106,-88,16528,110,26411,28026,21262,91,-240,-39,-112,-533,411,1133,7661,0,47,2717,28390,5331,-80,281,-598,439,379,-147,175,190,-67,487,409,84,2507,-260,-825,305,-166,257,-236,162,565,8019,-36,1228,166,169,361,171,134,693,808,192,-275,409,-164,-190,351,3277,372,-60,1142,433,-171,840,884,450,585,1023,1850,526,318,593,179,526,745,158,36,-368,3086,19,12458,1623,99,82,-253,-91,262,-56,429,286,-322,45,39,112,238,186,576,43,60,23,108,-197,15,143,-459,-15,444,-201,-26,203,420,10071,195,13,43,-773,132,97,210,832,-82,123,498,-379,0,138,-205,346,6,-23,1016,166,-69,-626,119,195,1363,-110,184,325,106,-60,390,54,110,28,-62,760,281,212,491,47,205,-214,171,314,2,-34,270,171,398,3467,-693,108,23,526,-43,1842,524,11983,1315,-557,1941,405,23,82,-67,-1098,-8,-862,322,91,93,301,333,164,36,-190,5806,-17,-177,231,296,368,470,-424,54,80,1744,208,-275,3946,2277,21,125,379,-93,13,830,637,49,3877,117,-28,41,444,173,565,348,195,112,576,58,47,80,149,106,866,158,379,125,-335,823,-17,1959,494,195,88,485,62,101,1226,145,62,320,-97,-52,528,78,-26,32,108,123,-8,140,314,344,179,184,1263,88,-119,-69,372,212,1185,-212,251,860,-30,-56,730,-544,550,149,-149,143,114,-160,-459,394,236,-91,-468,-316,1016,-140,3805,955,-134,318,73,268,294,-320,739,-73,468,166,238,1764,624,2455,377,2672,344,-1096,36,-123,-114,-190,-496,275,169,-2,767,-186,73,-650,17,-140,23,4,125,-522,-67,-327,10,143,28,2117,56,15204,5578,704,-108,75,392,-32,-158,93,-28,307,173,65,-112,-184,0,177,-325,2600,457,-905,-125,6187,-570,-754,43,-4,353,2776,-106,888,557,548,-262,179,394,-364,611,-13,693,8515,153,43,62,-257,-62,1842,-190,1046,-179,125,-13,765,238,450,331,117,-21,160,-32,474,-405,151,158,1163,-166,8992,-1211,1029,153,138,160,177,674,125,173,201,-513,318,325,36,4,-262,-201,327,97,-379,-39,1124,214,123,153,609,5286,7085,290,-136,10,101,-171,-474,-88,320,45,767,238,756,-177,8,41,52,119,273,-65,-533,34,-23,2262,177,143,-437,52,344,60,665,26,21,1090,160,-266,1449,693,-251,244,-234,-117,-62,385,-36,49,78,11948,-205,52,435,-296,364,160,1261,97,615,205,-15,-1116,307,1766,281,-41,255,713,429,10,-75,897,52,21,13327,-147,-36,-301,632,292,780,73,71,381,1072,54,186,630,567,186,1109,-127,-1456,-114,-413,-394,-28,1007,-138,-30,-123,5169,93,2130,69,13099,4839,-104,498,62,117,-186,-416,470,342,4640,67,-62,56,1205,1285,56,88,624,288,41,-1840,-41,195,-604,221,234,812,192,123,444,-67,962,-286,923,208,2583,88,166,370,3047,140,182,-56,-617,-73,834,-299,201,67,693,-49,95,-234,1092,533,342,-333,422,-10,238,851,240,799,754,292,-179,56,-754,234,812,23,205,2069,684,164,34,351,225,778,65,80,21,632,1577,210,-325,-78,-244,173,-383,723,-244,639,1265,82,687,-762,-45,106,151,708,156,1489,1716,188,199,179,299,110,-69,-43,2297,-498,951,169,60,-465,999,658,-86,104,3058,732,78,312,-208,-127,257,585,847,-535,-21,-162,221,-73,661,853,192,67,6,-277,678,355,-39,26,36,669,292,177,-8,-49,9965,177,-2995,52,71,275,127,-39,240,-93,162,730,513,62,-292,548,-45,322,-13,-15,773,145,97,75,4,-121,-23,236,-13,470,-173,19,437,465,-80,394,97,114,1285,32,10388,264,26,164,429,-56,45,682,-455,91,-23,2022,-110,-32,240,-400,106,164,-481,1140,67,-69,346,52,262,4,368,390,335,23,435,387,260,-2,60,117,71,242,78,10594,351,-58,-559,58,41,-247,-45,576,19,-518,160,143,405,-151,192,-225,88,-62,69,199,-290,84,1239,-32,4562,-41,43,-613,-86,95,351,-604,140,47,-576,-156,-119,292,-117,-858,2,62,60,247,17,97,533,158,-420,-429,793,-394,-99,1510,890,-286,-270,95,420,73,26,628,-1127,60,210,-49,223,-212,188,171,728,-331,143,86,177,3454,383,1066,-379,886,457,39,151,-182,4789,47,286,1215,-860,422,190,-715,392,-110,346,203,1066,75,60,461,-45,112,205,-476,-67,36,34,-197,28,236,273,21,-381,240,138,188,86,836,-2,236,325,847,-73,377,-86,942,752,223,69,186,-56,331,39,351,-75,598,136,1380,45,450,736,-132,19,-648,299,368,821,277,212,-327,19,1270,346,1036,-106,1822,34,17,2301,-34,238,88,151,99,-203,-491,364,426,-112,-1965,-283,244,-13,-192,366,457,658,28,-32,149,407,156,121,-67,201,309,253,-49,273,281,-140,179,478,589,62,1267,-58,149,2906,949,695,257,661,75,-866,12980,368,1931,8,-249,292,138,41,32,23,1023,149,1124,-329,-218,236,1025,364,-47,-175,-121,255,387,1560,8,717,95,114,-54,2373,14259,8821,132,-82,214,195,43,99,817,-54,-112,13,169,86,49,270,-130,602,-60,331,34,312,687,119,-54,119,387,312,110,576,13,960,95,62,62,305,741,1313,149,264,11114,21483,16487,10841,9107,28592,2212,214,1449,119,-370,723,138,45,934,370,86,-528,-188,656,47,-123,-143,422,468,192,-19,622,-4,130,-49,754,101,99,41,117,-88,-82,-34,58,6,6,361,71,-88,496,67,-661,413,121,-95,56,1274,-117,56,-49,1495,149,231,-576,212,123,-730,21,71,218,210,62,62,177,758,112,60,147,-95,-78,188,101,-56,56,192,-28,353,253,97,-123,-67,-502,875,156,93,314,613,153,-572,56,979,236,130,-99,-1697,578,26,147,82,45,394,82,-47,598,65,-281,446,-39,-36,-325,-6,149,502,773,97,99,1567,32,218,17,255,-186,981,223,99,-153,359,-73,301,138,158,2520,563,2782,-132,67,309,10,-82,153,-45,-166,351,-134,340,134,602,143,30,537,4165,39,-97,-2,-166,-62,65,30,43,-91,13,637,136,47,-593,294,214,88,10,86,151,-91,-84,-452,-303,719,32,-275,-234,108,-91,-264,403,-8,78,717,-190,691,572,-544,-244,54,106,500,-286,1528,-52,49,13,5307,463,418,119,693,39,186,-214,15,238,1235,-52,381,95,1291,-175,242,498,372,-8,69,145,-117,-2,251,544,-145,162,693,166,186,403,45,849,75,-158,533,491,1233,223,104,-4,6,82,-164,62,585,-1118,132,-162,149,732,407,-101,773,-121,-574,866,-348,570,108,283,84,-305,-559,175,630,1007,-370,-136,351,325,13,58,-62,195,316,866,-596,117,-123,101,385,-84,212,338,47,197,-866,355,-496,177,-335,-26,95,125,80,669,-377,-279,97,43,-186,949,303,320,15,227,535,570,208,84,1237,127,41,524,-71,75,-26,563,-121,-23,162,10,-75,-730,353,1584,544,208,318,-4,214,99,84,1179,327,-934,-52,240,1272,75,-10,-73,140,1590,195,249,-30,-88,-2,-1140,-117,-203,158,435,106,95,-335,539,381,1127,8,36,-513,-884,1803,84,13,268,-39,32,186,160,26,62,143,-13,999,505,169,3411,54,2,-67,-591,-156,-39,201,149,-390,351,6,-130,-86,-186,-216,676,849,1036,242,-212,1075,400,45,218,78,240,4,82,-123,-162,-429,485,550,-82,-88,312,-112,34,151,1209,-418,203,784,-28,56,39,-158,143,574,296,4118,288,4100,1159,84,-15,955,1189,843,86,877,-15,290,8,1881,28,117,236,3166,238,1493,426,-296,1298,2518,-43,67,327,-6,-329,-106,186,234,307,283,177,-223,422,145,318,-231,435,-199,767,-1345,-52,-173,444,448,708,197,1380,546,-351,-192,95,110,-762,1189,-166,67,548,195,398,-140,-201,47,86,88,-88,-86,49,54,747,112,-56,626,166,119,173,15412,-65,1228,-15,426,173,1023,-203,585,23,-32,2180,205,32,407,264,4,856,-54,80,84,-134,110,119,1159,-121,231,2043,95,-4,1094,175,435,1079,1042,390,1343,2557,84,546,253,238,47,518,56,132,62,8314,405,-1083,1172,1192,-249,32,65,28,931,567,325,-515,212,481,-6,-112,-138,305,-1276,-143,52,86,-309,3337,-424,283,-166,-28,143,58,173,-303,203,-218,143,1850,199,145,-123,2,195,-4,147,56,188,104,-47,17,309,1077,1807,1040,218,-446,82,-95,361,21,84,71,327,-153,437,-184,2100,-36,-45,-32,145,158,2717,231,-36,648,2,26,-45,82,721,121,713,49,-15,88,476,-41,1378,23,225,899,6981,255,266,15,127,136,-47,52,314,123,565,-151,-23,374,67,721,45,700,-54,45,26,36,67,439,318,23,236,318,455,-535,112,255,4,147,-195,19,-387,82,-1636,-4,-318,1686,71,485,-69,101,273,-225,862,158,39,-17,-114,106,-52,140,2327,-518,-112,56,132,-173,177,641,-1391,1129,-407,-418,-2,1892,-296,264,-39,-67,119,-413,-771,-34,290,400,398,-147,26,99,4,407,760,1460,41,-91,791,-4,-205,78,4,-422,6,294,-4,355,1092,-188,110,-88,-78,-43,1558,23,1285,218,351,-49,132,307,520,409,2,290,348,-2,-208,860,312,121,195,86,570,13,457,41,-125,348,184,851,784,-1049,91,45,28,509,513,-23,385,-58,212,570,-104,177,520,-327,-39,-658,210,1202,-60,325,-338,-104,-19,1866,99,15,572,13,-32,199,41,234,10,773,188,-21,32,19,283,106,292,346,-67,71,13,1558,106,591,-563,541,1330,322,-383,1085,-104,713,13,385,-54,108,65,392,-470,10,26,-127,214,173,101,639,3036,188,8,234,613,1211,1974,-54,28,2160,229,-156,-67,197,-73,134,409,117,8,-15,136,21,99,1766,931,23,-1075,106,45,-23,149,-286,3153,169,91,-164,578,2,151,166,195,491,1358,17,-17,-160,-56,52,32,515,117,-461,28,73,-86,-21,1179,-45,43,108,1127,227,468,208,570,-108,713,-69,190,6760,661,1239,307,-132,26,69,2169,151,819,-459,559,526,344,1460,34,-10,693,212,-713,-84,140,-138,-13,65,17,0,192,491,0,184,190,101,97,26,500,767,652,36,491,329,34,84,-69,-45,1202,472,398,-73,-58,6,266,-229,596,478,-4,-19,160,58,1352,-99,71,121,-54,188,-10,82,231,273,-71,-6,244,522,648,-86,-84,62,156,435,-439,546,2410,-632,-67,470,-130,303,-171,58,4,-112,602,214,-19,1478,279,983,-121,132,743,-26,622,6,171,93,296,541,-149,195,1677,-58,43,-500,2,-1311,-62,69,322,-71,130,407,158,-483,-54,244,533,1896,301,140,-184,147,149,-643,-69,587,58,-186,71,26,762,-75,52,335,509,10,21,-4,418,216,-73,10,244,160,346,286,197,-95,-760,320,810,277,6,182,-119,-10,643,452,19,294,-459,496,145,80,231,123,-75,-531,1580,-26,1090,-110,348,1996,713,888,221,-286,279,171,1254,-264,-257,234,-91,93,-30,-212,-2,355,780,-39,981,54,-127,26,151,936,1296,140,275,2479,56,208,95,554,-221,951,143,286,49,-476,97,2670,403,166,236,-62,281,-99,-329,-2,-13,491,171,472,-82,413,223,338,47,-21,1133,-247,30,3860,630,73,123,275,-45,82,-286,799,947,2984,-424,288,1866,229,49,4163,197,-21,281,-28,-132,199,448,158,-78,-273,498,-8,-132,927,-71,60,281,-4,39,32,377,-19,4436,-1046,925,-49,101,62,56,19502,-112,123,-114,-773,-52,125,370,1049,147,403,4425,-208,849,119,-43,-422,1313,93,335,32,110,-45,576,439,4900,-1096,22159,175,329,-23,494,-121,372,140,489,4688,-32,-84,546,125,32,121,693,318,1499,-65,1332,41,-69,147,-561,2358,-251,190,257,36,104,1345,-1274,175,6,-88,34,309,2017,65,36,331,30,240,-166,65,80,1681,13286,13,-4,8,442,461,470,78,396,700,-416,-62,938,-132,-114,652,242,84,-8,171,288,1835,-205,485,9324,56,138,-511,719,-1662,-108,67,433,407,-47,218,782,110,-36,-695,1163,283,1124,8,2967,62,49,54,366,1094,3203,494,-108,-106,214,1114,491,78,450,242,231,370,-26,-130,221,2,8140,1423,-80,-348,99,2462,110,60,502,838,212,-2082,-136,1391,58,478,88,12885,-73,112,23956,2815,-203,1322,-125,175,99,938,-17,1410,413,47,-208,-652,-8,-6,43,-257,975,281,-112,21819,-28,10,1029,292,-45,-173,-34,8,-1057,-145,15449,1842,-26,36,-4,43,-86,39,409,-526,-145,-41,-39,-420,-78,39,54,244,331,658,101,275,1198,-1131,221,372,119,394,-75,385,1042,-509,5715,1020,242,69,4885,273,-73,1716,177,-78,-567,9493,112,-121,-426,-58,-15,-19,695,630,184,56,596,-145,32,511,-216,56,52,518,23,565,383,17,110,4,765,3129,23017,1918,-19,-366,247,10,9152,119,1066,179,-82,1515,2969,49,741,143,162,277,101,19227,8418,26,333,127,130,864,1614,-227,600,-179,6354,-184,2,-84,316,-93,58,54,153,23,-448,-4,177,-160,305,-99,173,138,1012,762,71,-86,-283,23,93,-184,-62,203,-598,-485,1187,218,60,1837,4150,914,938,13,465,-36,-43,8023,940,-6,290,23,411,132,-481,429,-149,91,522,1027,-8,236,1915,119,413,895,99,1384,-26,1116,988,-151,769,1590,10639,2199,-216,73,39,296,309,-437,-78,548,262,58,16825,145,26,257,2,45,80,385,314,214,-372,-19,1070,140,106,615,732,1523,-390,-171,21,7989,-450,17,-82,104,47,-147,-47,422,-166,-43,-52,8,450,411,-62,914,-121,303,-1371,-244,8,-257,249,537,130,593,266,455,630,626,182,17,101,54,-56,110,550,-6,108,49,2,119,15256,-169,-1287,-21,286,-84,175,1033,-1122,767,-231,294,-121,-151,3927,119,730,342,175,318,730,78,-69,286,-110,-528,205,201,20885,9230,177,899,5210,379,1508,1257,507,700,2624,372,88,1749,-446,-394,1686,171,49,125,-73,60,3662,2,101,413,177,-156,4087,756,426,221,2689,-93,318,552,346,95,778,104,-411,-199,420,-39,782,16756,-205,210,-32,49,383,106,1254,301,130,370,-69,153,242,247,1324,951,741,1387,288,385,19,125,491,1012,357,71,212,468,-136,199,1105,192,1129,-203,60,238,1653,147,147,227,54,82,-149,656,182,340,-39,498,177,6,-60,-123,-2,511,23,2037,533,964,641,-52,-17,121,505,-114,-312,335,3272,-45,-15,62,318,489,522,-305,6549,-49,-169,327,6,-49,151,60,-60,238,-166,-69,2505,257,75,56,43,1723,583,-108,210,6,11825,548,1723,-17,-210,-60,1785,-145,234,290,-15,-82,34,472,121,138,169,-199,1549,1289,106,-422,247,101,299,762,186,1031,26247,756,5650,320,420,327,481,403,173,101,-171,-316,-177,52,-28,2063,62,188,153,62,0,-225,392,104,39,520,268,-67,-82,132,1300,2095,-138,-30,262,-8,153,-17,49,331,1085,-21,882,643,242,312,-268,416,73,106,-17,158,-253,-132,281,292,62,13,123,65,125,-550,-169,151,15,60,-104,-169,58,-463,121,268,195,101,-333,-15,-119,654,470,305,251,32,153,-166,26,-21,726,786,1096,132,997,-49,-229,-216,205,82,370,140,2,-316,-54,-47,1961,-257,-476,49,307,182,-41,-21,346,2993,251,-1244,43,-201,838,86,739,169,507,-95,461,565,-104,-91,-169,-10,-28,175,-49,381,-82,58,54,-26,-101,-15,1205,106,942,-86,524,-60,327,780,65,-156,251,513,312,140,203,370,-4,312,450,-10,283,182,587,-195,2,-639,58,234,-322,88,117,377,442,531,-598,88,106,-114,-121,596,-713,73,-95,41,-1202,69,28,65,-43,-80,12991,-49,496,132,216,-56,-21,3186,249,383,474,1137,43,465,487,576,216,-125,190,348,3576,741,65,-23,30,1200,570,717,498,-166,632,-56,1716,58,528,101,67,-754,-2,58,385,1293,396,-112,-80,559,56,658,1103,348,8,-82,104,-8,652,117,563,810,-171,-10,82,-1783,177,665,619,845,912,-288,-296,-309,132,-212,832,127,312,177,-808,411,333,1794,91,8,405,-860,-132,41,136,149,602,0,49,814,2462,-143,-80,127,13635,1528,-30,158,-286,-134,1300,444,34,-160,97,56,39,-288,-6,2492,273,56,-78,-19,-99,-108,-56,418,-749,305,-117,465,21,1556,-41,442,351,52,-62,797,-132,307,-41,485,62,368,17,437,1859,179,-197,260,238,82,-184,47,223,171,-327,60,1211,-439,149,-487,-23,214,78,15,-69,247,60,244,-136,-413,509,78,123,1205,281,93,15,145,-45,-214,-2,45,52,39,2,-127,697,338,8,78,225,223,-69,-279,112,518,-84,697,745,-340,39,52,-544,485,56,-43,338,164,166,602,203,-45,1636,-340,171,-329,1049,-149,13,-97,30,125,27480,1950,-301,409,361,175,-221,552,52,255,-197,39,270,-439,-41,2,409,734,-130,216,58,-41,333,-327,110,795,41,-41,32,951,5743,580,-13,333,-13,114,249,316,6562,587,175,-201,15,-69,11866,782,47,12861,175,71,-617,-80,10,43,-108,290,2494,73,125,840,381,754,606,34,981,156,-106,409,175,-158,268,312,470,229,58,-613,426,67,-1140,355,2715,231,1174,-212,-73,-19,-145,-225,-47,-106,307,110,268,1419,156,537,351,-2449,734,-49,82,333,2,99,23,17,39,49,-435,299,9885,806,-134,-80,-60,-32,882,-292,409,-186,-294,1623,65,-411,234,2841,177,452,830,292,-99,104,385,2007,418,6,262,-221,-186,99,23,19109,-216,1614,736,-268,325,-266,60,49,17,-279,82,93,-19,-101,-201,-97,741,127,-472,6,138,-645,-26,-264,-13,149,296,-1179,351,19645,-411,65,97,36,424,205,39,12683,4904,273,275,71,-578,1920,1228,-524,357,-123,882,325,216,136,600,199,225,422,132,-307,-41,301,784,-294,-28,125,110,253,355,127,1228,-559,151,164,75,2,95,416,19,-82,617,-325,1218,225,121,121,1887,82,45,-73,158,108,0,32,184,-119,-524,26,-45,45,39,-114,-10,491,949,344,119,-106,56,130,11844,-62,374,318,242,-403,897,91,-138,8,175,54,2646,450,-52,-45,21,-283,-160,36,136,69,41,-91,810,32,-99,13,192,533,17,635,240,95,309,277,-413,203,93,112,-132,171,-125,264,203,-4,-710,71,114,290,1131,286,82,901,6034,39,-6,-78,416,158,-346,52,82,34,-244,69,104,23,75,-19,-585,65,82,93,-45,45,535,1053,43,333,695,273,-65,-273,-21,62,-114,15,34,361,1109,41,305,123,171,43,227,119,-17,645,1116,-71,147,119,-6,-249,355,205,117,-153,136,13,-34,296,1465,-203,45,463,121,160,62,75,62,1068,15,-153,143,1480,1244,-177,-6,273,75,49,110,-75,80,2130,158,322,249,62,4534,700,88,-80,-91,4,108,-75,136,-4,396,-741,682,123,2089,2210,-84,110,91,231,-45,43,2041,132,88,983,221,21,2035,424,1746,-93,-19,15,1196,47,-84,3597,559,-21,-13,-6,127,73,-39,62,10,19,374,4,-394,1153,169,43,-856,-444,1835,25102,-344,4,78,-121,-84,30,-329,-75,-32,1642,45,177,145,1436,260,2733,-30,314,-531,-106,-19,39,54,1593,34,186,-648,41,268,199,-108,78,39,708,396,1103,158,377,2,-36,-2605,491,-179,10,346,-262,780,182,236,242,604,290,983,589,13175,791,-30,56,708,199,80,173,-136,266,-130,30,88,6,58,-481,630,3151,138,10,-491,-78,-19,-390,23,-578,-21,225,182,186,136,1092,15,49,52,80,34,4,270,-125,877,91,244,156,873,680,36,1395,132,-21,351,-99,-478,-255,-86,678,-2,45,-390,1863,-132,-47,10,130,177,39,-288,407,723,364,383,65,1868,476,1036,1824,-730,856,-17,15,1549,110,136,125,522,-669,28843,47,732,214,236,84,171,184,218,537,73,-36,52,-134,491,153,2834,515,3925,335,156,-75,8,283,247,-461,-283,-114,-4,-216,-160,169,-88,-28,-101,513,483,-95,-585,45,60,82,201,28,41,108,60,275,127,-201,2271,-93,-518,-318,-325,1608,1805,184,-99,-589,1740,-36,36026,30107,-409,587,-140,1586,11118,728,26,-485,264,706,-192,108,-99,173,36,888,11942,9926,104,17,-364,75,91,-292,-19,197,91,-2,164,1183,431,-821,-114,19,-940,-674,247,2,-396,13,-138,69,-810,364,54,273,127,-249,-84,743,-383,30,-158,147,-71,-132,-13,-390,-67,-1111,934,19,448,266,-58,-563,-34,641,-143,565,93,15,-49,6,242,-36,19,-4,-88,-461,-132,43,847,762,3381,7178,1541,11324,-749,-112,156,329,156,294,578,-366,481,-166,1729,231,1094,-36,260,225,-15,468,-88,-266,99,3021,-6,374,108,496,340,134,-214,197,3578,80,-19,-36,563,-1068,420,-531,316,19,260,125,158,-32,158,221,1556,745,192,533,197,125,411,-95,-71,39,10,-4135,589,268,-229,-15,197,-459,706,32,-487,-810,-520,153,242,897,1443,357,69,208,-186,-160,-283,342,216,-10,195,147,1278,808,697,366,54,-52,1198,145,381,171,-78,134,19,-52,41,1586,184,69,97,169,34,580,210,678,314,99,47,-346,192,-650,175,-86,-786,1114,153,-266,-455,635,277,27634,223,-470,11576,-205,10,-43,-407,448,-229,377,-2683,2334,-52,17,6094,1829,1339,205,1638,6,-123,166,-56,151,-266,281,153,-292,-1564,-550,-58,498,2158,303,-69,882,312,121,21,-485,-34,879,43,-153,-23,108,-236,-43,179,535,149,-149,619,-30,39,502,1070,-1287,281,158,0,1376,238,632,39,2202,535,138,314,-95,2414,858,2152,31704,23004,4,93,145,-201,-80,264,1064,138,897,472,-121,71,-6,-56,123,199,-1077,331,28,15,65,299,149,169,-212,-296,-15,16842,69,80,69,305,-262,-370,58,19,234,67,-403,-435,-143,674,1705,175,1341,1289,-110,-632,1363,-249,-1263,357,221,-249,199,-1129,88,145,290,1176,160,104,2013,26,41,-190,110,-171,387,-95,-60,88,374,1328,333,8,348,322,3938,106,385,624,-242,123,54,17,-117,84,1289,4,522,-23,69,19,-340,541,175,654,-875,-140,-23,-1376,13,-21,830,-223,600,136,455,-58,-69,524,101,288,8,175,-84,19,140,-446,305,80,130,604,468,1166,-242,-257,396,1861,10,-6,36,403,149,489,-426,2,1014,86,10,65,730,931,-30,344,108,86,-182,-299,-494,535,589,-60,95,-225,138,-106,84,-689,-6,-4310,1467,348,-39,283,-110,736,609,9855,600,199,472,372,19,-1330,-21,227,-314,186,9031,-446,7226,34,19,15234,264,318,-15,-587,58,817,147,2230,-10,-585,104,147,351,-23,169,5864,13968,294,-576,-461,-307,474,338,182,19018,52,-112,1012,-4,13,8921,104,17,3420,2663,177,43,494,23,60,429,7397,97,-39,-71,36,-75,-2,682,723,10,1668,4033,75,2652,-418,-114,4447,-95,104,60,-531,1423,75,379,-101,390,-283,2668,379,-806,0,-49,17,296,143,687,908,-210,125,2648,-604,-69,270,736,379,5266,229,62,5071,1085,-80,242,223,710,218,201,121,1109,303,1369,164,-104,119,-93,91,-559,296,-199,-34,812,54,52,-1640,-455,1296,6,-62,520,2206,-195,-437,97,227,75,559,-383,327,-91,1430,12204,8,97,238,-2,231,-379,407,1551,286,30,78,346,1328,28,101,1300,216,-19,505,39,80,1363,845,71,-88,325,195,34,-54,-474,3834,156,177,-773,34,-264,1636,-32,-225,-177,62,-97,-266,208,225,199,290,-1335,-203,-390,951,-487,162,4878,511,216,28,509,91,383,537,1176,600,138,151,121,970,422,15,-437,143,-455,2646,71,73,533,-28,13,489,465,472,86,238,975,-119,385,175,21,474,69,0,342,30,866,-2,84,136,684,472,944,-15,-43,255,-270,-26,82,1337,82,400,1447,1920,457,557,359,75,82,82,-97,169,-208,-361,43,56,82,348,-236,173,156,524,182,788,307,32,30,305,169,-110,242,-678,999,-2,10011,6380,-433,-322,110,476,-65,18110,112,-36,43,93,-95,-333,58,212,58,721,320,80,372,138,-195,15,-54,-409,71,13,-67,1265,387,-162,-242,-320,117,21,452,175,69,333,184,-62,21,164,366,-54,-6,-195,19,465,-383,151,56,101,-765,762,-84,229,99,208,-26,212,-598,-218,80,-56,-303,390,1261,-320,509,2009,1070,-186,-1621,-359,-218,78,-364,-97,2473,99,834,279,-171,-117,-249,67,-45,-1148,437,175,110,-255,728,-1081,-47,125,65,60,52,732,15,78,1101,1677,270,383,56,-255,97,1397,15,-448,91,-266,134,13880,570,-4,-4,67,227,-8,190,2756,169,450,882,2975,73,-169,455,518,-424,303,99,-175,175,528,125,570,229,62,158,75,52,650,143,-986,-1018,78,17,559,498,3127,6927,45,559,1634,-145,2652,481,58,346,-2351,208,91,247,69,1116,-6,957,-112,-208,-602,-474,294,275,2895,-49,238,80,6,26,-169,411,-86,442,-132,-589,-641,459,-431,-192,-80,171,-49,-32,54,-62,-327,697,75,-97,-387,78,-663,3769,-119,-684,-808,1716,22941,-179,236,-654,502,650,158,446,953,325,-69,918,177,2,28,188,164,21,526,658,28,130,986,162,-598,151,-567,216,346,8,-342,290,1586,-13,327,-69,-138,-1705,485,1460,1133,251,-2444,-67,43,121,600,47,-15,-201,665,355,119,-507,544,4,17,4,307,968,886,16914,1816,-407,3443,-52,140,10,54,1083,97,-1759,-2941,-1020,862,-190,-1222,526,-86,-1384,19,-108,-127,-366,3803,-82,-210,162,309,214,3365,1072,-190,1036,546,-184,301,4560,-21,182,210,752,13,15416,-1499,-4705,-6606,-16268,-719,-231,322,416,19,13,-353,-177,682,-682,1452,9937,6181,158,-36,49,-6,6112,112,3758,19,49,121,60,-331,3008,283,60,3017,225,-67,-15,192,654,769,1027,210,5112,-277,348,-17,-836,-238,101,752,372,242,-403,236,513,-80,325,13,69,-251,-69,-366,409,1094,611,379,472,8,387,-17,-112,4818,355,353,470,13,101,179,-559,333,240,450,446,1311,-130,-127,15245,114,39,26,164,21,442,93,238,-346,160,99,-60,1848,78,-134,-30,-69,322,-17,-28,448,-132,-143,34,214,-73,335,-268,186,101,-325,-60,28,91,203,156,218,-36,-238,134,88,-19,511,-30,62,221,1140,-171,114,19,125,457,-210,-71,41,5975,26,-21,-205,145,617,-15,-62,-370,-166,151,199,4148,-73,424,-84,-112,426,-383,-78,-331,93,28,-221,1298,1460,-179,-179,136,-88,73,8,247,812,1270,-78,162,36,54,-34,-10,-541,101,-67,333,-30,-290,-13,169,-101,52,2078,405,-99,-392,-656,572,153,459,-175,195,199,-656,34,127,-184,-23,1419,114,-199,1902,1556,585,-73,918,-2312,327,-186,227,-19,114,-175,119,-136,238,140,203,108,730,622,4204,1571,106,160,316,73,75,-30,1155,1042,-242,190,-2,723,1489,-498,-104,-1144,518,6,108,-58,856,36,-86,8866,214,275,3014,-2,-58,5249,5351,1707,-1059,-10,75,71,-30,-140,-1428,-279,-2,413,184,2009,-238,377,117,-539,420,765,786,145,121,80,398,487,892,184,273,-331,123,-8,-179,7939,708,39,2821,-99,188,-149,-26,127,472,-283,101,26,-49,-114,-130,-19,489,-80,793,383,-1393,329,364,407,1759,22688,24920,925,210,78,15969,8201,145,2371,-201,114,747,15,262,65,45,45,403,88,335,305,-145,-1049,485,342,970,-106,240,-86,1111,459,-8,73,-41
62,-176,-284,-81,9,-294,-493,-393,-141,166,-37,-39,-859,-572,-150,414,331,-143,-291,39538,-104,101,-60,106,-136,157,-88,-134,-32,-88,-85,-569,-34,-637,-305,-252,-240,113,1313,34,-62,-308,6883,9718,19449,11301,21247,32898,342,-23,-113,201,3116,544,1443,-236,50,-27,-132,284,373,-23,377,-34,403,85,152,1844,64,741,-829,-1258,333,-180,-331,-164,-125,78,162,671,-155,104,458,2,-60,23,648,30,2147,512,78,604,50,595,713,104,-62,2,335,266,-11,48,-88,129,166,-120,81,3920,444,-356,456,-57,37,129,595,-352,-143,111,-74,76,99,-53,-25,-69,1037,60,-426,467,-64,88,509,233,444,-6,-4,25,1218,169,442,2059,915,-275,194,94,199,386,222,48,1007,-139,-338,148,162,194,159,194,-692,683,-231,794,-491,6111,83,247,41,-136,-60,273,430,516,386,1193,410,2543,217,384,667,236,162,44,384,1827,44,30,106,-514,76,-41,-4,-778,-201,3396,-13,-23,34,252,785,250,32,74,873,88,220,18,120,-64,440,129,136,859,345,115,-576,39,-106,4056,-769,549,1598,-71,600,1007,-210,173,30,74,14528,-152,210,929,81,13,240,349,315,600,-231,447,685,1540,461,2571,213,1855,-74,60,-55,-50,157,370,428,-298,613,338,46,1862,217,118,-90,1095,53,1922,398,-715,512,57,78,173,-1033,16,-78,-243,-236,20,50,166,681,194,-69,-405,-115,-48,1443,6813,2,6,-85,90,440,822,46,9793,1765,1566,-23,1434,419,417,333,641,551,39,-32,1114,370,836,-4,92,2258,229,-67,-245,1313,-97,206,676,-20,245,-16,39,41,1466,2590,1459,1014,403,421,759,878,340,127,1209,433,729,145,252,326,-122,901,1299,403,139,657,759,319,6,-50,1123,176,-183,1637,104,32,2634,48,766,294,2578,67,-57,76,166,456,512,4408,69,155,-11,1749,1341,500,915,-275,-6,282,1341,1436,176,588,625,157,213,23,488,1494,908,384,-701,421,6,1114,18,-20,76,-76,-4,266,62,254,1061,324,296,685,423,361,301,322,4913,-560,-20,83,956,1160,-85,-85,340,129,145,233,-78,88,23,27,359,701,243,113,954,145,192,115,2020,266,-180,384,180,236,688,644,600,104,1874,-39,604,85,-421,-428,187,-106,201,1675,968,94,678,741,60,-641,1012,-715,701,-419,333,64,732,2034,-69,71,516,62,-227,222,187,83,139,37,866,-57,435,813,-132,217,359,106,783,238,834,206,173,88,430,83,0,203,145,32,92,125,377,162,213,261,451,-9,627,1119,41,695,470,-85,2136,-53,-347,289,-60,25,111,44,525,783,340,757,356,254,583,64,-423,685,407,-215,660,113,305,5261,312,1735,451,2499,111,333,206,173,352,250,2977,993,127,187,382,-324,78,108,-60,347,111,162,1183,1130,-39,-25,393,-9,-27,-50,23311,171,-30,245,78,27745,50,-1466,989,-620,-39,122,1327,641,245,646,101,115,1313,-32,-294,1512,46,1658,120,567,1065,935,254,118,155,99,-141,840,108,291,419,164,-101,164,120,141,268,284,421,704,-817,326,159,613,328,2882,118,76,71,3310,-18,162,-88,725,1390,71,37,129,359,13,426,13868,30,62,16,23,370,414,-428,-134,-366,215,-16,512,50,-57,-359,363,217,646,1074,488,-692,-53,-20,537,152,94,13,-30,67,69,308,27,488,572,1077,1656,1026,1058,-620,152,217,488,97,-148,125,2497,657,240,708,-55,55,298,187,-92,57,-143,-136,-391,771,368,891,271,-101,115,92,220,437,1302,25,-57,125,111,991,-516,122,3672,509,333,-41,829,947,20,2117,199,127,217,498,85,44,27,261,400,440,143,-2344,484,-217,-60,53,454,-16,1739,-71,340,322,271,294,356,206,97,681,44,48,134,120,5273,48,81,363,602,1475,-319,574,692,-523,-16,377,6,97,6913,-315,-104,326,-567,122,122,-37,537,-224,1693,632,55,25,3000,210,127,-104,674,1021,97,2024,-88,623,55,136,-6,194,185,4443,-111,410,48,185,597,495,18,-145,3083,1890,176,-111,880,-134,1621,2518,5096,245,651,180,-25,-2,16484,280,143,2300,467,3053,701,310,129,1383,-305,-2219,2254,-227,-773,-576,-1589,-335,71,-525,224,-37,4545,1017,407,-162,-99,947,417,-139,377,64,-39,62,-6,352,342,-479,-159,444,-34,99,2342,122,-85,-4,-210,449,-854,-6,704,-229,-491,-222,-115,-386,528,-97,493,-185,-959,-141,6602,-64,440,145,472,23001,238,18,-312,1529,-377,55,-1019,5472,-83,-136,127,-333,-27,440,1190,317,23617,-192,85,32,224,495,-574,400,132,-180,11783,-194,-233,331,-250,2360,29483,-194,-1014,9,85,199,-69,368,-257,1860,1830,34,194,-2,6053,201,662,423,18608,1883,-982,840,701,414,954,50,-324,537,271,-48,7003,6,291,199,20,83,227,467,-498,0,-748,368,134,108,-55,39,32,-595,451,1672,0,-725,377,1802,9,23,310,525,-25,440,222,171,521,60,-16,-152,-206,111,50,291,199,136,-217,-222,-173,99,-99,-238,92,790,2,838,-273,-257,10905,11,1517,282,562,328,-335,-201,-132,18,-150,-470,375,5319,164,271,-375,340,164,67,152,94,-127,-106,560,169,-20,778,10923,815,183,57,4765,-458,122,-76,16212,-454,718,-46,674,-127,-245,-2126,231,266,523,-13,410,-326,1473,1216,162,178,238,-410,-27,333,996,48,185,-99,-44,-771,94,581,1536,1105,2555,301,90,-185,-39,194,1827,210,347,-37,9705,16,252,1767,560,-597,48,2,9596,2509,947,324,1809,83,41,115,4448,-176,7793,1929,549,155,122,169,-236,162,-27,-39,145,4,0,266,92,-16,305,2791,4177,410,-1315,9403,104,588,379,1274,544,678,968,-213,236,-69,85,806,74,2977,386,-11,433,46,3746,1014,-32,428,-796,-16,32,-305,76,-129,-30,0,282,1024,363,1765,2,13,-213,-69,386,236,229,150,537,4846,20,-50,71,132,-50,305,20,71,1853,74,-152,252,305,627,-71,90,998,143,1464,414,352,-139,539,338,64,280,-243,-64,-13,-164,1580,11,435,-41,224,71,0,192,-16,678,428,593,57,6,164,544,-565,206,-164,794,53,183,-125,264,-69,217,37,-454,127,1188,-243,-1383,-64,-695,41778,12429,108,627,-704,259,-37,-90,215,90,-620,94,213,81,-150,-25,764,2743,57,187,294,108,4,90,155,-23,551,2787,27,-76,268,722,122,34,164,539,4184,727,217,-171,71,-48,115,39,2511,150,53,16,544,-164,243,-359,180,185,-268,790,-317,384,-62,97,1570,-150,-76,312,1415,115,750,9429,44,1204,41,97,4033,108,1406,139,296,-104,118,185,514,725,-551,55,113,-23,118,618,458,189,1392,41,-310,2302,491,333,419,2747,407,590,1042,-291,1044,60,32,-544,-136,729,-4,377,3396,81,558,23,-1888,233,50,-85,291,-1568,88,1561,278,196,1227,1600,127,164,-134,463,2655,-67,403,185,-238,435,657,2752,-57,-122,963,169,108,1561,-113,312,120,3588,13710,155,2509,722,62,71,2717,62,50,261,308,1047,868,92,69,-53,34,602,46,590,164,67,27,106,4793,53,164,349,23,396,5562,-74,-688,1941,46,-525,282,1816,247,-340,2,44,-57,136,-676,-101,-25,838,-949,398,134,5880,1380,910,55,-215,74,729,104,280,447,-417,62,6378,229,-734,762,101,-180,-32,-389,125,122,-78,166,447,618,1758,637,129,549,261,50,194,-1635,725,470,-345,-122,-4,-57,-278,616,695,0,122,264,-57,46,0,25,-115,919,685,-523,-516,-92,-491,-238,484,505,166,458,375,189,50,83,171,115,118,713,410,556,-78,271,-762,16,298,118,34,505,113,-20,101,16,57,-25,-491,2953,546,136,627,11,166,586,1267,171,115,150,1156,618,2305,454,206,484,162,88,-335,1130,62,449,25,273,-481,1783,664,27,55,6,152,484,683,486,449,1772,305,-4,1169,132,240,13590,831,183,-101,25,607,-108,83,159,53,-27,827,1746,76,655,-162,127,-185,-90,134,257,4,1042,641,403,88,347,-39,261,382,500,-238,0,-99,699,238,78,-32,-120,-539,-27,-23,240,-581,166,-1014,-50,-498,261,148,-4,-310,773,-338,210,259,-13,76,-233,301,34,252,370,64,1063,1512,34,806,23,386,291,335,55,164,233,697,-192,41,426,2,393,162,0,60,843,13,291,-20,1086,9,356,1037,910,282,220,39,-145,-30,414,145,199,25,120,-196,315,-32,-30,-122,-1264,217,-657,64,127,27,435,-247,162,-164,203,231,352,-41,-41,1081,28552,338,-141,15170,27,-44,278,-734,18,915,44,-53,379,25,-192,-143,206,-273,-94,2608,1522,298,99,938,-44,25,1285,282,88,1181,2082,166,-27,18323,44,-558,398,449,-67,187,312,64,-194,319,-254,845,-641,152,-108,157,220,389,-13,27,3092,233,688,808,1624,456,-41,-99,-581,1186,-101,166,245,71,159,-713,74,1837,1633,472,-16,319,444,-996,308,83,-16,-2,148,-106,104,-4,289,-60,171,23272,69,18508,31703,18068,0,-32,-27,-213,-729,674,1688,9964,-81,-37,2414,2606,773,-741,333,194,6989,1582,-152,2,57,-37,2731,176,-11,-23,-229,-440,173,-115,15487,-208,312,118,15436,-74,1216,403,-484,345,81,203,664,-1253,227,-535,180,-278,-247,-379,1149,132,-148,1112,1302,-386,776,1098,115,498,206,2801,437,674,291,176,1605,2460,940,254,-368,5300,247,19516,1399,108,-20,-741,-88,498,-53,370,449,-736,25,-183,145,289,4355,-44,4,139,76,39,398,349,215,178,-4,389,-97,90,108,430,7045,220,-13,-53,-461,-125,55,141,-9,-83,24178,391,-370,-180,46,-315,18,11,-76,938,6,76,284,324,203,1264,-41,287,352,55,-173,1200,2,326,62,41,574,933,704,410,317,-125,-322,356,39,62,0,1183,1515,732,4434,-681,410,143,-78,-53,1037,1030,15008,1501,-201,1494,440,115,132,-34,-959,268,-525,159,4015,247,827,2814,873,44,-111,8706,37,-9,280,7395,857,1559,-64,50,512,1362,6273,-215,3959,2145,1373,152,-373,-62,-171,905,576,762,3567,118,106,477,991,530,2200,465,229,359,289,125,-92,-23,48,407,498,4,178,69,-268,929,90,4385,734,187,199,544,129,537,746,217,18,5652,4,9,616,4464,-37,113,192,99,67,565,359,275,3069,27,1295,271,-136,48,528,546,1010,-271,4,486,-25,139,933,231,220,57,-134,4,141,-136,-382,1130,88,6415,-294,-92,275,-120,3102,1427,-430,481,1614,132,74,-407,373,-50,1010,171,9,2824,1068,3074,189,275,136,-384,-127,0,-53,-81,-259,505,108,-92,442,136,148,-910,11,-44,-74,-92,227,-428,171,127,108,-243,-81,-180,1642,20788,4332,2441,-34,85,113,-32,-169,187,9,67,252,25,18,94,30,215,653,4346,817,-579,23,2460,1443,-565,139,-81,247,7323,-257,1371,461,210,-81,792,942,-185,266,-113,1758,430,136,152,92,894,-4,801,-354,1846,-164,92,9,1475,2,898,407,-13,20,106,-92,458,-201,127,479,593,-46,14211,-929,1007,528,132,291,34,613,247,433,231,-1443,252,280,55,92,-458,-210,257,76,282,-11,240,227,157,233,671,6443,7267,-92,-106,90,187,-25,166,-108,13,986,391,227,1600,-199,104,9,-11,164,152,-9,-229,185,-27,2784,474,115,-352,101,426,189,1160,88,-48,2131,-122,-132,718,1081,-347,338,-83,106,101,324,32,39,37,9610,-254,1658,576,-699,569,50,23,-99,430,560,305,-3310,266,9153,405,1218,-25,866,396,46,-134,931,349,2854,15568,240,229,-127,1253,495,240,60,2,558,333,-13,27,1010,683,57,1876,-162,-310,-129,-382,-340,166,639,-129,13,23,3977,-23,5249,106,10284,1204,-88,266,94,625,-81,-361,813,1051,4438,275,-104,13,630,1637,39,310,71,88,13,-324,-129,189,-750,104,331,549,-76,176,741,62,2105,1816,1728,159,1172,113,222,461,2624,4,308,-11,-426,-252,535,-347,421,99,233,-273,1373,-20,1195,335,1153,264,384,27,268,32,699,363,1957,655,2001,222,-90,194,407,-67,199,843,83,-60,338,500,345,546,88,305,192,639,1297,125,-55,-74,18,-250,2472,553,-785,1051,1709,76,210,-178,-60,-76,398,273,748,1295,6065,546,129,296,-16,-25,-136,208,1255,-375,602,67,451,-379,942,157,-273,169,1774,1091,250,-125,-233,90,572,500,852,509,556,-315,328,-44,558,567,493,176,-122,-180,1197,301,64,41,27,366,514,268,-30,16,773,94,-1200,-76,69,-9,115,78,-90,-2,166,419,363,516,178,530,16,229,81,50,1121,843,139,50,6,-275,-57,155,-113,85,-180,145,261,905,34,231,132,60,1598,90,8803,354,481,382,426,268,122,857,-1095,145,39,1783,180,62,194,-27,97,1086,-340,4216,88,-143,264,-23,229,-23,1135,764,824,824,396,275,317,13,173,34,-23,159,-78,11310,-85,-44,-583,280,428,50,-4,505,48,-373,-6,467,396,-81,199,104,173,-34,-196,41,-122,30,1790,-129,2641,-53,60,-903,-71,23,271,-653,166,4,-539,203,-227,266,729,-655,-90,1431,-39,1459,2036,391,352,27,32,-252,509,-333,27,1125,773,-113,-423,231,713,53,215,676,-493,-136,419,108,162,-514,414,227,375,-472,57,141,173,2305,356,2177,-257,989,322,74,30,-171,143,254,407,889,-359,298,407,-771,435,-201,268,159,1065,32,81,678,-48,41,1218,-417,-127,13,-23,-173,90,421,183,2,-203,319,145,125,-148,644,-104,1044,1742,317,-192,391,-166,664,1237,94,74,196,-113,764,6,514,-34,180,227,1327,106,873,301,-25,27,-764,227,736,945,243,428,106,-152,1390,342,1037,-44,2017,206,-57,1946,-37,449,108,76,39,94,-509,340,243,271,-1030,-34,259,-9,164,264,880,1044,53,-6,229,345,331,159,-78,363,194,250,-18,291,273,-437,210,359,625,206,551,-48,129,2805,2022,1100,363,-1063,-53,-725,13680,405,1061,-9,-67,1612,435,50,62,41,836,18,1485,-247,-359,169,1223,247,127,69,-83,562,435,1617,-67,224,201,64,-13,4552,15054,12853,155,-20,173,106,46,85,1390,-4,-41,104,106,125,69,335,-222,227,-13,412,-46,74,298,97,-46,136,1211,611,291,356,37,259,0,39,155,495,1186,2868,-78,470,13979,18812,8993,7717,8949,32020,3926,412,3074,148,-122,715,456,85,1098,243,-60,-963,-215,328,521,-101,157,634,136,319,-92,664,-18,-6,20,512,215,2902,609,-9,-85,173,-57,-78,39,-178,484,118,9,215,208,129,426,118,-83,315,1135,-180,74,-88,632,465,356,-303,108,410,-641,-81,106,340,834,97,155,141,755,101,169,-13,220,-108,183,55,-46,-23,99,139,1037,326,39,-326,233,-187,1211,-11,32,539,625,1026,-567,148,1135,203,5342,-62,-885,282,-115,185,145,-20,572,32,-37,739,206,-284,1179,-23,150,-465,41,187,315,1387,71,-2,1839,-34,132,-4,99,-164,493,308,192,-32,308,2,530,76,322,2916,1566,1290,-942,213,99,180,-16,259,201,-259,69,-715,328,150,159,76,340,625,4455,113,-127,118,2191,-115,127,139,76,97,46,787,368,34,-254,20,44,99,-97,-162,173,187,303,-231,-150,873,-34,34,-261,53,-6,-67,101,-78,64,708,-264,1035,145,-861,1151,366,34,926,-185,1051,-111,-62,-64,9183,-178,931,312,493,-183,57,-363,127,134,412,-136,1019,99,1399,-23,301,569,1366,62,113,653,132,-34,259,433,-152,284,433,284,681,152,-81,667,-178,-159,180,474,1554,141,55,67,222,85,183,-23,289,-217,166,361,238,324,785,-41,919,41,-579,910,-275,247,57,414,118,-917,-1121,69,759,1413,6,-60,398,-326,-41,132,442,162,562,1295,-46,78,-85,64,894,-48,444,655,62,108,-1313,143,-396,71,-366,-25,236,115,39,762,-303,-405,199,-20,-370,741,275,505,32,609,-111,1540,280,0,1010,-328,840,565,-20,280,136,472,88,1339,-64,-60,215,25,657,2207,632,108,546,-106,437,236,-69,1056,393,-725,-20,115,2170,30,152,0,834,1315,706,507,-39,-176,342,-509,-164,9,25,271,150,64,148,1139,773,984,201,94,-1313,-885,1258,-34,558,169,-20,85,132,537,-2,1258,115,-461,1341,189,317,3250,217,-25,-85,-648,-20,718,50,108,-231,162,-20,-275,-215,62,-532,748,470,1441,261,-373,1007,-50,-50,579,227,210,16,236,-13,233,787,1413,576,301,-85,243,106,81,23,1019,-407,282,820,-169,76,88,-159,139,576,674,3764,101,757,4696,-127,50,516,1376,1017,23,926,13,196,30,3211,34,345,196,1121,722,2506,375,143,1753,4276,-20,-4,301,-57,-20,259,122,618,366,141,148,183,604,335,581,-500,363,16,901,-637,32,-48,697,1153,502,479,801,588,-400,-67,64,104,-433,1471,-257,41,734,1132,875,-189,141,449,247,393,507,722,567,-27,1258,178,215,1130,303,345,356,10186,-13,1390,25,373,162,1030,-192,671,141,180,4186,173,101,1232,199,-99,646,85,118,37,50,125,183,1726,50,282,2766,-48,32,5708,296,472,949,2706,600,2110,2029,-20,-60,176,942,-11,975,213,240,217,7450,185,-1343,1770,1350,-162,-2,-23,-16,523,1040,326,-356,275,741,152,6,-37,335,-685,-183,9,55,-2,769,-271,1811,-194,-60,247,-32,361,-180,171,824,194,1167,106,113,71,-185,23,-55,178,30,278,71,-46,-104,379,1216,1721,5796,106,894,97,-120,-94,92,53,-16,544,-164,291,-247,1892,71,725,44,419,143,1723,1626,-2,595,-41,37,-11,76,975,111,637,18,64,166,465,-11,898,6,-6,1457,9288,630,963,2,69,67,-169,132,298,196,569,-97,-20,247,-152,750,159,873,6,25,125,155,44,81,328,74,-78,284,481,-1130,69,535,27,150,-215,982,-398,423,-736,41,-516,1047,113,396,196,125,525,155,579,69,99,53,71,4,-94,250,2453,150,-171,67,252,-6,296,301,-1663,1848,-199,-345,64,2446,11,60,-97,-141,25,-354,-887,11,312,305,340,-106,335,201,-111,375,398,3264,-57,-139,840,-18,-342,215,62,780,-27,145,74,39,1102,185,92,-171,-27,6,470,-13,1017,275,152,-90,125,275,697,352,25,203,317,-23,-275,247,1746,106,145,106,861,-18,247,-41,20,873,947,282,366,-470,44,127,94,271,1139,134,838,23,120,354,48,134,472,-122,-2,-454,2,481,-74,384,113,-39,118,778,23,-57,1102,192,-4,463,55,99,-4,1364,39,-48,11,16,398,166,776,217,-46,942,32,1325,421,474,-572,447,1992,169,-62,1232,-39,919,57,827,-13,-20,-78,472,-305,39,83,243,37,106,152,1054,1457,162,597,-266,486,1371,1621,-25,92,1867,203,565,-76,13,-683,-310,-551,-62,-71,-46,1063,-2,16,152,1021,-326,-127,176,322,9,155,20,1573,-162,99,-268,389,20,185,648,127,787,887,-76,4,-122,32,83,83,331,57,-312,769,488,194,-284,1804,551,97,238,542,315,569,69,729,-94,136,-273,162,9336,678,1248,233,-180,83,50,2889,708,90,-790,1603,454,250,1663,74,134,444,196,-627,368,173,-74,4,-2,76,-104,294,518,92,966,271,-53,134,145,500,1128,942,64,278,771,178,57,-13,32,1672,493,722,-74,-55,132,206,-203,359,1017,16,48,60,-44,817,129,111,34,64,20,-13,-50,-55,859,-88,-2,238,493,583,-92,-55,129,1698,579,-389,597,850,169,-342,479,199,-46,-231,81,273,-34,660,240,-11,1485,278,776,-11,37,607,-342,683,280,322,150,817,331,0,71,1021,-227,64,-609,-60,-1596,-178,23,447,60,185,653,305,-319,-370,1109,206,1128,245,169,-664,491,864,-810,-101,317,-30,-41,-69,-39,882,-115,-189,368,417,-6,90,55,875,266,-48,90,298,220,391,634,229,-16,-885,535,984,134,164,247,-134,39,639,866,-69,-132,-203,815,755,303,-27,113,20,-139,861,30,949,-37,275,3373,871,-57,139,-287,454,215,590,99,-829,463,-11,-62,92,27,13,440,1390,-275,808,67,-2,1135,118,864,25,157,78,1183,-74,152,319,558,57,701,118,449,203,-245,145,3542,379,159,141,-162,252,13,39,60,-94,808,171,1438,-222,379,210,428,-4,-41,-32,840,106,6111,746,-16,189,173,-69,18,-338,891,1702,5298,166,442,1540,396,-222,2768,120,544,377,-57,-586,352,444,134,-71,-81,280,259,366,755,-101,92,1695,0,-157,46,6083,60,2423,-377,2404,-71,13,-32,136,27467,-83,271,-243,-465,-48,-37,467,956,185,368,3593,-213,993,18,106,-243,-25,-4,280,-16,264,83,461,678,6931,-1225,30667,-120,1028,9,894,1246,500,2129,3570,4918,-275,-23,97,145,55,46,827,514,368,-118,-41,-30,-150,-134,-794,3201,-319,162,50,30,50,637,-1160,0,39,1776,85,-113,1214,176,13,410,53,194,-145,30,20,1911,21300,46,-30,472,1292,426,1802,-67,298,301,-315,99,-282,-169,-662,924,1540,62,132,187,370,1556,-231,171,8947,407,412,176,560,-1383,155,-39,417,875,-16,120,1165,50,-178,5217,1030,398,1765,-57,651,261,291,410,231,602,5226,393,-13,134,-145,1116,755,30,732,398,215,361,-32,-134,192,-46,3403,1146,-71,-419,-25,3618,94,67,505,634,335,-222,-48,1473,273,1021,139,22984,-94,298,27947,2928,41,1700,46,284,623,4404,-132,2448,287,537,558,-908,4624,23,134,-136,5314,159,-185,14505,368,-46,748,233,437,-201,27,-44,-305,-39,8882,2409,-57,64,44,23,847,48,210,143,-62,-81,-83,-741,81,-129,-30,-20,11,4617,4,637,2560,201,1264,145,23,20,-215,588,1292,-39,6827,736,180,-30,5008,449,282,2520,83,-423,-310,7816,4,458,-752,44,18,-152,243,1529,150,-273,2129,20,69,542,-9,-2,134,739,187,143,1339,71,-115,44,1112,463,12364,845,94,-289,312,206,13933,134,1561,206,-108,746,4962,-55,417,134,183,23,83,18196,15098,23,-136,282,169,1153,727,567,349,-157,6915,-113,-67,-44,88,-23,157,196,5131,64,-264,16,62,-139,620,-176,76,328,720,505,-55,39,-421,32,-78,220,30,359,-505,264,1146,815,210,3275,3199,1151,2020,-97,-111,183,-254,4123,507,159,85,-76,-69,-155,-243,231,55,282,801,1874,46,444,4191,132,922,627,-74,6195,308,7131,1591,834,544,1292,12858,3709,18,48,16,254,233,-359,85,885,32,217,23564,44,317,111,-9,-206,34,396,477,535,324,34,421,134,229,333,792,1431,-13,-224,39,8226,245,108,159,139,9,-46,-162,880,-37,-113,4,141,354,393,-141,963,-159,560,13,-71,-71,-333,407,787,725,467,847,391,625,296,41,-127,104,18,-44,136,389,0,27,-127,245,155,19641,-129,-1149,-6,-127,-4,111,2914,-801,620,-259,34,46,-76,3424,-421,720,169,271,215,732,30,16,308,-34,-560,593,333,22042,9742,236,1007,3591,366,1193,2687,268,194,2066,794,254,912,-574,-310,701,847,53,289,530,118,528,129,53,509,231,11,3067,1209,2796,245,1876,-331,280,171,305,-34,440,150,-377,-171,433,326,938,10805,-162,227,-6,254,901,50,1795,748,780,421,53,108,368,294,1035,590,440,1271,421,173,-155,259,558,549,542,-4,122,474,27,338,389,-57,1647,-213,-9,713,1987,64,113,-69,354,139,23,282,48,509,162,785,315,99,30,0,-13,539,1047,2004,150,1132,1202,-62,20,162,-41,-104,-407,1359,1568,-106,-37,83,305,169,403,-50,4012,-41,27,129,30,-44,298,71,-315,-108,667,44,3343,440,259,48,48,4207,-229,210,148,125,6125,495,393,-173,20,196,1329,-162,180,349,104,1366,69,456,-46,426,104,602,1593,1288,447,-525,319,206,189,215,363,778,20297,871,6273,257,335,354,400,593,60,366,139,-287,282,20,171,1832,83,88,76,-76,-78,-60,493,34,2,1644,183,-2,245,53,1026,3468,-461,-27,210,-2,229,-99,284,308,866,-18,257,729,159,553,-2,739,118,-94,88,159,-210,-55,271,354,145,2,280,106,199,-366,-113,192,99,113,-129,-30,69,-275,-30,298,454,76,-30,-254,-88,488,345,560,-148,187,46,-55,-34,-27,704,824,481,-76,1024,1709,-99,236,88,389,632,264,-46,-794,97,-90,1232,-122,-486,-81,132,162,50,18,301,2191,125,97,-16,-143,361,92,282,145,41,-62,518,454,-62,-85,231,-164,727,368,60,233,192,48,233,-85,-152,18,1010,41,1529,-282,1647,-50,553,2444,85,-81,132,224,215,243,264,106,-125,227,412,30,192,141,106,187,-108,-444,-64,125,-333,-6,871,183,676,384,-278,-48,-30,-83,-97,868,544,92,9,104,-1033,150,20,-23,-25,97,13928,6,718,141,41,39,250,7133,-590,164,600,1169,-20,595,129,1079,134,-111,-722,389,685,590,132,-9,180,1663,532,528,331,-143,757,-85,-264,143,398,74,81,-653,-2,-16,243,1561,671,217,27,259,76,688,815,152,64,-115,152,46,1781,108,803,1051,-611,30,421,-217,447,488,280,347,1051,-136,-382,-227,678,-185,1306,104,593,-148,238,166,553,1359,790,53,889,-502,-410,-88,-67,25,3278,57,185,1929,1962,-162,-92,78,14188,2140,-166,266,-257,-113,1234,3289,-71,-125,122,23,25,39,0,604,173,99,-37,13,25,-76,0,419,-866,183,-64,199,13,1964,25,6,338,69,37,662,-13,187,-88,720,324,134,-97,766,1494,150,-145,607,192,-92,275,148,-180,148,81,99,1522,-85,94,-690,62,203,20,-94,44,78,20,2,-289,-437,-238,-2,106,1422,229,-57,-71,74,-16,-122,-2,25,-13,113,141,-215,1237,238,-92,-46,259,317,333,-428,71,410,-407,512,593,-762,-37,-64,-671,676,-90,-13,215,185,245,120,560,39,945,-291,111,-57,259,-454,9,-173,16,305,33016,1121,-539,838,794,148,57,836,708,145,-275,-62,732,-317,-319,-23,586,1871,-122,44,108,-25,373,-484,178,243,-34,-4,30,491,227,581,-108,284,41,57,236,166,5662,639,-644,57,-25,-16,14709,1019,127,8310,356,254,-90,125,69,-57,-27,850,2974,180,303,616,741,187,660,11,2819,662,-516,222,278,-48,1079,414,289,254,354,-222,178,1253,-284,746,5439,189,1306,-199,53,6,11,-111,69,-139,240,104,252,815,115,141,185,-1721,671,64,57,129,34,90,57,164,-16,470,-259,180,6612,1183,347,69,-81,50,766,-99,220,-92,-18,1858,99,-23,308,880,238,1125,586,973,-115,229,340,1524,247,-187,240,-143,-600,-25,16,36084,430,973,465,-245,275,-113,127,456,-2,-180,83,-74,97,11,-125,-303,48,201,-67,-88,34,-796,0,454,4,-90,199,-1010,-74,5347,-356,132,106,-50,333,240,196,11954,4411,30,64,278,1058,1420,1193,-108,824,301,1012,291,331,-11,1202,64,379,30,97,-67,495,247,688,-118,-88,94,88,2,470,34,523,-53,-6,141,99,64,243,562,-6,-30,940,-139,1869,150,53,199,1566,-159,-25,-194,199,101,141,11,535,-556,243,11,106,20,305,-171,398,1403,1033,674,240,-152,18,417,16840,-25,461,139,280,-697,3588,335,-134,347,9,60,1661,924,-148,-69,417,-294,-217,-6,294,-23,62,173,966,-46,148,155,331,176,-25,755,303,97,122,328,-282,227,143,83,50,400,-366,238,215,74,-780,90,250,222,-71,164,108,780,3957,44,588,-194,433,136,-196,83,32,-23,-164,361,-11,115,64,-180,-1531,-11,111,34,-155,92,252,669,379,442,-231,447,-104,-537,155,813,-206,44,-20,150,880,37,227,-44,264,48,62,813,-4,697,1401,-57,882,23,180,-69,252,356,206,-164,118,157,-27,259,3060,-132,-27,231,171,108,-11,20,535,1255,34,-62,-32,843,312,210,50,215,62,78,136,-11,67,1297,164,268,185,326,2082,384,64,-111,-90,88,9,-34,132,37,-271,-1051,391,322,2147,108,-53,83,173,264,34,-171,947,11,83,2110,106,-13,1454,662,803,-20,-41,-4,525,0,37,2474,231,-127,6,-74,-34,312,53,44,-18,46,13,-9,-217,1554,180,-115,-247,-611,757,48374,-231,64,-27,-94,-99,-4,-106,6,-64,935,428,-23,111,1962,315,1911,-34,308,-273,-115,-145,-48,141,739,37,245,-752,-46,252,363,-97,-99,266,769,627,1987,491,926,6,64,-2546,201,-101,64,1276,340,139,-157,400,127,298,377,676,-74,15228,382,-104,37,1000,310,60,558,-23,139,-88,11,-20,-101,-90,-44,718,1538,171,-4,-127,-44,-85,-551,92,-560,-164,74,180,196,44,349,2,-9,83,132,-18,9,134,-41,799,16,393,60,518,99,27,982,85,-13,90,-18,871,-328,-407,227,-34,-44,-509,1508,-104,-16,134,523,1190,67,-127,481,655,-111,192,361,1190,-2,986,2828,-982,3150,-37,-97,5235,183,164,132,278,-1276,29775,565,910,44,391,-39,173,319,88,746,83,-44,27,1151,623,62,1549,384,1573,-46,231,-13,-55,593,-57,-315,-127,-85,194,917,-208,37,90,34,463,2949,319,-618,-247,342,-120,588,78,252,67,546,53,13,213,-37,1019,187,-653,9,-539,2650,1807,456,-173,-505,1587,39,7531,11055,-400,590,64,4198,21129,896,194,-609,162,111,-252,984,13,356,618,572,8887,6276,62,-23,-64,-34,308,-474,20,414,164,-23,236,980,412,111,67,122,-423,-252,291,183,-245,-18,-257,-81,-1042,588,53,145,-391,-391,23,743,-437,48,-259,20,25,-157,-50,-671,-55,-1047,417,99,502,423,340,-370,164,1003,-111,247,113,-134,-81,-108,718,-23,-94,-134,444,-491,-118,25,627,597,3813,8706,1566,12570,-435,-30,62,122,-32,64,546,-157,171,-391,81,60,104,354,206,148,129,423,-217,-347,74,1540,-32,296,118,414,317,85,76,85,8884,-162,-30,954,597,-701,467,-333,178,23,-108,69,215,-48,315,389,389,885,164,491,257,143,148,-37,-50,27,-92,-2592,544,488,196,171,171,48,470,-74,-542,-231,-926,85,356,718,2024,301,74,229,-493,-23,-199,514,139,-183,3822,183,1519,328,697,574,484,148,1024,111,-122,199,224,27,746,885,69,1466,55,37,229,-120,94,880,386,69,356,-6,60,-333,233,-335,287,185,-741,639,150,-477,-391,470,2194,34026,634,213,18295,-315,92,-25,-178,39040,12519,1714,-1983,4816,224,157,2115,917,1264,-6,581,-37,-69,-16,189,454,94,30,127,461,-449,-187,74,676,21096,405,-139,859,303,-83,0,-430,11,799,113,-88,55,74,-155,88,67,1232,535,-69,13136,85,55,759,792,-706,275,-78,55,736,-39,644,4,1790,1056,-74,176,34,1332,822,1401,22642,6822,48,104,183,-152,16,104,1679,141,2988,-37,-169,-25,-69,217,245,37,-602,613,217,57,23,284,25,560,224,201,247,21180,495,104,0,296,183,-71,157,74,653,479,-280,0,377,820,3785,13,542,732,-9,-264,1739,23,799,403,18,-257,303,-1593,-152,60,150,4584,187,104,595,-60,115,-143,169,46,576,-74,-111,85,345,1169,352,13,340,326,37,171,301,739,-81,139,-139,-20,-189,39,375,187,113,-206,76,176,-257,613,324,421,-924,-287,-46,-993,16,50,1114,-359,391,4,461,18,-6,1033,-111,266,13,379,-60,78,85,-196,287,238,-349,379,361,956,-312,-187,417,537,71,127,312,185,187,331,-11,41,796,-30,-81,48,396,-83,74,1010,108,41,-217,-132,-203,-458,407,-115,627,34,-106,-187,254,-799,99,-1962,1146,261,-222,444,150,743,810,24335,315,162,1665,150,261,-667,-106,203,-690,76,8808,145,4281,-20,27,8572,6083,141,97,-305,2,769,838,2152,-157,-477,273,449,379,74,97,37,322,71,-370,-287,-240,505,338,74,27597,-71,-143,1153,41,470,562,333,-78,264,-227,85,-11,521,46,17626,535,4425,-50,71,-94,39,20,-4,1112,291,-101,1888,1033,60,887,-83,-20,3836,-55,57,-90,-423,1095,148,458,106,48,-363,956,106,-493,2,-48,-90,479,375,187,1132,-152,553,2814,-220,-50,389,945,324,-27,127,37,1640,1580,57,-132,60,183,141,94,44,847,354,1438,50,67,363,67,1329,-919,32,708,-25,368,111,57,-1024,-206,1524,50,-111,122,-125,2210,-39,23,-37,81,801,1137,-815,-34,2302,6732,-20,189,-180,-9,254,-512,331,3424,470,9,13,430,1000,310,-20,1007,125,231,347,6,78,280,440,78,159,-148,472,57,-9,29817,2432,553,164,-1137,2,-338,2372,-11,199,-150,-16,-13,231,1193,-2,284,69,-113,81,97,1464,-542,391,1992,340,-48,4,1962,-20,437,3308,1211,5657,83,-101,57,720,71,231,-271,143,-556,6725,-34,99,815,152,-13,366,400,25,-39,152,725,-532,2233,173,2,115,1591,71,108,-48,567,298,10142,67,620,667,1255,-208,-9,349,-224,9,23,766,4,414,648,1267,746,463,386,-192,291,729,-120,187,27,-94,129,69,13,185,319,373,143,206,229,178,393,-268,164,220,11,57,264,-801,488,20,6385,4158,118,667,407,1878,-145,16680,97,106,-27,-23,-76,-259,71,141,514,435,155,176,254,-23,-101,46,-34,-210,99,9,55,1167,55,-143,-62,-465,53,-18,1376,227,111,651,291,20,-78,127,111,0,-74,-359,-67,298,196,39,64,662,-412,284,233,379,326,136,-92,169,129,141,136,275,178,159,817,-176,53,1556,623,495,-840,-88,-428,18,254,-16,1994,57,428,340,-217,-6,-287,0,-23,-430,9,470,208,-92,657,-407,-229,-122,118,111,315,722,217,141,1116,850,3952,477,34,-180,152,1663,46,-268,176,-472,199,13113,370,-30,-9,88,139,-27,62,5029,92,1077,1005,3192,206,271,171,280,-278,356,176,-111,20,245,88,317,113,-94,-129,9,-6,428,386,189,-662,11,-39,505,771,6058,6658,76,30,41,41,2745,291,115,551,-2798,183,-338,683,203,528,34,1028,-50,-166,-340,-347,97,379,1681,-64,125,30,-50,474,-403,282,-215,528,-39,-317,-164,787,-776,-201,71,115,-108,9,99,278,136,331,18,30,-118,106,-120,2277,23,-655,-1408,866,10353,-220,333,-565,648,572,268,-423,3380,-273,-127,699,291,50,-18,588,78,39,67,477,83,44,247,78,-692,74,-115,373,23,-57,-141,46,199,13,206,94,407,595,-215,977,1640,104,-3445,18,-97,148,996,101,99,-88,275,173,11,4378,523,-37,34,81,998,750,-196,19563,2314,-896,57,136,145,-23,74,1816,391,-1390,-1865,-423,264,-183,-1160,1445,76,-993,-20,-11,-25,136,2703,-180,-101,-18,400,298,8171,822,-85,-9,354,-85,83,4295,32,273,-85,1524,81,18916,-597,-3053,-2944,-11973,-817,-613,708,1577,-57,-20,743,-224,423,-398,1100,9793,4517,-57,169,-423,-46,3454,176,8201,62,113,62,-20,-366,13265,236,-20,14347,152,-162,-134,-50,-127,732,1334,99,2645,-97,259,25,-386,-92,71,396,273,94,-129,60,83,243,379,132,6,39,208,-199,437,1149,796,150,574,-37,-331,-18,9,664,145,331,127,-11,129,-46,145,363,213,787,328,678,3308,-13,9241,101,55,-18,48,27,310,-6,240,-984,16,37,-85,1559,23,-57,-64,-13,440,-37,690,0,-257,-257,-118,488,-57,-50,30,94,280,553,-120,178,458,349,139,755,13,183,-13,34,27,442,-25,99,23,-4,-23,39,88,97,308,-189,-2,11,2673,57,305,-145,530,7483,57,155,-155,-53,108,164,4670,-27,247,-111,-231,196,71,252,-375,25,88,-97,1135,2096,-92,-194,176,85,-115,-60,456,134,1510,-120,162,-41,81,-30,-4,-83,-99,-62,236,298,201,99,266,238,-90,1818,7559,-150,-340,-732,405,83,347,132,136,6,-224,-78,111,-210,44,1237,57,271,3514,1010,676,69,2835,-1329,699,-125,326,-136,171,-192,-18,-32,356,-166,908,287,-20,271,3394,755,97,97,88,-139,-122,-101,859,588,-196,382,111,669,982,-349,-50,14593,12721,-25,-76,76,1603,88,-646,11637,238,192,2608,-4,39,4496,3706,1223,-579,50,104,305,-157,-180,-861,-349,-71,303,305,2909,-507,440,141,-465,271,67,2977,328,294,62,491,338,764,20,-90,-145,18,32,227,8924,641,46,229,-60,315,-64,32,118,183,143,62,37,-97,-164,-97,-127,333,-6,426,159,-303,139,183,236,-6,14000,12001,145,183,359,10629,9118,257,5268,-233,134,-27,13,113,-81,9,-106,224,44,322,366,-236,-2057,625,81,574,132,618,-9,551,194,20,379,-60
63,-161,-215,-46,146,-172,-596,-122,-341,171,-147,-533,-1185,-789,-547,7,328,-86,-457,15689,6,302,-42,25,-285,35,-202,-154,87,-26,-34,-500,20,-609,-280,-353,-209,183,657,3762,2164,1076,11955,11709,18094,16134,22495,17352,302,16,214,1030,2801,1110,4748,241,379,670,34,687,395,73,334,73,417,259,359,2656,318,1001,-1423,-1255,575,60,-1360,117,-259,44,371,1333,60,100,1223,-140,0,88,1183,249,2513,674,103,790,216,1329,881,344,-221,65,448,142,-60,80,-102,171,223,-605,38,5404,838,-1420,663,-252,-401,187,184,-796,-123,114,203,148,-17,-32,-97,274,1188,-129,-764,291,-152,202,352,914,-195,66,60,-46,674,290,100,2980,891,-751,195,74,305,122,288,20,1345,26,-648,341,107,317,656,695,-558,1437,-328,1592,-497,6441,430,465,457,-41,-11,264,343,854,691,1711,279,2430,415,1375,799,128,208,152,616,403,175,-65,53,-118,38,-58,21,-1823,-25,4103,25,-21,-252,576,2381,351,116,231,946,318,502,49,262,-29,175,253,2724,858,512,139,-492,-39,-44,9071,-709,171,3085,-120,974,1353,-135,266,-6,-33,18674,-304,478,949,106,-25,326,621,590,819,-342,354,1299,3042,778,6013,394,2940,68,-6,162,-35,186,766,591,219,1145,834,3,1350,72,169,11,1043,61,4320,822,-1480,801,-116,-50,-28,-1795,-108,-143,-276,109,317,596,492,964,261,-16,-834,-223,-21,1733,12113,79,46,-22,127,269,1386,-36,16499,2065,2088,-123,1212,668,590,502,1870,526,321,106,675,72,197,67,290,3494,477,-185,-431,2561,-144,167,823,53,154,30,60,-38,457,2654,2293,2243,588,304,800,1581,302,175,1147,668,1016,176,294,413,363,618,1915,774,187,533,1695,156,121,-7,1590,208,-349,1734,515,-44,3942,103,492,254,1591,176,336,88,-32,686,513,5006,132,364,-98,2868,304,586,763,-202,-59,523,1782,1450,190,1136,1886,332,187,-43,-228,2225,1254,973,1112,329,-96,464,-84,-25,139,-92,24,287,104,327,1434,449,700,541,746,199,187,354,2760,-630,-252,136,1531,1397,-65,-43,758,453,359,165,12,132,-33,-79,502,659,290,79,1460,200,28,301,2706,228,-131,-934,236,230,811,1130,627,239,2785,211,708,55,625,11,8,-95,368,1882,960,87,1051,-203,-167,-877,1154,-759,350,-133,250,112,1241,3166,-221,150,348,64,-416,128,133,-14,84,140,1358,-229,552,246,-155,779,423,123,781,318,313,470,66,248,431,266,-30,369,316,-276,171,255,367,285,468,539,-291,-327,1154,1809,-948,859,575,-99,3047,-80,-506,369,273,89,-311,164,2823,916,425,1164,666,637,480,64,-1504,1213,185,474,993,162,588,5155,444,1286,496,2499,189,318,233,134,568,305,4525,879,319,183,459,-1155,9,43,-118,453,409,325,1304,2029,105,-45,618,35,-74,81,18478,367,-146,315,179,24292,106,-1631,826,-404,60,-3,1032,1015,363,691,98,13,1291,-39,-860,1449,55,2763,111,336,1101,752,113,203,40,-16,-345,994,54,259,247,-63,-139,190,28,17,1376,395,640,387,-1672,391,191,719,1049,236,-28,83,197,2150,91,301,5,658,1437,446,-142,-382,131,547,602,-192,218,232,114,-10,415,301,-9,97,-71,1172,59,829,223,-329,-310,253,242,805,947,1178,-646,54,-22,948,304,175,-52,45,119,178,238,6,395,579,1147,879,1359,1169,-935,53,659,376,334,-322,171,2644,518,446,941,12,-27,323,360,-142,69,-14,-165,-612,1058,520,1996,679,134,139,-178,101,121,1024,307,-14,105,244,541,-552,-12,522,575,547,239,1294,1017,-30,1842,-55,184,297,395,217,48,69,342,1910,192,353,-2658,427,-18,-50,45,868,0,1129,-116,271,224,343,244,620,397,114,386,39,214,530,158,8741,60,194,223,117,1993,-449,517,891,-877,-63,421,192,215,7807,-165,-35,449,-934,-37,115,-181,1005,-104,2545,1236,130,186,3486,184,155,4,1137,1243,92,1845,-92,1107,35,123,11,-288,172,3453,-183,936,97,133,1358,724,-73,-489,3546,2425,135,-167,838,-884,1427,2887,2483,140,646,-199,-2,-105,22614,614,289,4885,1096,5930,773,530,118,1901,-1019,-1823,2118,-259,-1143,-706,-1433,-435,177,-468,496,112,8111,1355,626,42,99,758,1107,-208,510,-111,-119,183,-70,703,371,-488,-148,654,-201,99,2556,52,-120,359,-500,474,-864,156,893,19,-310,-305,-175,-688,136,-59,1472,40,-417,-128,5349,-46,206,599,934,23945,601,35,38,2467,-448,36,-1964,8227,-65,-140,-80,-16,-67,448,1083,402,18127,254,374,86,344,528,-665,199,237,-614,17406,-156,-92,284,-207,1559,21154,-14,-989,88,88,221,91,490,-466,2556,4395,-165,-81,-8,6154,194,1112,56,19438,2388,-119,864,731,437,1310,133,37,192,20,-181,6383,-193,-168,282,-34,149,142,387,-1443,-293,-432,123,103,-87,-97,61,-22,-714,643,1911,-11,-557,578,891,-22,-307,-104,563,410,668,285,268,992,-39,-286,22,-420,186,-6,463,71,178,-244,-126,81,222,-2,-129,-259,906,43,930,-335,-478,18990,102,1558,-89,595,50,-508,-292,-154,-194,49,-111,753,11562,246,517,-593,357,-3,145,223,-12,-231,19,197,127,-244,-1223,14501,1129,276,-116,6268,-104,33,146,15094,-767,688,289,800,-48,-148,-905,648,196,-199,-81,724,-355,1673,1142,261,127,225,-1067,-49,617,1280,130,-5,-290,-33,-1161,214,1063,1609,1419,3153,391,270,-284,264,120,1586,430,687,40,12086,-180,765,4721,776,-457,86,124,15216,2146,1074,270,2121,164,26,201,6852,-88,11468,1304,565,195,158,86,-168,273,61,96,232,-475,774,1135,-155,-20,835,1090,3519,344,1251,7586,98,348,497,972,277,768,-268,-100,223,-14,-124,1524,406,5799,318,45,611,-77,7168,744,-77,190,-986,-163,71,-158,88,-8,-142,34,5,1948,227,1646,-44,61,-97,-3,522,162,453,192,454,5460,132,-7,-49,152,-26,353,6,35,2367,144,-169,394,328,493,-89,347,693,39,1781,317,537,16,258,119,46,-354,-380,-60,-53,-115,1004,-35,143,-40,-93,100,96,59,-21,1089,455,-167,45,-18,25,465,-756,472,-240,544,87,96,-418,402,-121,227,-67,-864,306,1340,-84,-1392,-107,321,20306,12165,197,462,-979,374,29,27,103,55,-625,74,504,82,-400,33,435,3285,-182,429,358,71,-25,192,775,337,824,3392,13,7,287,1315,40,-39,227,575,4867,573,256,-52,-107,6,128,40,2993,138,312,67,775,-102,-244,-87,221,83,-200,1244,-49,344,-40,-185,1079,147,-41,231,1818,270,1518,11676,-52,1067,-80,195,4917,27,1526,138,422,184,270,187,119,1193,-257,112,87,26,10,710,385,222,281,-36,-841,1224,563,156,628,1995,605,271,752,-604,694,74,-54,167,-159,722,90,61,4054,96,637,23,-834,207,133,-953,299,-2435,-27,1504,656,181,1812,2239,270,565,172,190,5198,-63,213,194,-192,1010,528,2262,9,-106,822,132,127,835,-218,275,115,3356,17219,101,3119,1674,160,-10,3508,88,247,402,1233,521,2079,90,35,73,11,780,111,436,140,206,8,111,8030,363,-39,690,57,421,7864,-308,-154,2598,-87,-1142,398,1673,387,-131,50,-6,-127,246,-1324,74,54,1339,-1026,818,372,9345,699,971,198,-55,86,593,107,242,363,-512,11,5550,200,-1113,26,-63,-132,13,104,64,39,17,144,585,1029,2084,1062,-58,89,305,100,485,-1897,496,670,-196,-229,-195,-40,-380,530,1032,-19,131,458,-44,48,120,153,-44,614,1264,106,-637,-118,-682,-46,243,2074,205,191,876,339,51,-63,278,191,114,1483,270,588,-49,198,-413,39,345,1,190,693,-25,69,154,7,-86,-87,-1176,2350,517,102,680,17,98,-316,900,273,86,83,1049,226,1461,363,264,685,286,142,-233,1809,-14,590,452,375,-240,893,82,0,266,-72,119,583,730,483,538,1567,331,60,1308,23,286,10887,565,87,-176,51,102,-103,104,123,39,-54,1188,1401,96,1095,-98,-335,-35,-79,179,416,-10,560,600,315,152,285,28,-104,142,401,-167,45,-177,594,136,80,64,-4,-107,8,34,379,-397,-111,-926,42,-349,128,115,-40,-560,381,-621,205,303,28,111,-212,350,-148,119,468,475,1158,962,-55,543,-104,460,557,418,836,205,236,998,-262,-60,438,92,233,-81,84,51,242,21,379,25,8835,35,207,1131,418,738,356,82,156,23,-319,236,302,192,433,-28,589,-11,-81,-158,-887,282,-494,92,28,73,804,46,187,-171,-919,299,459,-83,-63,1489,21048,-23,-67,15332,-9,-112,155,-712,-22,726,152,106,418,130,-388,-305,890,-920,-65,484,294,397,318,702,-243,68,1428,197,32,14,1562,345,-214,15551,186,-790,327,484,-126,140,291,187,-477,370,-505,2207,-706,307,-87,1583,300,351,18,-129,3542,279,1024,1110,1486,626,22,30,-1177,670,-138,209,193,228,239,-1175,162,2686,4424,443,-36,242,370,-955,299,23,17,64,111,-165,205,60,327,247,-68,18214,-16,22533,17044,19674,37,-155,55,-99,-909,690,1964,9315,4,-89,3705,5895,1279,-163,216,93,5088,1532,-194,34,148,-68,1938,300,86,1340,-281,-844,299,-177,9297,-305,570,451,14521,-21,1129,276,174,93,190,-19,873,1893,349,-626,273,-184,-217,392,2693,355,-109,996,1486,-337,737,1507,437,695,310,2444,245,637,467,186,1883,2917,1230,416,-481,6486,120,19770,976,8,1,-1465,-165,537,288,418,301,-574,263,-2,237,164,5138,135,43,106,164,61,568,7,77,-264,-12,252,-398,-23,419,584,8740,232,349,14,-1880,134,117,-63,-278,-44,19680,484,-399,-171,176,-385,93,-363,52,656,658,-27,805,357,193,1490,-72,258,580,73,-81,1339,-100,197,13,-50,677,558,691,166,129,-214,-264,190,206,68,73,765,266,826,3893,-780,381,66,523,-35,1716,1167,18183,1469,-577,1316,555,106,168,-68,-903,170,-816,292,3135,165,331,3075,1095,43,-92,4417,93,-129,492,8485,822,1041,-236,43,674,1448,1729,-195,2686,2358,349,43,-337,-36,99,1010,807,284,3691,205,121,281,1199,735,1594,546,140,80,412,175,-7,260,132,324,375,103,862,223,-464,839,182,5749,889,171,218,514,98,827,1699,362,91,2263,-159,-43,776,4129,264,0,116,82,99,79,446,331,5994,90,1476,228,-127,-80,558,497,873,-164,373,601,114,192,589,552,236,164,-85,136,178,7,-505,1004,387,5097,-187,-430,384,-11,3998,1484,-206,510,92,255,165,-461,848,-308,5195,84,129,2297,744,2826,171,254,89,-736,-49,-127,-263,-249,-701,473,182,-14,372,163,-151,-853,-5,127,-167,-80,187,-578,48,485,21,-224,16,-149,1295,18521,6000,2677,25,92,117,-10,-55,118,93,101,277,23,30,-11,22,132,-52,4514,1468,-1133,-76,9422,785,-342,197,-142,230,6215,-82,1654,565,364,-165,1151,609,-309,336,-49,1049,682,-6,172,102,822,-57,1029,-82,1690,-510,224,-12,1275,17,818,348,-43,-7,262,9,481,-592,104,276,775,-95,13575,-1342,527,422,106,292,71,954,-43,333,180,-1335,292,287,-1,95,-394,-54,567,-1,243,22,367,212,215,163,964,18579,9188,287,-56,-82,192,-265,-559,-77,-84,1207,213,288,1041,-203,100,9,-99,168,102,11,-807,104,72,2732,398,128,-323,100,1020,108,1692,-166,122,1774,-59,-475,760,505,-166,189,-144,133,144,368,-48,-118,53,14675,-194,1155,336,-318,465,193,149,-37,607,721,106,-2560,299,9196,578,1252,107,1445,342,27,-5,1490,238,2596,20228,828,43,49,564,385,295,83,-97,587,302,-6,42,998,491,162,951,-310,-1113,9,-309,-250,202,591,-106,-88,18,4661,-172,7924,105,10420,4441,-80,404,-22,447,-238,-369,449,773,5029,227,-77,76,621,1711,93,819,648,804,33,-573,-58,174,-808,122,387,611,32,297,735,-145,2081,3679,1496,111,1766,-49,24,383,3655,276,506,38,-269,-561,1070,-470,336,46,265,-263,1165,-175,1063,-59,530,669,462,24,333,385,304,885,1152,618,1075,274,-523,230,792,98,131,993,632,59,413,1469,147,186,128,421,130,832,662,299,58,7,307,-206,888,929,-591,1219,2574,136,1231,-634,-138,501,511,23,88,1516,3983,388,75,226,108,-41,-193,545,2270,-530,708,129,32,-480,787,789,-249,511,2215,634,261,433,126,-77,618,30,728,-85,-246,-284,112,-108,881,953,339,286,-100,-179,1364,136,-137,-12,3,751,256,214,-108,-130,884,27,-1838,-32,16,659,320,18,174,44,265,761,181,217,277,-146,26,273,164,-37,1857,287,129,-112,-17,-255,-55,175,-133,84,-253,169,336,586,-118,247,65,176,1919,39,8795,316,350,403,667,190,116,746,-1166,73,-1,2206,-229,55,191,-401,102,767,-505,3265,86,-18,233,-98,428,-38,790,1068,358,98,205,348,8,-37,91,84,178,219,-43,12887,732,24,-673,274,600,58,-29,806,186,-382,156,309,772,-152,257,2523,124,-161,-28,117,-372,80,1343,-138,1350,-45,75,-760,-68,98,370,-746,167,-17,-428,123,11,392,846,-962,11,1296,-14,1060,2017,370,351,74,-116,-256,479,-305,-99,777,1021,-207,-116,239,399,104,179,808,-740,-161,702,281,57,-165,898,257,1157,-480,98,87,177,4180,281,2731,-400,1018,348,71,324,-96,1566,155,331,920,-704,546,248,-1075,783,-708,347,186,1426,221,43,731,-176,99,154,-124,-55,32,-24,-175,90,450,100,44,-413,233,80,172,-46,734,-85,612,351,643,-243,161,-139,1313,1172,265,85,166,-103,570,-45,602,-22,-102,127,1789,172,636,358,-98,66,-1107,750,598,885,339,156,-186,-216,780,403,1124,-163,1817,177,-73,2978,-57,218,-39,148,9,289,-133,483,84,232,-1775,-501,510,-26,-438,270,1442,1933,66,-18,183,448,304,148,-59,345,321,262,9,305,350,126,271,363,721,302,222,99,191,5149,2584,1134,365,-737,101,-1166,14320,369,1652,113,309,1259,276,218,108,81,1251,-69,1537,121,-219,386,992,199,126,-50,64,136,480,1978,-130,516,256,175,-198,7098,17565,12364,256,18,213,180,-32,53,906,10,-73,-20,147,22,76,216,-206,509,-93,219,-65,228,494,-18,9,44,1203,537,238,482,45,365,-63,24,121,228,1420,1731,55,-427,9608,21291,16474,11829,12547,19833,5720,530,5213,167,-322,932,354,122,969,353,82,-699,-317,468,459,-126,-224,740,289,325,-226,342,25,183,-126,454,261,3566,811,44,-183,137,-102,44,2,-150,582,-4,-182,218,810,-609,413,203,-234,530,1064,-115,105,12,290,77,444,-699,20,318,-830,32,82,378,486,191,175,214,953,177,273,107,115,-162,359,1,-40,50,161,-107,1479,170,240,-244,211,-457,1318,80,92,396,958,600,-1072,65,1441,591,3221,-72,-1822,559,-26,207,214,-2,475,61,-60,695,266,-319,1046,-72,25,-116,22,185,431,1724,126,50,2425,30,225,130,-137,-244,1081,599,206,-9,439,-38,272,199,197,3677,995,1402,154,264,266,29,-3,542,71,-343,331,325,454,211,668,2,294,633,6955,13,-274,75,1376,-54,95,11,17,73,-689,713,418,5,-358,79,227,88,-74,-105,128,9,-79,-347,-83,1017,46,-307,416,-18,-34,-93,120,38,18,677,-48,992,392,-790,641,80,123,630,-231,1395,-8,185,-170,6394,140,853,578,478,244,845,-434,21,97,828,-226,745,318,1707,-136,207,565,331,-33,200,559,-145,17,257,345,-388,294,822,315,844,262,-2,606,-24,-83,452,637,1275,209,100,-69,-27,46,-198,49,488,-284,221,608,214,254,1030,-190,1425,-87,-710,1054,-370,557,48,321,150,751,-953,-36,1708,1340,-293,-6,438,-336,368,147,321,238,650,1749,-90,114,16,124,584,-105,297,573,145,100,-1608,-181,-75,48,-206,12,312,169,61,797,-510,-153,198,82,-294,1222,484,223,105,687,182,1628,316,115,1720,-24,203,563,113,214,51,922,81,1216,299,-85,538,-781,234,2554,623,201,116,-58,93,276,-45,1247,239,-1703,-52,275,2242,-17,-127,-79,678,1114,941,368,-85,-95,207,-516,-68,-85,120,461,100,53,-539,1583,469,2020,134,-37,-936,-1063,1663,5510,226,326,-5,107,164,844,-56,967,210,-162,1243,353,368,4714,318,-5,-112,-1036,-1008,130,97,201,-341,191,10,-295,-200,-331,41,619,482,1856,289,-305,1507,163,87,572,148,90,-35,243,-60,212,201,867,647,591,-45,221,-79,33,98,1159,-265,255,987,-108,308,115,-77,87,460,1295,3869,69,2407,3623,135,-7,842,1487,1302,208,1185,-43,294,64,5298,19,121,181,2767,328,2918,490,140,2146,2381,-37,20,307,-16,-289,111,56,373,671,240,284,80,585,241,485,-557,265,86,1770,-848,279,27,448,1032,546,681,934,884,-167,-24,33,376,-919,1993,-354,77,746,718,734,-225,-176,293,98,411,-38,1310,331,-49,804,175,23,1009,624,146,232,9753,42,703,-68,338,162,2502,-381,615,-56,-121,2499,190,84,858,93,-71,617,6,152,115,-134,117,61,1816,74,115,2519,46,-25,5216,260,324,914,2753,105,1693,2868,-9,67,38,564,109,1170,302,217,6,11557,-77,-1524,2124,1563,-231,26,-8,12,599,800,258,-648,324,928,87,-72,-7,494,-744,-133,103,317,-154,1110,-404,1353,-197,9,402,64,381,-172,462,953,23,2266,28,115,-175,155,-13,-22,215,48,165,92,185,-87,310,1308,1420,5035,228,674,201,-99,-832,97,168,11,496,27,374,-464,2583,-505,161,-27,206,169,2586,1408,124,1041,20,96,0,35,998,444,552,132,83,72,619,68,721,74,6,1448,9383,889,1251,207,65,236,-149,210,193,522,187,-140,52,409,-74,891,159,1643,-24,57,116,143,129,469,336,52,172,363,610,-1257,163,569,57,286,-121,2977,-430,340,-1171,-45,-238,872,5,392,49,80,359,-88,619,39,75,-140,462,102,-26,391,2818,-351,-133,58,403,-223,170,308,-2571,1782,-396,423,-1,4401,-184,100,-64,-228,90,-384,-455,-42,206,481,761,81,385,288,-10,1056,611,3149,-66,-76,1031,68,-300,-136,-59,1672,-4,338,107,-6,1664,282,98,-145,18,41,2442,-102,1340,620,459,-85,74,310,551,549,-59,191,350,-18,-112,180,941,425,59,19,-166,13,514,-29,-103,1050,1151,796,902,-1220,99,69,191,296,1011,166,286,-151,217,459,-53,180,827,-252,-5,-545,142,851,-57,277,-64,-17,11,1041,117,0,1152,196,-5,1054,-130,227,-42,1393,149,42,1,89,323,222,677,598,-167,1627,66,1506,339,493,-263,662,2624,783,96,1065,54,1158,92,722,5,-34,-54,359,-406,41,108,-265,116,117,128,1031,2424,127,304,-69,525,1727,1857,50,196,1794,200,-104,-42,-7,-568,-223,45,168,56,-53,871,-64,106,261,1260,-149,-401,76,211,4,162,-191,2187,423,64,-486,742,76,248,490,309,911,940,21,164,156,-58,93,129,556,123,-527,42,104,382,-149,1899,829,72,224,514,38,778,404,757,-115,-412,-459,116,9657,654,680,186,-168,-60,-130,3269,549,911,-832,1000,590,203,1328,66,-36,755,170,-263,80,155,-190,24,34,38,20,88,698,57,1518,228,210,120,71,365,961,605,-10,362,645,80,8,-32,-6,2349,530,831,-134,202,161,158,-133,396,808,23,-29,104,2,1537,-112,113,290,-12,22,6,-50,-247,252,-48,98,399,847,481,-158,-90,43,792,390,-266,950,955,-303,-341,-479,-111,130,-185,132,185,-91,9,229,36,1524,463,631,-7,349,666,-987,897,243,636,234,746,287,-19,197,1614,-142,85,-671,-39,-1821,84,156,463,-103,210,359,-33,-790,-239,1051,322,3289,43,98,-551,761,1114,-871,-177,391,76,-101,-6,-227,1574,2,-127,185,394,90,-77,56,936,291,-92,-266,337,143,576,587,382,84,-708,510,1066,517,113,390,-277,-2,585,666,46,442,-475,890,132,139,305,76,13,-458,894,2,1639,-164,442,3767,981,280,133,-206,230,279,593,-260,-1048,266,80,-106,69,-171,-19,447,2047,-329,909,46,-79,628,52,416,49,273,229,1063,77,275,195,535,-117,743,85,383,181,-552,281,5507,225,184,113,-130,381,33,-177,6,60,967,390,1084,-85,342,37,370,-75,-33,-5,855,83,5691,890,63,189,273,-81,102,-321,971,1940,2377,-958,222,2097,851,-372,3446,-75,3976,268,77,301,384,389,189,-103,183,240,-294,273,441,-70,97,3044,65,-163,16,903,72,5164,-1186,9592,-8,259,64,69,21350,130,-73,-285,-498,-23,202,306,1488,134,590,7431,-64,1493,90,-41,-258,138,25,556,41,39,2023,699,769,11016,-624,22073,45,932,-64,687,2487,442,2714,1251,4896,-37,-60,-169,-51,76,23,499,427,741,-200,2161,95,58,150,-576,2696,-478,184,259,-61,-8,907,-2340,126,25,3163,49,-175,2089,147,-200,338,44,378,-179,71,57,1626,19780,24,-25,888,653,406,1428,33,354,584,-374,81,135,-161,-434,1318,1568,131,71,260,61,2073,-111,104,10649,177,164,-609,648,-1967,-92,24,631,334,-80,187,2569,227,93,8494,1467,536,1914,-38,3088,297,586,14,589,1946,5629,985,-114,2,258,1803,561,2,769,414,246,455,-41,-264,482,-43,4627,1123,-95,-163,114,5535,96,24,840,1097,325,-3053,-36,2146,258,334,131,17970,-76,313,20907,3100,63,1674,60,276,276,4058,55,4992,275,485,531,-145,3550,19,92,-75,5178,287,-199,23899,655,52,1677,219,500,-16,-21,154,-982,48,11708,2122,-131,92,-192,-11,1298,-142,236,-316,-114,-64,36,-517,3,-66,85,-107,91,3654,20,380,2871,-1072,1020,508,84,421,5,416,1766,-266,11660,655,365,-10,6958,212,-233,1728,116,-678,-543,14577,214,-218,-1204,-2,74,-100,956,1504,239,-53,1575,-28,248,504,-122,-11,312,28,201,245,931,-66,-144,61,1522,-357,17175,1274,-3,-371,939,226,15679,320,1692,117,-85,1057,7096,-96,374,-322,253,106,71,20869,13098,20,-146,469,284,1299,924,759,819,-213,11503,-42,-177,-53,174,-114,86,194,651,76,-196,-20,53,-146,87,-80,90,337,1453,623,17,-19,-357,70,35,301,23,1747,-615,-156,1373,311,131,4267,4532,1398,2806,-77,249,85,-145,8343,500,231,221,-82,418,65,-155,651,-53,265,1816,839,0,-69,3418,344,1091,891,4,3744,243,9980,2515,459,947,1756,16086,5249,-122,0,134,281,328,-799,415,1386,276,544,20309,250,363,146,71,95,175,605,589,488,137,30,1469,187,196,455,951,1888,-44,-197,20,7920,265,116,279,50,37,-166,-126,677,36,216,28,93,669,448,-169,1189,379,464,8,-339,-50,-49,625,968,741,727,1133,873,904,187,139,-40,95,-13,176,237,317,25,-357,45,262,264,23929,-162,-1183,12,127,-7,279,2861,-318,2067,-266,35,40,20,12101,128,708,426,305,317,861,46,117,178,-22,-598,985,324,22638,12922,176,632,4194,349,1282,1625,279,578,3905,265,303,933,366,-369,1472,443,73,452,488,215,868,42,1,574,-81,-219,4315,1495,3260,223,3375,-325,468,316,340,-23,486,194,-634,-253,628,-7,624,15969,-148,57,-27,-12,961,229,2210,810,438,310,195,120,336,358,1010,572,521,2221,719,160,-17,222,745,784,621,-42,-269,359,-106,179,1560,20,2697,-111,-19,410,2607,191,77,177,50,139,-102,680,-83,380,95,867,415,-33,16,-149,-10,1027,1018,1197,224,1313,706,41,63,174,14,-161,-363,1386,2541,-9,-26,83,352,281,616,-82,5202,9,-104,632,88,35,449,119,-429,120,-160,-121,2495,462,281,35,81,4564,760,874,81,121,14458,864,1995,-160,-16,-28,1636,-205,169,504,305,1170,158,601,97,481,-34,437,2011,1936,529,-460,303,269,48,349,1047,1438,13441,1295,9361,441,711,491,778,722,61,123,-1337,-353,-36,-79,160,2288,14,113,54,-7,-11,-48,476,95,104,1993,320,-13,-486,156,1687,3477,-308,20,138,38,274,-92,279,322,1222,-42,206,1316,269,602,-80,303,65,114,-37,313,-492,-160,452,484,29,29,160,50,347,-583,-156,219,-154,128,-363,-17,81,-539,-151,558,502,191,87,-21,21,830,626,435,365,90,117,-226,-17,-53,1099,792,147,75,1552,1523,-123,-445,65,241,673,589,28,-446,-24,108,1937,-278,-556,-109,261,431,-38,24,225,2932,166,-64,66,-101,614,97,967,288,232,-39,666,463,249,-46,-241,113,488,331,18,461,-108,136,198,-20,-195,130,910,14,1725,-287,1638,67,490,2847,97,-116,221,396,252,442,266,390,29,311,807,44,202,703,292,-356,-107,-583,75,349,-64,-8,2493,370,603,647,-665,-39,182,-44,-324,804,1162,84,-99,89,-1170,26,-13,-22,-349,-67,17038,-573,1021,134,146,-45,50,5949,17,917,-167,1530,10,1082,222,720,395,-100,-536,390,1643,777,25,38,-1,3280,956,916,379,-210,834,-11,304,130,425,254,19,-1122,-9,-36,388,2635,572,174,-146,451,-102,659,1077,200,43,-46,254,24,3392,90,1026,1269,-661,72,443,354,486,56,406,687,719,-321,-404,-554,353,-75,1213,129,637,-291,-602,413,607,1735,205,153,1227,-1274,-351,-46,-112,-40,2865,48,56,2005,2890,-239,17,5,18230,2494,-71,181,-74,-108,1747,2991,52,-323,178,70,36,-366,-5,1126,397,52,8,25,29,-21,11,567,-834,435,-48,355,26,1645,-24,264,396,20,-153,1136,-48,233,-591,866,316,513,-144,1092,2037,211,-451,698,472,60,121,161,-313,234,-221,20,1919,11,120,-434,74,584,423,-39,-14,146,536,462,-276,63,-138,60,255,1442,232,-3,-39,69,29,-127,49,135,35,226,334,-189,1035,198,-148,45,308,353,480,-445,156,1711,-347,675,656,-417,35,-253,-995,656,-21,-52,435,195,98,721,-45,-16,1225,-222,144,-179,2070,-630,57,-213,86,387,15058,1408,-322,1909,940,118,-123,905,746,177,367,-26,428,-649,-414,-203,402,3313,-138,142,71,-89,345,-493,185,286,-27,-41,183,954,1457,627,-12,364,139,92,262,214,8027,915,-53,-5,75,-88,14386,1008,91,17494,345,212,-448,341,9,155,88,675,5167,91,117,679,789,89,813,8,3712,380,-499,89,337,-43,797,237,372,23,151,-572,275,1621,-269,1439,5584,348,1071,-154,44,68,-164,-313,53,-80,441,107,675,813,176,210,426,-1319,540,-23,164,133,-46,171,65,218,79,447,-447,170,8993,1284,169,-71,-65,-18,1769,-54,539,-69,-213,1870,64,11,438,1608,355,750,451,1075,-73,156,432,-140,156,-63,389,126,-601,-200,14,15138,163,1702,757,-355,329,-710,73,253,16,-202,164,-68,-118,-109,-79,-230,93,270,-607,-76,109,-899,-82,-209,-12,-135,226,-691,35,-52,-557,230,120,30,647,13,30,10370,8038,571,362,423,415,1715,806,156,857,90,1483,309,123,49,1949,194,646,147,85,-227,347,340,740,-427,8,343,75,156,558,100,1406,-516,218,211,115,2,152,585,113,-40,908,-490,1161,352,175,209,1406,-306,9,44,174,54,214,237,671,-666,590,-322,-48,38,263,66,570,2731,2185,1168,232,-59,180,488,19182,50,596,859,432,-575,3254,214,-83,415,19,98,1298,1208,-24,-21,92,-381,-459,-7,376,45,29,381,1272,-5,68,37,596,360,10,823,415,138,74,218,-554,291,129,51,69,244,-349,499,189,96,-898,65,243,211,-299,301,621,1565,5093,59,475,-112,520,89,-140,28,19,41,-142,117,176,54,96,-198,-485,77,156,60,-160,107,428,759,341,501,3696,371,-154,-437,245,1133,-137,14,-3,254,1609,123,362,-28,335,27,71,290,-41,917,1286,-70,543,189,174,209,582,601,152,-149,365,122,-74,263,2358,-102,-1,438,237,214,58,-4,714,4140,-11,-111,-97,1758,412,-325,-6,407,73,56,250,-58,27,1727,128,213,109,-59,4379,683,12,-117,-120,179,-44,178,41,-64,-23,-1461,518,427,1870,269,-119,55,131,299,282,54,1204,307,91,1551,107,24,2140,777,1366,18,156,43,504,88,-44,2959,247,-57,-64,-68,227,81,124,53,-26,97,348,171,-541,1598,138,19,-350,-932,2052,25367,-363,-48,72,-136,-24,115,-257,-116,-25,2303,438,113,122,2641,306,1876,-4,543,-809,-68,-105,16,140,1104,58,236,-1240,14,401,3792,-229,37,394,1376,811,1884,-154,952,55,162,-3592,294,-86,-45,1863,-155,208,-129,257,311,369,670,1096,-428,20706,599,-16,18,1107,221,248,417,-350,406,-38,198,8,-9,-66,-134,1092,2553,197,-46,-12,-146,-6,-761,136,-547,-197,75,105,213,-12,832,-96,6,48,621,98,158,431,-28,-63,64,510,-84,595,421,43,1276,4,-33,343,-143,108,-217,-653,527,-20,88,-611,1826,-14,-75,42,289,856,5,-166,1041,813,254,246,-148,1329,-21,989,3731,-696,4945,24,-70,7802,16,165,230,508,-1538,31585,419,1890,9,336,-13,80,331,152,466,156,-82,122,710,460,40,2304,427,2208,449,305,-152,-37,557,228,-340,-392,30,164,24,-373,137,46,61,2,3700,569,-464,-80,184,55,67,45,216,95,518,132,76,198,-193,2692,-163,-826,-300,-323,1726,2106,322,-435,-721,3262,24,32,77,-522,561,-240,6520,24172,1338,-88,-1115,374,479,-343,1319,-10,482,352,923,13278,15762,111,66,-300,196,191,-469,-35,2042,146,64,252,1369,621,-308,-5,115,-569,-434,1005,60,-594,65,-80,37,-1373,726,152,-466,-199,-223,81,609,-57,71,87,59,11,-103,-33,-773,32,-662,537,53,861,702,95,-317,185,1095,-119,380,79,-60,-126,-25,444,49,-50,-25,307,-661,-84,1,2046,674,3883,11445,1196,17446,-151,-29,223,151,60,-16,930,-521,73,-453,209,176,782,240,122,558,172,1010,-156,-168,153,2320,149,325,65,491,218,80,-122,48,6976,-128,160,942,710,-1482,1005,-458,-127,60,306,33,254,35,227,232,482,1351,294,547,233,280,287,-1,-150,26,-5,-3376,442,341,605,238,296,-537,582,26,190,-362,-866,-12,452,693,2778,1379,34,266,-813,133,-278,328,124,-190,8699,5,1076,1136,795,148,463,76,1582,323,168,228,796,177,498,646,11,1680,202,53,210,150,-425,1090,409,353,428,19,139,-397,308,-420,149,340,-1059,945,99,-306,-61,522,1689,16462,531,-143,21028,-105,-43,-14,-485,6403,2471,1066,-2241,4178,-6,212,5076,2256,3810,133,1130,18,-44,130,226,117,121,124,107,26,-517,-260,35,1716,12955,343,-152,509,481,-8,28,-474,-54,475,-2,-207,-20,121,-121,96,226,3288,469,-147,3157,68,21,850,-638,-909,64,-135,37,1041,524,1436,-30,2751,925,236,523,-182,3521,1773,2590,15969,18080,-34,214,112,-210,-104,97,1926,109,1977,542,-65,13,-64,-42,295,-211,-782,623,37,58,58,277,458,370,274,-278,230,19970,932,63,70,438,295,-910,147,11,405,9,-153,-811,26,1265,6008,635,1383,1534,53,-693,1898,-34,-132,526,139,-236,398,-1877,-1169,216,245,6487,155,105,1465,-55,-134,-234,174,-148,554,-97,-87,27,378,836,212,76,382,429,107,146,234,1369,-172,103,-96,305,-106,28,888,-48,26,545,-40,87,-134,780,492,434,-845,-481,-48,-998,56,-11,2160,-240,819,469,591,11,-98,2284,194,431,2,-48,-116,23,164,-300,650,329,-573,601,726,1367,-153,-306,666,1004,22,67,102,418,284,760,-280,33,1200,172,8,212,633,-232,-11,439,-49,-61,-345,-207,-608,-893,492,-137,194,-20,163,150,227,-996,242,-3106,1993,491,80,899,54,803,737,17527,388,198,1781,271,233,-553,-262,703,-121,92,12854,310,8132,3,75,10119,10265,221,33,-587,-26,1128,1052,2553,-178,-984,398,588,295,45,150,2931,9612,-160,-398,-921,-273,593,356,325,23895,11,-84,1432,85,213,1409,291,37,2203,1749,219,59,608,24,17505,996,7756,20,-131,-19,5,-38,158,2608,638,-26,2426,1430,102,1408,-135,-2,4611,-6,86,-49,-889,1800,-202,584,146,384,-386,2003,9,-815,-23,0,-211,294,573,502,1489,-75,311,6771,-363,-170,618,1268,412,494,139,53,2930,2052,-291,5,244,175,316,74,90,814,391,2041,100,92,390,-28,-3,-958,299,1154,-137,1196,111,1,-1600,-236,1625,138,-39,515,1220,882,23,228,255,71,664,1477,-518,-122,3247,10871,29,-287,179,56,23,-43,409,4895,434,33,28,804,2874,-20,36,1238,349,172,922,12,83,1197,669,-58,245,-234,339,64,-60,5777,11593,1109,249,-1097,-23,-402,3467,70,33,1347,24,-58,-222,941,761,386,135,13,-121,84,1259,-580,421,3091,459,121,92,2063,35,842,6155,1081,10653,64,69,150,989,84,345,-264,232,-383,8086,20,35,642,16,-18,485,606,384,-90,421,1004,-161,1649,245,-40,10,1091,34,387,-55,967,4,4506,14,727,895,1523,-95,26,430,-523,-21,74,1874,-30,493,607,1739,374,636,665,90,317,300,-163,227,-107,-689,288,494,2,124,25,352,259,386,415,249,614,-325,67,22,4,-146,166,-950,691,-9,7033,6843,-717,264,302,1849,38,16893,133,224,25,99,-112,-505,76,129,917,663,218,92,372,40,-171,-20,-63,-336,16,-59,81,2338,64,-556,-360,-337,106,-1,2605,410,217,1106,275,-65,119,276,240,-46,-175,-148,-34,370,396,85,69,344,-982,699,-554,744,63,206,74,116,133,-86,256,25,241,490,1330,-109,1009,997,1170,-40,-1539,-225,-317,132,1,-109,2889,117,867,326,-276,-30,-203,65,42,-1543,628,655,292,-218,1092,-889,-108,350,133,113,301,354,43,177,2493,2231,2787,633,191,-122,90,1518,60,-914,-29,-591,450,16468,796,24,5,186,155,-83,98,4581,104,981,1144,5102,93,-284,499,381,-307,518,20,-103,227,452,126,406,88,45,16,82,65,709,-27,-595,-898,48,12,604,705,8387,12987,29,148,955,90,3787,138,6,37,-1937,287,-87,989,385,1787,-26,1976,14,-344,-1020,-713,407,255,2940,76,240,181,105,762,-445,888,-370,766,-99,-212,-1517,1060,-310,-88,-137,-285,-137,58,192,-84,57,947,99,-38,-53,150,-312,2743,-161,-650,-1042,873,15485,-184,788,4,897,836,279,617,3466,-705,-104,907,461,191,120,678,123,-42,514,1000,57,87,705,38,-475,38,-8,-260,507,22,-394,291,-467,11,309,7,11,-2255,-343,1472,1654,711,-3634,-48,-59,226,1892,77,-52,-26,656,276,189,6700,820,-61,87,54,444,1118,757,9666,2197,-1059,210,-43,116,35,41,2920,413,-1758,-1892,-658,472,-118,-1455,1055,52,-1706,9,-40,-248,-490,3262,-149,-238,279,320,171,5618,883,-266,5564,555,-233,231,6326,-17,134,308,1147,85,13137,-1291,-1599,-5270,-20782,-1018,-665,512,586,19,0,426,-153,335,-324,1703,15975,9804,44,-23,-217,-20,6691,540,7528,58,254,153,-19,-410,7202,207,17,7392,237,-127,-20,-19,-142,1036,1517,48,2703,-420,335,-9,-654,-24,107,711,417,142,-112,-13,270,568,341,140,16,72,155,-396,530,1516,1142,152,1014,-57,-475,-160,-137,684,312,384,353,37,112,12,33,409,720,701,253,1617,690,60,14401,-26,61,-51,134,6,371,-88,211,-381,6,116,-104,2661,142,-309,-316,-131,698,-97,104,304,-175,-410,-86,-32,-169,-63,-33,203,193,109,-415,-929,177,476,333,957,49,-126,99,156,-2,859,-20,354,274,288,-7,231,91,129,328,-150,49,42,3275,84,28,-406,1083,2860,51,236,-264,-41,23,439,10168,-100,556,-300,88,390,-158,154,-360,107,67,-186,2411,2856,-415,-120,627,29,63,101,743,176,2124,58,153,-17,51,28,19,-351,-30,35,216,526,-313,20,253,-34,-121,1852,4849,-216,-231,-702,610,460,216,-39,104,131,-160,97,92,-165,27,2419,61,-101,3907,1223,674,-14,2950,-2111,531,-301,399,-16,146,-35,46,-11,286,-214,353,715,122,119,10475,1719,171,74,-8,46,824,-564,1326,878,-95,919,-103,641,1254,-803,-142,4913,4734,34,99,163,2433,49,-328,10768,84,72,3497,30,-48,5785,6466,1590,-1057,10,38,413,-146,-328,-1834,-266,-54,452,347,4047,-1223,1274,164,-526,601,492,1194,404,255,87,407,379,1946,390,-367,-484,83,-24,341,18177,1173,-151,480,-22,240,-341,-5,118,339,38,114,-18,71,-194,-33,-45,459,43,548,264,-1057,221,419,304,452,23111,14331,875,278,84,12589,11076,616,6420,-362,-13,111,-86,258,57,77,-6,229,142,341,288,-300,-2665,745,130,639,-27,548,-39,809,445,-2,210,16
64,-48,-531,-124,431,-496,-696,-1038,-441,235,157,-162,-1453,-1013,-317,173,344,-206,-623,41570,94,235,-200,27,-162,189,-51,-127,-84,-18,132,-921,65,-1249,-807,-946,-626,-249,477,-159,-745,-834,8395,5408,21232,9935,11687,27611,425,-56,238,146,414,721,1152,-75,-390,398,-54,528,311,-56,235,46,845,168,517,3570,92,973,-1740,-1228,252,-897,-412,-243,-262,27,496,1637,-151,97,731,105,121,51,832,165,2903,805,59,1032,195,1398,1558,528,-230,18,1068,254,16,233,-54,260,97,-441,-92,1667,791,-1672,-8,65,100,341,1539,5,-347,249,319,54,333,48,-130,712,1238,-241,-612,-349,-48,149,577,534,1013,-13,84,-27,1005,140,1865,1794,813,-1661,338,113,265,10,542,241,1442,21,-5,433,328,108,1520,412,-1165,1298,-620,1474,-371,1510,119,317,493,-265,-32,276,78,27,490,1314,382,2651,281,89,1409,341,441,-10,818,1922,108,97,200,-447,-192,-86,-8,178,78,7344,46,-32,-1312,-168,2141,374,176,-21,590,2326,273,84,303,-149,566,-2,1041,1973,368,67,-1661,151,-92,5186,-1634,580,2681,-48,919,2307,-341,371,-62,-127,18700,-428,111,509,111,-184,403,642,300,124,-604,1434,1149,1954,482,2429,528,4052,-121,78,357,-5,273,664,843,257,748,151,135,1081,-227,197,56,1848,86,1214,477,-626,574,-444,67,235,-1876,24,10,-504,206,1390,1393,119,1653,178,246,-1485,-227,-116,1203,13164,-13,111,18,176,539,515,-252,7902,897,2824,-384,2141,1290,403,661,-92,1309,-94,596,1325,173,710,157,143,2453,387,322,-563,1702,-65,116,523,252,257,-100,170,2,1054,1653,1046,590,607,292,1057,322,54,-59,2223,-35,1504,338,485,515,-140,1152,1211,1046,165,620,450,265,78,-113,2087,219,-295,2166,474,-10,5031,73,482,290,4871,287,-46,84,-802,883,601,3632,124,406,51,2147,463,864,306,-265,35,422,1173,2542,54,1781,1775,412,536,-37,-54,1569,737,669,-965,799,-225,-2,-219,-84,162,-238,-78,344,24,474,1458,761,582,1341,246,943,10,121,159,-1203,70,-832,1225,1632,-135,-40,927,455,268,262,-40,140,-24,-75,832,1000,368,159,1260,306,75,257,3120,338,-143,439,487,956,818,520,1184,-35,3001,-889,1716,241,154,-984,238,-200,75,872,1477,268,371,-200,-70,-1442,1073,-1566,631,-487,455,138,778,3291,-216,127,-837,-132,127,1187,-16,-81,241,46,379,-135,159,10,-319,-203,447,452,997,517,1382,303,7330,-5,867,569,124,558,243,-8,246,200,710,444,105,975,-219,428,1081,810,-379,1233,702,-140,837,-40,-805,428,86,127,-246,-27,767,1805,214,1721,615,967,658,341,-363,2523,658,54,927,138,818,7260,281,1770,764,2334,151,325,347,48,734,628,5465,1051,181,509,257,-1320,140,593,-260,1735,520,580,2420,1653,219,-43,515,-2,105,59,13351,401,-27,-173,216,32079,420,-2708,1469,-973,721,271,493,1515,967,1425,520,490,2190,-75,-986,2456,-132,3684,124,997,1157,422,368,311,409,908,-281,1499,103,791,528,-192,43,206,357,-431,455,474,878,1057,-1594,444,94,1935,317,-241,279,103,520,580,103,1087,-135,1960,2889,715,121,262,932,146,878,187,374,170,859,-62,222,113,-1482,-268,-531,439,59,989,168,-634,-328,214,65,1238,534,1141,-900,-105,-178,1458,222,2,157,249,-292,398,-138,-140,837,547,677,2355,2315,1379,-694,103,1144,501,192,176,16,3095,1276,1233,1355,13,94,393,607,-414,170,-268,-208,-3654,1398,669,4334,225,-149,422,1287,116,864,1260,78,-121,149,281,772,-561,653,13777,466,1303,65,2171,1594,-241,2114,-211,6273,395,439,89,73,-59,298,867,1157,569,-2711,536,5,-24,105,1285,162,2171,-292,588,333,637,393,-113,593,197,921,325,379,791,374,5346,116,414,347,27,2309,-512,566,778,-558,-159,775,208,121,658,-439,-121,802,-1447,254,100,298,851,-2,1694,563,197,390,2166,176,181,100,1003,599,395,3353,-124,1415,54,132,97,-696,208,7178,-268,149,132,206,935,1146,-65,-401,1892,3426,737,-273,1255,-450,680,1482,4521,376,1333,75,27,-235,15943,908,479,2396,596,3299,699,848,97,965,-1135,-1716,900,-721,-1149,-661,-1634,-542,176,-222,631,-29,5736,2157,1065,-300,-539,1303,1062,-677,431,40,0,341,-113,260,688,-908,-151,1504,-29,73,3868,241,344,100,92,666,-1268,18,1081,-24,-463,-344,-241,-970,580,-178,1791,-268,-2263,-151,2198,111,550,344,1108,17599,165,-5,718,1607,-737,40,-1973,5093,-200,-162,-13,121,-84,704,1011,702,27004,-260,208,62,409,859,-916,818,298,-737,14991,-298,-387,146,-471,3258,31648,-130,-1447,8,-140,-24,-13,894,-1200,3293,295,197,371,-100,5506,271,685,257,14417,4174,-2198,1195,1322,712,1165,130,-338,826,596,-501,11082,-225,70,-92,-135,173,-328,601,-699,-162,-951,417,132,252,29,48,-588,-1114,753,2442,173,-2570,607,4893,-65,-433,230,715,-168,588,143,276,1138,515,-105,-48,-672,311,-154,1011,368,238,-336,-300,146,639,-84,18,-265,1303,51,197,-566,-685,9428,-81,2602,56,1163,252,-412,-474,21,-322,-238,151,837,6734,414,588,-2190,742,1539,303,200,-168,-338,-254,27,10,279,-1835,18386,691,165,94,5023,67,8,-75,14493,-894,1423,444,1485,-100,-439,-2101,916,-162,1022,-121,767,-393,1282,1957,235,227,420,-498,-54,628,1371,-260,-29,-89,-222,-1713,336,1005,1588,1469,1060,363,303,-487,-195,46,4183,501,669,-59,4988,-8,162,1187,534,-691,-54,-151,6078,1425,1819,574,2464,143,97,121,5343,-474,515,431,1184,710,225,200,-262,165,-67,-119,379,-973,1884,184,105,-5,634,845,1187,588,352,5953,-284,753,477,2797,-2,195,666,-78,143,-73,173,1789,669,455,761,-18,121,-48,7650,2738,-32,222,-946,-173,-168,-260,140,-54,-628,116,195,2157,27,1599,-200,94,-590,-121,1163,143,206,1192,536,422,111,-121,254,284,92,-94,59,65,3941,542,-124,599,268,1184,-75,97,1138,-86,2895,176,569,-27,357,563,24,-2,-254,59,-116,86,1366,-75,37,0,149,111,192,149,-178,683,1092,-284,547,56,176,447,-978,197,-368,699,-788,135,-520,189,-387,249,-5,-1192,702,715,-341,-2025,-151,-1669,49267,14243,103,-48,-1626,612,441,143,319,138,-1176,119,585,-135,-506,-105,314,1740,-135,487,441,84,-35,170,-81,-113,1233,3074,-5,70,268,688,347,-81,306,439,3226,333,54,-121,-409,-56,78,227,1640,656,284,-119,479,-119,487,-425,444,225,-265,932,-67,2201,43,-225,1759,-1865,-10,376,3055,360,1434,4925,130,2583,-124,319,2849,29,1718,67,216,-238,73,441,300,1163,387,-431,113,-233,300,-100,165,-84,444,-65,-607,3150,482,382,425,14750,729,902,-113,-452,1867,-21,-84,-824,-246,1941,67,341,3738,151,1407,51,-1808,303,271,-967,149,-2532,2,1041,265,146,694,1946,341,715,460,317,4305,-184,298,365,-466,1019,683,5335,54,-216,1791,314,325,2160,-425,157,347,3085,8894,21,1984,384,-62,24,8851,-2,2,699,1398,1019,2862,32,-8,-16,56,1187,59,1051,452,27,246,317,894,111,-37,1279,59,390,539,-539,-688,4221,37,-1290,658,1992,384,-984,40,121,-113,786,-1632,-338,92,1637,-1057,1032,203,4001,1510,246,146,-18,-2,913,-8,512,528,-799,211,5131,347,-1632,818,-10,-246,108,357,219,501,-59,219,474,1442,1756,485,572,2908,469,265,241,-3423,2052,951,-298,-132,-279,-97,127,688,1312,-51,328,170,-92,16,29,-37,-187,1019,534,-1078,-574,-154,-694,81,146,748,268,433,406,496,8,-97,157,70,29,544,276,509,-219,168,-1141,189,745,262,162,1566,-86,-27,168,18,-309,73,-1249,5481,821,306,970,-67,-59,-563,1973,24,138,143,656,1081,2936,818,805,322,246,119,-485,1686,70,764,75,338,-279,2645,-401,130,311,-143,276,612,935,688,108,-35,585,54,1968,273,889,18911,750,43,225,65,997,-203,59,108,59,-146,1358,1569,16,235,-279,336,-140,-203,371,-13,5,1019,2819,111,284,647,35,151,-94,447,-422,-189,113,436,425,94,124,-200,27,-149,124,729,149,246,-1241,-62,-271,138,208,-94,-569,981,-1298,173,452,-2,309,-365,363,116,67,506,395,1331,984,75,1200,-303,365,328,680,962,262,306,1650,-238,5,458,75,309,-75,-157,206,3301,-116,349,-65,1149,-89,235,1485,1163,1135,561,-21,295,-84,572,208,35,249,653,-81,799,-222,10,-946,-2372,460,-647,184,-8,37,1060,-214,111,-227,-1184,130,772,-73,-18,2174,6316,653,-216,17247,-75,8,135,-1116,70,870,306,-27,444,70,54,24,398,-409,-173,262,661,268,206,805,-273,2073,1615,417,-8,379,8883,393,-181,20918,257,-561,509,807,268,311,520,349,-170,412,-412,501,-680,143,-8,89,181,528,18,390,2778,740,29,1146,3760,1038,40,165,-984,319,-132,73,2,89,-111,-1165,417,1499,1889,458,-103,401,-276,-1810,181,-32,54,51,40,-382,626,227,512,-75,89,8523,425,19348,18613,14251,-40,-103,-62,-238,-1303,539,2488,6349,97,-295,2778,3917,745,-1377,528,-474,3846,1065,-100,184,184,-94,2461,547,86,105,-450,-1125,246,-338,268,-75,406,604,9220,-62,580,436,86,534,-16,422,1507,-2499,225,-791,780,-490,-422,607,1762,203,-56,1455,783,-330,1200,569,84,401,981,2719,710,254,490,233,2204,1366,-84,1035,-1089,9195,62,23913,731,73,18,-1328,-40,2152,352,818,119,-634,124,70,347,387,1303,-37,35,173,48,92,46,878,105,-515,-56,929,252,-211,395,859,6796,54,441,225,-1737,-105,-89,216,685,40,3293,436,-721,-105,187,-794,151,-596,92,1659,-37,-116,-577,330,344,1133,-135,344,466,127,-384,984,173,140,200,119,707,710,403,-140,707,-16,-740,203,197,43,119,460,7604,696,3556,-1257,124,143,-10,-111,1661,1043,13403,2239,306,3760,797,97,208,-100,-750,748,-656,455,441,252,501,883,1179,149,-333,5389,32,-368,140,195,699,512,-387,73,702,1534,4736,-173,761,2786,-1195,233,-10,173,70,1103,778,525,6788,298,121,1003,694,601,-390,642,298,-669,168,-86,-113,262,56,-992,1127,504,374,303,-428,750,-845,4277,566,254,268,1463,78,1041,466,235,97,387,-252,46,989,317,111,162,-81,214,-176,1417,561,466,647,73,3220,-176,-425,-40,561,130,1407,-300,455,4036,-13,365,1401,-379,523,140,-246,5,195,-78,-900,1106,189,243,-748,-1016,-27,-157,4207,2605,5,393,737,138,561,-666,151,-962,593,29,238,1838,173,932,848,306,135,-349,119,-328,-607,-168,-1135,1049,203,92,618,-365,-230,-1927,-376,-35,-67,-35,130,-406,143,748,43,-184,48,-384,431,16236,4942,1466,-13,8,460,70,-262,555,5,5,292,-51,-149,29,16,184,-699,2803,542,-1111,-143,2843,-726,48,189,-75,130,11451,-284,1249,615,273,-319,656,1756,-325,791,-184,-870,352,32,105,62,252,-13,948,-948,1371,-1325,227,-92,1529,1144,1301,542,314,108,140,-111,908,-935,238,463,631,-374,10065,-2000,1287,94,13,355,181,577,-59,441,257,-2266,623,490,51,322,-1285,-279,862,422,-216,523,3264,379,550,168,428,2483,6560,127,-75,357,379,788,-395,-243,458,-40,536,376,4619,-254,46,59,2,138,422,-81,-994,-37,0,3554,550,195,-363,-16,729,260,1827,-24,-59,685,-252,-241,1176,273,-425,292,-170,140,108,360,18,-40,634,19071,-772,168,818,-694,875,67,214,-127,1011,490,1347,-4361,498,2201,788,-178,132,1463,501,62,-103,718,130,116,18545,-1214,192,-365,1501,769,1127,59,-32,593,265,13,46,750,794,178,1127,-336,-973,-149,-664,-653,170,791,-300,192,94,3396,-298,2705,94,13489,1225,-113,544,146,178,-235,-569,1016,647,1935,113,-124,-65,897,1588,105,233,590,1466,168,-759,-241,92,-818,176,260,805,-56,127,479,81,2372,-35,1070,216,1770,184,-219,436,4722,498,740,-65,-572,-984,1133,-371,699,84,477,-146,89,-135,1640,303,1496,-290,273,5050,515,902,940,664,227,1247,1068,357,-178,162,628,-24,135,4985,433,51,-27,1442,100,347,149,455,27,1003,2138,561,-585,-225,21,-203,832,832,-1515,900,2198,157,189,-596,-477,24,932,493,1222,2301,13798,431,241,195,1550,-8,-379,352,2914,-409,463,113,352,-956,1390,943,86,650,3448,2857,111,460,-401,-311,1127,910,1230,-1510,1244,-504,474,-197,1252,821,287,-271,-92,-317,1886,103,-176,8,111,973,463,257,-219,-140,2702,317,-4375,-32,154,-13,8,-168,-436,-75,78,590,154,59,-303,216,-5,409,208,59,2225,395,268,103,56,-487,-16,344,-37,227,-311,260,425,252,165,555,138,157,1710,181,3353,211,281,365,469,100,140,1534,-1114,138,51,2136,-428,-206,309,-718,40,1572,-528,17952,119,2,130,-92,772,-54,2683,797,748,780,935,393,225,54,233,184,328,544,84,15973,761,-238,-553,189,-54,352,16,439,178,-447,-51,376,279,-325,260,-317,143,-260,-127,211,-365,21,1810,-238,4695,-162,46,-1228,-241,94,387,-970,214,92,-639,-742,18,401,696,-482,67,-81,168,254,626,653,501,86,-165,-124,1290,-572,-59,3120,1314,-463,-344,588,612,-8,168,978,-742,-2,1274,-214,184,-534,365,287,382,-943,-46,43,493,3226,246,3090,-596,1428,390,168,1474,-395,2553,65,146,1309,-601,707,403,-1068,596,56,477,731,2003,32,-65,252,-100,78,284,-704,-168,121,309,-51,-29,409,170,-5,-580,309,108,-525,-70,856,0,1859,1070,1095,-132,1060,-233,829,691,-86,51,572,-195,2201,233,493,-94,927,428,1409,227,2263,1103,-116,16,-1051,900,786,1108,143,230,-479,341,1827,550,1819,-252,3415,200,56,1257,65,433,187,666,265,16,-748,474,203,138,-2727,-414,192,86,-287,403,1886,1325,-211,-105,222,599,1027,368,-54,672,525,588,-59,726,1192,-1499,590,189,-151,534,634,18,103,1707,691,916,628,-70,56,-694,12405,455,1632,211,-612,1149,585,498,29,75,1754,-10,1705,-284,-111,661,3638,341,0,-5,-32,881,227,1377,-29,694,-227,-73,-959,1526,17662,13202,143,108,70,572,143,-32,1501,24,-24,157,235,173,130,330,-279,425,-149,764,2,1130,675,154,-21,252,561,412,425,-100,5,2269,116,37,-138,403,1371,1279,46,742,15276,20066,8832,18567,5972,30157,3044,208,1905,132,-683,1388,233,287,1450,696,86,-910,-498,265,544,-111,116,1523,132,447,-281,856,-56,149,-262,1165,431,113,-197,363,-257,200,-18,21,40,-330,620,59,-113,878,-35,-1022,791,216,-165,16,1583,-664,460,-78,412,534,140,-935,-8,225,-1116,-200,208,764,1057,151,138,447,1534,187,149,97,455,-298,580,-43,-67,279,149,-24,1428,463,35,-330,121,-845,1832,-2,181,601,824,694,-702,121,1911,978,344,13,-962,748,219,403,525,184,1328,16,-211,859,409,-433,718,-111,211,-271,51,238,425,778,195,56,1618,65,534,333,417,360,1829,794,612,-138,208,-108,159,121,859,3231,1388,1439,-1371,195,159,-40,-159,-295,279,-431,531,-1032,401,27,951,162,374,797,3844,-2,-189,-113,718,-165,59,37,243,-16,-357,696,740,-27,-731,-265,143,37,-75,-124,108,311,260,-393,-162,1558,-13,-138,2,89,-5,230,75,-29,32,1477,127,989,601,-1016,338,1981,143,978,-314,1702,-206,211,-173,18583,2,1531,233,1200,59,-328,-420,-116,140,371,-363,1141,311,1510,-121,393,696,1076,311,138,1350,48,-27,162,1241,-387,246,631,393,113,428,32,927,-778,-222,647,994,3857,422,92,27,718,116,-322,113,46,-1542,233,-75,382,1366,387,-113,393,-268,-769,810,-393,506,138,596,295,393,-919,0,1138,1710,-1260,-271,848,-856,73,162,-349,94,43,585,-43,249,32,43,219,-206,371,1005,35,466,-1447,872,-786,165,-352,29,384,325,113,1835,-265,-257,119,214,-349,596,279,168,-62,1957,178,1629,601,94,2453,18,851,1233,-16,208,412,1119,279,84,1320,-59,599,-1065,1463,1870,973,113,498,67,645,561,5,862,3768,-742,-37,444,3039,62,-143,-37,623,1556,919,70,-73,-471,206,-683,-238,54,146,786,113,108,254,1133,664,984,390,51,-1876,-246,2095,360,338,623,-18,40,162,300,-32,1596,127,-27,1439,365,295,4299,487,-43,-127,-1523,-254,729,189,130,-425,-241,8,-403,-216,-211,-1285,1030,16,2922,493,-710,1092,840,-2,821,531,406,46,290,40,200,1097,1610,1097,-525,-32,479,18,-5,108,1442,-349,493,1778,-306,103,203,-192,292,712,303,8493,284,1539,4063,56,62,268,2502,1756,243,1087,8,558,151,1683,-2,493,355,1415,1035,3825,441,-216,997,3334,-59,32,295,-2,-8,-32,-40,379,-10,382,146,-656,1553,338,376,-1152,325,-18,1935,-1260,46,-206,2485,856,382,1688,1791,1103,-1060,-387,113,-48,-100,2624,-447,-10,615,582,864,-157,-262,322,151,702,485,870,780,16,1862,92,-132,973,539,767,330,13226,24,2263,-92,661,214,3190,-414,574,227,-143,3299,374,287,1946,249,-322,572,319,273,897,18,276,287,2366,-187,97,2724,-10,89,1927,593,1008,1504,1756,848,3364,2152,84,-485,984,558,111,1962,409,124,100,4207,-211,-1908,1870,1610,-561,92,433,27,818,748,805,577,439,1878,43,103,-119,734,-336,-184,16,482,184,1816,-1019,1965,168,-89,387,21,580,-360,2035,130,8,843,-56,-140,70,-84,-154,192,-10,21,241,219,-135,-18,1046,1854,1482,3806,420,740,151,-121,303,-78,395,143,450,-51,1873,-401,2437,-1005,1043,51,496,243,3261,696,-10,604,-21,159,-24,113,1358,577,1087,333,132,352,661,40,1390,8,395,609,2095,780,913,328,170,13,-390,-2,637,219,1775,-165,184,471,103,1160,376,1116,113,116,273,170,10,694,154,-65,271,376,973,-1160,24,786,-46,374,-412,94,-504,460,653,-187,151,2857,219,214,349,124,485,-70,1051,103,54,138,-35,-62,-13,92,4286,-303,336,203,517,-336,311,393,-1011,2475,-450,-637,16,2515,-374,271,-29,-262,113,-658,-1081,2,515,574,634,-132,290,664,35,997,932,5196,607,32,948,65,-314,376,-81,-642,-43,-157,-303,135,1957,184,13,-162,-81,222,2054,-121,1238,192,181,-187,200,463,1027,558,-18,119,482,-65,-216,544,1518,157,227,197,2431,67,721,-100,-84,788,1366,1214,1127,-1930,195,73,273,6343,1385,425,620,105,447,1209,-18,113,810,-561,162,-477,352,1707,-170,184,-382,-143,-8,1027,59,24,3334,246,-46,572,178,325,173,1510,35,-37,119,73,656,414,1350,460,-154,441,103,2003,702,1195,-225,864,1255,753,-599,2016,21,959,208,1133,-233,59,16,653,-498,-59,146,-691,357,225,-13,1477,3499,422,1076,498,550,1049,2198,-13,466,2936,515,-496,-67,311,-51,-379,-219,0,-62,-2,1051,-46,230,281,2597,-127,-1729,181,572,276,249,-1135,2111,27,113,-406,24,32,-37,742,140,2437,1778,70,225,260,-29,103,252,913,357,-447,390,3193,130,-666,1247,-8,189,189,1629,-168,748,-78,940,-140,590,-246,192,9914,669,737,187,-409,553,314,3551,433,460,-1510,905,1518,309,1762,192,32,544,328,-206,474,295,-292,2,51,-86,-73,609,799,8,1100,-73,-75,132,203,821,639,889,322,1439,1084,178,2,24,-16,4820,932,593,-265,365,279,333,-265,496,1068,108,97,67,135,1770,262,116,108,238,517,29,46,-279,1385,-75,-146,238,840,954,-279,-157,260,1263,300,-853,292,1474,92,-254,1003,555,75,-314,140,317,-105,802,-493,146,1439,355,544,59,436,656,208,1008,-165,981,222,151,479,170,271,2212,-70,165,-935,-8,-2320,208,252,146,-168,271,1116,490,-387,195,1225,319,1794,-577,317,-848,178,241,56,-281,111,-32,-284,-67,-81,1840,-187,-653,403,834,195,-70,471,1385,466,243,1070,780,149,393,834,447,-352,-10,1274,1344,200,143,650,-254,86,994,1041,-2,363,-284,477,1087,265,18,119,-75,-376,853,32,1534,-27,262,2751,1518,1141,626,-612,905,284,729,-344,-1181,699,-165,81,130,29,306,810,2298,-395,1965,81,-51,1041,159,851,192,271,376,1347,-252,-29,528,723,607,845,159,431,5,-685,35,3063,783,506,159,-458,525,18,-496,24,-40,466,214,553,127,1060,390,515,-29,-119,-184,791,108,3654,1333,279,249,414,-62,140,-379,1829,1141,3283,-1257,116,954,647,-170,3765,227,-103,542,103,254,309,845,303,-140,32,281,-384,119,222,16,119,162,119,116,59,1097,48,2640,-883,1371,-192,-65,-75,159,10640,35,-21,-40,-853,-124,352,1168,1992,669,531,3564,-195,1244,32,-170,-601,948,197,593,-151,59,84,948,1171,3700,-2033,30265,59,1789,-246,-281,349,460,455,8970,3789,-178,-216,580,151,-121,92,1149,428,271,-216,176,29,13,197,-883,-493,-604,108,78,-73,46,1092,-2201,536,-59,5,24,-311,1604,108,290,948,-29,230,-314,75,225,355,14647,32,100,162,433,585,872,10,314,455,-905,13,715,-311,-759,1130,24,8,8,-225,539,1157,-273,208,9298,333,24,306,1013,-2678,-328,75,265,975,-13,821,433,192,-431,-1301,1672,612,1499,-92,1303,214,-712,1450,731,2201,3323,1016,-151,46,159,1740,938,-2,788,832,460,471,-81,-344,154,-10,5042,609,-203,-292,159,1876,387,-108,967,867,862,-2068,-409,1301,355,677,637,14178,-78,260,25743,2437,-103,2599,-5,157,1434,1710,27,1870,1266,1266,910,-1116,341,-18,262,-436,6311,37,-298,24678,387,-103,2290,409,130,292,-29,178,-775,306,8770,1594,-428,349,-189,21,-84,-111,913,-742,16,-86,43,-1404,54,143,257,206,16,1979,-27,775,4245,-235,726,604,89,471,-241,1022,2046,306,5958,1558,531,-13,5362,794,767,1542,441,-490,-24,8501,197,230,-1501,-84,43,-357,-238,441,262,-154,2540,-225,750,872,-314,-54,384,-1100,-48,238,1046,21,138,-10,612,737,16076,1241,-13,-493,-214,176,16694,130,1398,257,-100,1057,3884,138,702,78,197,124,65,27836,14642,40,-43,834,306,585,1219,986,702,-203,6465,-121,-40,-43,734,-260,40,281,1019,43,-103,-92,16,-349,222,-249,65,894,986,528,-21,-97,-1133,73,216,173,62,420,-832,-230,3730,1596,192,2811,4803,1100,731,-16,-62,-40,-170,7251,900,363,-75,-54,-214,-65,-352,371,-103,257,1838,132,-75,813,2133,547,905,1206,10,6517,140,734,2101,3047,1374,932,10892,4638,-173,16,119,403,412,-1127,395,902,203,130,12690,-81,634,368,27,-184,75,509,1008,759,485,108,2190,347,168,826,1230,908,-791,-433,-43,10478,-241,18,187,140,75,254,-59,406,-214,-178,29,371,680,390,-29,1119,-642,840,-1331,-100,-32,46,642,1060,1225,992,487,862,837,403,-10,243,1285,0,-8,29,894,-78,-121,-165,1333,355,29286,-355,-1279,46,656,661,487,683,-2016,878,-206,89,111,-37,4147,-176,1282,555,295,287,1024,-105,-40,450,225,-938,685,645,37997,12015,341,1198,4825,818,1718,2147,653,799,1496,200,124,1217,290,-333,775,1504,40,666,853,-37,2266,24,-2,547,-176,-271,6097,1087,2589,314,2643,-338,444,227,135,81,382,-29,-542,-355,558,761,1290,12221,-81,116,56,200,477,322,1282,544,1011,824,127,146,333,1187,1740,1032,731,1802,330,474,-243,260,582,569,1198,62,-225,702,-32,371,1276,-51,1306,-300,-86,1244,2803,157,89,54,24,485,-119,951,-596,615,268,631,393,48,-16,-349,18,1000,249,3559,466,1935,1694,13,140,569,279,-260,-645,943,1680,-119,48,154,336,566,1116,24,3543,474,-347,1100,97,-81,306,54,-517,-54,138,-10,7897,891,352,100,195,11375,-626,-463,168,89,10166,1537,997,100,512,105,2700,-395,363,173,886,723,287,867,130,826,13,778,3085,2117,1805,-414,1176,216,276,504,241,1529,25857,799,4798,233,840,341,403,444,276,572,-609,-672,292,-203,-29,2309,140,187,105,-62,-113,-230,845,-24,192,2155,466,580,-439,162,203,1946,-379,-197,81,-62,401,-181,509,352,1626,-5,84,647,254,555,-206,975,149,-279,-219,374,-428,-203,623,433,140,-37,403,43,561,-905,-235,683,216,200,696,18,103,-778,-200,222,208,235,-162,-130,-211,994,607,677,113,108,89,24,-132,-116,737,1054,333,192,1550,1968,-178,-368,401,425,504,1892,8,-883,94,-73,3470,-363,-680,-165,368,493,89,176,333,3711,235,257,-18,-563,981,192,1022,178,108,-124,1181,829,46,59,-233,89,997,281,176,699,-208,287,235,-149,-176,-37,1510,227,1415,-509,1263,27,496,1420,143,-214,295,745,466,219,300,688,16,1000,710,86,1363,40,-330,-563,62,-910,24,32,-121,65,639,268,-881,615,-694,103,409,-165,-230,2380,159,0,140,203,-1610,-143,-48,-16,-56,-70,11662,647,989,8,108,40,124,4174,-113,29,309,1941,-62,1350,525,-170,493,-97,-710,748,1716,1200,211,-173,-170,1726,1068,1054,699,-214,1320,-279,-40,200,829,162,73,-1537,59,-333,807,1238,1667,401,-8,78,135,1303,943,249,86,-43,298,-73,1992,222,938,1599,-336,219,319,-2971,1087,477,710,946,1279,-113,-626,-70,1450,-116,1911,-10,501,-349,458,349,260,2309,450,-92,748,-490,-1333,16,-235,-252,1838,189,-16,1745,2223,-393,-35,184,24106,2941,-208,35,-230,-138,1257,3486,121,-357,159,-10,-2,-265,-18,1350,691,157,10,-680,314,-78,357,745,-1051,403,-21,653,70,2640,132,384,387,-18,656,1314,81,216,439,1407,412,105,-257,-214,2854,355,-620,-341,585,89,-100,243,-528,124,-298,151,2163,292,767,-515,303,395,669,-27,-173,178,-46,563,-273,-539,-140,84,260,1810,382,-230,-10,67,-103,-268,92,121,54,168,59,-281,1848,487,-135,-32,534,637,-16,-750,-59,328,-607,1051,1130,-859,37,-338,-883,1152,10,62,493,607,143,764,458,46,1992,-341,132,-276,178,-731,103,-176,-70,165,30016,1583,-891,341,-382,235,-238,1095,368,127,-414,-189,1078,-688,-517,84,574,3377,-192,252,46,-84,357,-1100,94,891,162,-103,51,761,-1425,764,-168,1035,62,168,149,504,3993,1271,67,273,-151,-314,15642,409,2,5522,309,233,-553,127,-100,227,-422,1341,1829,203,322,780,639,1171,498,-29,5731,-73,-374,376,585,73,1184,403,309,2,100,-222,159,252,-791,1043,8385,569,1181,-124,178,-8,-84,-51,159,-108,469,100,428,1328,287,631,723,-3445,149,-46,233,252,-154,75,135,-8,-21,1596,-403,333,12351,1572,688,-233,-268,241,1228,65,783,-116,-127,1797,170,-357,306,1477,309,2274,1144,691,-230,124,553,2789,309,54,341,-715,-1008,-168,-24,45932,-520,2147,780,-1019,572,-867,56,523,-51,-290,395,-62,46,-206,-65,-157,81,254,-355,-16,32,-1314,319,254,-46,-70,206,-2057,360,252,-1295,2,135,-116,948,181,371,12828,6883,189,276,292,-620,1564,748,-1287,528,347,1748,195,482,-8,653,517,609,-8,-32,-436,1759,631,840,-303,-132,203,27,279,1585,81,775,-1141,409,187,130,5,222,1122,-2,105,1968,-479,856,672,173,387,661,-314,94,-238,322,29,365,143,750,-268,211,35,-146,-24,189,70,197,1314,962,349,447,-363,78,1087,13931,130,802,398,477,-1076,856,634,89,-65,119,67,3982,832,-81,-121,197,-265,-406,70,474,121,344,-127,840,27,143,422,900,845,-67,1219,498,284,233,1106,-498,523,43,84,29,124,241,487,257,13,-1420,-92,363,347,-67,352,913,878,7628,159,54,-2,845,463,-593,555,54,-27,-330,-18,-51,48,371,-360,-561,62,173,2,-108,544,458,967,1030,371,729,322,-170,-894,97,290,-273,-2,70,-8,656,-8,262,32,363,100,233,452,-27,609,1138,-35,1176,349,230,-791,328,268,349,-170,287,113,-135,528,2073,18,119,639,325,265,65,62,252,1206,-2,-200,-235,2293,298,-626,-111,330,-16,59,127,-65,206,1634,10,509,75,-13,2841,867,10,-265,51,62,-89,2,113,284,-78,-1341,788,666,837,916,-108,29,184,458,-40,447,978,458,84,3892,225,-27,1756,661,618,-189,-8,116,1510,151,-5,4551,455,35,-73,-111,84,195,100,165,65,-94,32,-10,-1214,3494,414,-89,-56,-1537,2176,71369,-398,37,222,-75,-89,59,-444,-73,-67,2629,1214,2,336,2035,523,7642,32,512,-924,-211,-241,-43,70,908,135,420,-1325,-121,97,881,-243,-140,978,927,837,718,1301,1962,116,75,-3434,631,-222,-8,2152,-184,940,-108,734,254,393,-116,1260,-84,16355,395,-48,21,1699,176,262,322,-219,195,-119,16,233,51,86,-65,626,2518,233,-32,203,-154,-159,-398,51,-539,-135,178,116,309,5,818,-474,-24,111,490,149,281,593,-70,1588,27,181,111,889,775,-35,1865,94,-132,162,-84,1295,197,-615,634,18,84,-883,2206,-84,97,151,642,1751,-43,262,165,558,469,1046,431,2147,135,1995,5069,-290,2366,56,-8,2683,227,176,170,802,-1501,17789,295,764,-157,626,81,206,257,67,1382,265,-78,-65,393,1209,84,1217,647,1482,355,257,37,-16,493,-121,-569,-130,59,48,27,-520,121,-24,149,477,1832,609,-168,-921,1745,-10,2976,347,309,184,471,48,273,-65,-67,1417,46,-1171,-341,-802,3396,2179,265,-355,-783,1683,-18,382,780,-452,604,-347,1669,14341,1230,-108,-1268,222,661,-425,759,135,878,883,661,8566,6156,46,51,-428,-151,325,-742,-143,414,214,-2,355,2971,742,-666,113,208,-948,-474,696,-29,-675,116,24,-48,-1252,574,206,-206,-241,-73,-21,1328,-829,119,-103,645,70,-357,-81,-1103,-103,-1919,3201,225,745,680,387,-496,32,1596,62,422,94,-103,-113,-62,721,97,-159,-84,-24,-718,-268,100,1512,490,10659,4944,330,15002,46,-132,290,355,84,-127,1759,-512,159,-1043,284,268,1523,666,607,580,8,569,-279,-479,265,2176,103,452,290,707,458,187,639,5,6677,-100,-298,184,913,-1678,604,-634,306,-37,206,149,233,-70,463,401,881,986,1404,615,371,143,157,487,-67,135,-233,-5310,1011,1003,105,54,422,528,534,24,-1005,-5,-1436,-260,1163,1431,4600,1116,252,368,-355,29,-452,469,287,-116,276,-197,940,975,501,387,54,21,2147,547,303,414,745,1458,1669,1203,-46,1710,393,121,116,2,181,1767,273,355,474,203,24,-609,1721,-542,159,8,-986,1442,203,-601,-653,965,1529,26443,105,-195,8295,-493,-108,-56,-135,2331,3461,512,-3383,1450,490,241,2952,1721,672,81,848,-18,-43,501,254,268,-92,168,268,463,-1474,-482,-249,-178,1659,450,-132,496,344,116,29,-691,-344,631,211,-314,-40,81,-341,135,1783,493,330,-138,108,159,78,778,-243,-365,281,-21,-48,322,379,902,13,3684,886,-37,-62,-73,1507,1122,3217,33532,11570,170,103,84,-767,-18,-249,1740,-243,181,92,-203,27,-16,59,536,24,-840,620,474,86,-18,338,27,856,124,-393,837,20286,558,21,-103,485,-989,189,298,-246,864,265,-623,-298,-67,1179,1819,206,1065,721,-2,-818,2954,-225,-843,403,132,-414,590,-1561,-309,227,628,1886,214,200,2033,-138,-121,-75,10,-243,870,-94,-32,46,54,984,-195,48,368,365,70,298,694,1298,-108,135,2,200,-214,100,1233,-84,241,-1030,24,257,-341,387,620,1057,-1274,-582,-67,-1228,37,73,1892,-431,1187,450,921,-70,32,710,227,487,-16,16,-154,187,124,-582,509,143,-398,778,409,875,-290,-78,504,1160,73,113,317,515,281,723,344,92,1821,-10,-29,132,1181,1233,-56,1680,-162,18,-216,-84,-672,-1138,639,32,219,151,140,-18,452,-1238,254,-3518,1209,287,-295,506,-187,1149,458,11185,658,254,2762,685,162,-1100,-103,531,-1610,0,16263,225,3928,-51,-111,11744,2076,341,498,-607,-84,490,116,1501,-330,-1016,219,910,666,35,265,73,2667,994,-656,-965,127,1317,314,309,26632,37,-249,1791,-86,-238,1615,398,-21,284,-534,-588,-132,840,116,-154,1157,5115,40,16,-303,62,-165,-73,580,455,-51,2762,24,317,1379,-225,-56,2570,-192,197,-189,-103,2846,-59,406,325,260,-1127,1366,894,-894,-8,-70,-27,477,176,978,1135,-86,409,360,146,-151,943,1336,580,268,62,103,2458,1474,-252,-8,225,-398,116,51,119,759,639,2304,149,-46,691,5,-62,-2949,254,558,-54,1331,113,51,-1987,-729,2241,-21,-16,609,-685,734,-452,149,1344,241,767,1949,-1108,-119,3527,9041,-108,620,97,-73,458,-140,675,919,168,-51,-2,924,1238,184,162,2445,317,-322,341,29,21,1266,875,-86,2,59,845,-18,-149,1173,1840,170,32,-2082,94,-412,1819,-127,29,-328,29,46,-54,2049,89,-89,211,-677,298,-479,1049,-1003,-382,4405,1425,200,-21,1580,-21,816,1089,845,-94,75,-40,81,1539,246,154,-788,252,46,2846,279,10,851,203,-81,417,479,-642,84,235,1591,-162,710,189,29,208,2157,-48,482,29,1035,-230,1865,-376,704,2263,1686,-271,62,-21,-775,-140,73,3407,-78,604,555,2521,1219,-203,536,-398,35,791,-271,365,-189,-618,260,18,13,249,-547,371,268,1133,439,357,900,-271,208,157,376,-149,319,-938,780,65,5028,4193,-211,474,371,994,-130,17705,184,-772,170,84,-178,-444,119,-67,54,650,317,243,626,59,-620,-16,-197,-328,-103,-67,124,2510,121,-590,-170,-1097,116,-37,2168,409,-18,504,685,29,67,675,371,-54,0,-601,197,371,-691,29,-18,428,-1423,314,206,813,162,154,-32,390,452,157,441,103,225,615,1515,-504,553,3364,1645,490,-1344,-241,-336,86,-40,-276,2626,29,778,355,-509,143,-398,-140,16,-1504,1710,520,227,-252,1238,-1111,-225,140,111,203,452,948,8,287,2415,1621,1930,729,105,-189,181,2334,8,-51,113,-859,328,20419,1125,-94,-43,233,471,-138,273,8854,287,73,1908,3903,-450,-775,379,246,-21,553,211,-111,249,8,56,241,-13,67,-319,151,78,970,-8,-864,-1003,70,-16,994,816,5121,6541,75,-46,371,-162,2502,520,113,-273,-3380,496,-317,444,225,921,-119,3147,-384,-317,-764,-843,384,260,3014,132,176,-173,-65,1591,-352,769,-731,2724,-100,-222,569,1032,-531,-374,84,276,-105,-29,108,-143,596,344,132,-21,-111,143,-506,2529,-271,-563,-1401,1629,16141,-420,558,-206,967,631,233,1003,1293,170,-67,574,477,200,241,729,181,-103,582,1138,27,124,631,295,-1081,157,-341,-73,666,43,-59,127,-672,-51,257,-268,21,-2960,200,1417,634,504,-4717,-21,-48,276,881,138,13,-130,959,425,162,2938,837,-89,149,276,582,694,490,7428,501,-1049,5679,-62,-18,-16,-51,2423,1179,-1122,-2751,18,414,225,-1604,4042,29,-2374,900,-116,-143,-566,5793,-189,-176,184,875,628,12337,2708,-192,2176,826,-363,-67,6978,352,441,347,4082,94,17369,-1057,-5476,-8347,-26258,-1455,-501,593,5256,-159,-170,1141,-157,596,-1152,1268,3817,8282,121,184,81,-135,4627,525,688,219,16,86,-16,-986,1097,287,-5,891,496,89,51,271,496,1206,902,338,3480,-336,547,-86,-1049,-124,40,813,688,290,-187,62,417,-119,371,233,46,97,382,-666,658,1634,1637,496,691,-54,-599,-173,-81,1078,447,447,506,67,138,81,-344,525,764,1461,450,639,-121,149,16198,257,89,56,149,-70,441,-113,262,-1209,-21,-8,-273,3578,10,-357,-493,-487,1190,-84,-151,-214,-219,-338,73,127,-184,-89,16,387,165,390,-24,-78,48,574,173,634,37,390,56,86,-35,1163,-86,233,314,1181,-211,192,197,178,181,-414,-2,-197,769,32,-56,-295,664,4109,-5,-56,-230,-162,-35,807,10900,-108,650,-287,-108,729,-70,300,-238,94,260,-214,1547,3258,-309,-271,482,18,-51,-67,927,363,1672,-214,189,135,5,-32,32,-414,-219,8,260,363,257,203,187,-146,-225,3180,2591,-176,-371,-1157,333,360,810,113,10,119,428,-92,154,-86,-121,3171,40,452,2851,837,902,-59,3318,-1927,1409,-187,642,-37,51,-333,46,146,216,-241,656,241,-143,431,588,1919,-24,100,447,-35,772,48,1729,992,-290,1024,-276,1531,802,-791,-5,558,2426,-596,290,290,3974,124,-658,10965,620,672,1412,37,-67,4391,5484,2453,-1092,67,225,585,-165,-271,-1848,-647,-94,650,704,1344,32,891,273,-455,1217,178,1935,482,466,35,498,702,2247,149,-146,-439,5,-67,501,6422,1575,-187,216,-170,197,-333,0,295,539,-103,195,-2,24,-149,-214,-32,490,5,683,314,-1461,290,260,582,-214,8371,18830,460,729,607,15412,6585,588,2729,-298,227,506,-2,422,65,140,384,517,184,474,761,-398,-2694,878,84,1141,-121,197,-108,466,349,0,284,-73
65,-62,-198,-5,141,-256,-206,-298,-218,-14,100,-125,-688,-399,-212,243,70,-124,-137,22818,2,46,-75,26,76,401,-194,-101,-103,39,-68,-323,-83,-690,-153,-224,-203,25,264,104,-159,120,10245,14968,20096,8175,16573,20322,215,93,152,142,1562,-510,962,-18,7,133,-231,133,316,0,105,104,-76,38,261,1397,60,675,-507,-581,267,-191,-654,-62,-66,47,257,675,44,18,954,-38,-15,104,179,71,769,411,42,448,111,363,363,10,-35,-19,370,237,-74,85,-162,46,13,-378,-33,3510,298,-844,163,-144,-23,118,366,-628,-257,-34,15,-7,10,-10,-316,286,822,-54,-572,59,-62,58,655,337,25,25,-5,-43,571,-6,602,990,277,-171,11,-14,165,-132,125,21,1106,-30,-264,256,5,95,690,269,-358,967,-138,374,-280,2435,-132,526,182,0,-21,141,316,975,346,978,116,158,128,0,177,193,-75,145,286,805,-9,13,149,-76,1,132,-17,-654,-138,2508,59,10,60,226,1401,133,97,67,403,125,234,185,141,23,46,-130,1844,277,457,-33,-532,-14,19,4417,-460,716,1482,-97,401,341,-129,132,-30,68,16436,-247,757,227,15,-17,296,618,362,203,-113,277,848,1570,465,3104,194,1706,33,56,26,-148,226,764,282,-3,1113,433,187,259,-78,130,-44,678,0,2073,210,-260,649,-121,163,21,-733,-153,46,25,27,360,236,304,511,144,-234,-351,-85,-50,243,7440,-80,-2,-30,191,275,937,-204,13046,1446,1652,-133,1439,462,397,265,605,308,247,219,27,316,294,-30,129,2361,95,54,-181,501,-95,64,353,30,175,-2,179,54,617,1367,1486,995,220,191,554,523,284,99,1233,514,292,148,197,252,-186,334,1527,388,66,42,1232,-81,71,-6,1028,156,-202,1080,379,-84,2235,239,323,112,1603,129,-103,-38,-733,317,312,3412,-68,144,-43,1691,318,850,606,-249,171,235,1199,370,253,609,370,194,71,-109,-306,1392,811,970,-904,231,10,691,-46,-43,80,-72,-19,440,142,10,518,268,548,323,302,18,108,286,72,-354,-140,22,612,764,-88,29,353,227,247,33,26,122,48,68,235,602,116,95,877,97,76,52,1164,121,-132,79,84,89,346,325,247,208,1631,84,400,13,-442,-339,67,-200,71,1155,321,52,916,99,6,-928,587,-387,144,-350,218,-14,475,2848,-80,3,-187,132,47,138,568,-23,70,14,514,-117,124,22,-68,133,236,-27,551,319,-15,113,59,-52,249,253,-56,253,99,-87,88,236,75,173,146,40,313,-22,509,852,218,609,606,13,2243,-264,-378,138,226,46,34,13,1111,522,0,810,78,239,244,43,-649,669,178,556,173,141,436,4428,156,707,219,1039,362,156,193,29,445,628,10311,715,38,30,103,-386,19,171,-92,243,112,236,1353,1375,-29,-64,249,19,112,30,10285,244,-103,-207,1240,21299,-37,-908,696,-350,-10,-23,219,444,156,293,145,178,503,67,-289,482,7,1416,-34,183,230,40,111,118,40,-39,-137,92,-48,126,408,166,42,91,66,72,809,171,257,140,-1059,322,15,724,126,-63,109,58,337,1968,-97,170,-378,349,1237,-273,-62,-58,22,-83,309,-33,154,43,366,-6,371,349,-297,-14,-25,596,-76,609,52,-420,-68,1697,124,454,788,460,-89,-67,9,598,280,325,66,30,-46,-1,1,-105,248,437,441,548,1076,628,-378,-9,540,-210,179,-124,-148,880,686,137,370,47,22,103,104,-156,74,-81,-198,-138,567,366,1006,121,37,38,-124,-68,-194,2135,104,-7,48,129,330,-468,-129,-3,395,190,14,626,247,9,1016,70,6,121,-30,47,78,-133,96,914,130,354,-2108,208,-71,-55,34,630,128,674,-130,-60,-30,122,265,85,198,138,403,19,7,200,-5,9087,96,122,88,40,1509,-296,23,597,-306,-171,316,-84,76,1347,-150,-88,227,-435,2,55,-23,617,-138,2094,260,100,115,3018,163,85,-5,494,520,34,2469,83,618,60,-7,43,-40,193,1168,-62,199,174,-38,785,510,18,-261,4367,1513,136,-230,526,-211,1478,2865,2680,187,367,62,-50,-175,19347,395,107,1654,622,1495,255,212,71,716,-253,-733,1003,-159,-780,-305,-1220,-253,243,-329,409,454,5698,1237,433,-40,0,799,403,-219,288,6,9,107,-47,614,218,-460,-68,325,-56,34,2323,-51,-226,-21,-107,392,-115,72,571,-88,-374,-183,-46,-375,177,27,306,-112,445,-109,1503,220,226,296,850,21479,427,128,-133,1646,-305,51,-1138,8015,-112,-215,-15,-144,14,230,842,103,19211,321,285,58,236,442,-276,420,39,-444,10801,-79,-80,105,-245,1204,23421,-228,-567,29,26,-89,-7,338,-483,1749,431,-308,-1480,52,4385,-62,359,71,20553,3116,-895,228,375,210,548,129,-153,87,87,-116,8180,-81,89,105,35,481,745,152,-605,80,-609,219,58,-95,13,-43,42,-441,341,900,-5,-806,197,794,-105,-68,6,186,751,444,202,175,403,-157,-22,-50,-408,15,105,345,278,43,-140,142,203,222,50,-89,-62,721,-54,662,-235,-429,17390,-29,1246,58,284,169,-314,-298,-50,175,-19,-624,333,10448,14,318,105,278,-356,153,538,51,-100,-44,198,145,120,-1126,13200,642,259,60,4983,13,-66,-239,14815,-651,489,-7,489,-48,10,-2118,170,-185,267,-83,514,-412,1319,1111,92,249,304,-797,-136,396,386,48,-29,3,-3,-814,120,527,1355,788,918,298,122,-68,852,17,1595,228,343,10,6854,-101,341,848,409,-441,-48,-64,13331,556,806,235,1677,84,38,66,4316,294,1277,-56,289,268,224,85,-93,153,-48,48,154,-189,79,362,66,25,85,-309,1717,425,38,4536,157,472,116,499,286,1402,995,-186,60,-22,-199,823,354,3531,268,-43,375,-22,7051,386,-18,97,158,13,-37,-44,54,47,-126,-232,220,965,157,625,-116,89,-214,167,237,187,399,74,277,675,11,-2,145,111,-81,100,-44,-6,900,17,5,282,140,551,-7,39,1228,-52,2886,330,478,6,339,173,21,33,-109,241,30,109,1135,-3,-84,-99,-13,88,-30,52,-13,1290,601,120,868,-14,5,70,-356,185,-294,620,-140,113,-257,13,-210,137,95,-358,300,700,-227,-1023,-101,-774,27138,14134,231,-450,-356,178,117,81,194,-33,-527,55,612,48,-293,-81,197,2440,438,257,397,79,9,100,589,93,597,7003,46,1,79,1029,66,-55,67,421,3794,200,116,-21,-181,-47,-120,55,1872,126,234,99,391,-136,107,-589,126,55,-83,1081,-174,304,-19,0,366,885,81,177,1384,195,967,15505,-5,870,-182,170,2521,62,951,101,220,-50,181,179,244,452,25,79,-17,-7,18,1488,367,292,136,97,-819,345,302,84,384,1490,199,268,136,-144,362,63,25,-489,-105,214,152,253,1651,56,589,132,-345,111,-72,-95,128,-922,7,1129,281,117,1076,1721,159,-167,-252,252,6699,-99,281,97,144,852,362,1027,203,-103,852,92,21,334,-124,294,70,3072,15379,-2,1937,3867,-81,79,11733,39,752,329,702,223,723,68,44,-34,-14,813,29,431,91,-25,-29,122,12218,735,-115,441,-39,300,3152,-632,-271,1696,130,-575,141,567,132,33,-2,18,-37,79,-442,1,-6,362,-591,257,181,4016,518,936,37,-427,47,25,74,104,395,-269,-62,7360,161,-269,638,-30,-43,-19,-716,59,124,-80,146,417,259,1035,427,79,74,244,202,351,-1011,495,805,-161,-2,-186,-54,26,453,292,2,89,146,17,63,-72,38,64,433,1057,-112,-482,-46,-390,-220,0,2590,50,356,252,190,-89,-72,154,99,64,973,116,133,-60,109,-482,85,-50,105,115,745,-29,79,124,-1,156,11,-885,907,0,-190,638,-37,71,277,372,56,91,-100,355,-9,1318,319,404,630,148,-2,-364,1189,21,597,-74,113,-301,680,-965,-40,241,74,43,285,847,485,413,46,91,-14,1192,175,177,15767,288,117,-75,6,169,-95,63,-60,-21,-91,1020,1040,-46,432,-257,-142,-367,-179,81,449,-42,409,333,39,-6,215,2,70,241,304,-117,-30,-107,292,72,181,-100,-39,-396,108,-144,166,-486,-68,-501,-11,83,64,-2,6,-235,263,-542,56,183,-27,34,-220,182,105,113,263,399,587,616,95,635,-144,297,278,204,335,97,255,580,-100,-191,150,165,-14,-64,19,-55,390,-87,302,27,7905,-5,280,621,835,518,190,27,-189,-19,-170,181,5,22,88,-84,248,-43,-125,-186,-949,231,-672,-63,14,58,630,-351,199,-203,-1261,198,85,-115,-59,700,22494,260,-163,8667,-34,50,47,-449,-7,2772,-99,-170,177,-35,153,-108,97,-30,-241,64,-35,59,95,978,128,99,905,186,-42,417,2583,234,-96,19378,153,-383,215,206,152,183,156,78,5,167,-269,2058,-244,275,-17,489,-121,230,35,38,998,170,-296,542,1155,657,58,-58,-163,1338,-81,81,289,89,115,-510,231,716,5591,290,48,530,584,-1041,208,-66,-35,125,72,-14,17,91,353,-191,58,18200,92,26651,23125,22925,-67,-112,-43,-96,-747,40,637,7410,46,-96,2525,17371,4827,-170,122,-126,854,1814,-137,47,58,10,1039,40,118,2656,-108,-351,83,-3,4744,-284,122,182,12201,162,1487,-26,-285,308,284,133,585,-325,85,-338,117,-153,-104,593,1696,14,-91,633,871,-306,433,1133,191,339,460,1023,275,179,486,91,560,704,438,108,-335,8070,67,23619,707,75,-9,-862,-197,265,113,350,99,-193,-34,145,169,212,3399,142,142,3,148,116,297,44,224,-80,-54,277,-5,-118,17,259,6008,231,293,-9,-826,199,0,124,177,-27,12735,317,-1040,-37,136,-263,37,-191,-27,669,-23,0,152,105,137,639,-27,132,161,76,-181,658,-11,92,67,-187,436,351,337,-21,122,93,-197,-35,64,171,43,126,323,260,1691,-453,144,52,66,-47,1856,766,13630,1553,-475,1039,490,105,125,-111,-666,10,-481,215,89,76,97,737,306,44,-74,8733,-31,-136,-2,807,470,181,-31,-34,200,1184,564,-212,227,3521,-581,140,-30,-153,-282,951,442,128,2829,140,47,542,268,211,11,275,-5,7,149,79,68,-68,231,269,777,341,405,10,-108,318,109,1713,499,150,142,301,-52,150,1096,273,50,725,-136,40,368,1208,338,37,-177,161,-42,63,248,232,829,199,610,165,-187,-44,171,59,810,-159,100,370,-70,223,770,-263,56,107,-109,44,220,-55,112,1057,48,405,-390,37,686,-43,1545,608,-416,182,1466,273,-11,-560,679,158,3952,-115,38,1580,259,1199,475,1866,33,-312,-177,-17,-51,-175,-277,358,166,-2,305,-46,-55,-52,26,-95,141,-179,52,-333,35,588,59,-22,21,157,312,23572,4380,727,1,56,276,29,-235,170,22,185,183,42,-145,154,-15,208,-50,2631,272,-501,-21,5586,391,-345,104,-105,202,2172,-140,789,454,244,-97,683,505,-235,251,-91,1320,1490,78,116,46,1,-59,4951,-1257,908,-240,66,101,546,200,554,204,116,29,54,-33,520,-243,108,230,363,-42,13622,-713,412,83,175,347,-17,598,100,335,59,-1524,305,435,91,75,-587,-154,331,60,342,29,105,7,81,85,807,9837,4734,136,-47,40,134,-185,11,-152,166,174,616,173,986,-183,54,10,-222,18,187,-72,-207,-63,-76,1368,202,-22,-161,44,200,67,811,-159,89,682,-189,-305,766,461,-212,145,-74,137,-21,223,-58,26,6,12824,-121,401,382,-138,337,208,383,96,466,115,-78,-2430,186,4000,342,286,84,618,321,-46,29,818,27,22,22579,-56,29,-179,156,292,384,52,11,378,284,47,80,497,838,125,1081,11,-591,25,-146,-239,43,1065,-121,-58,31,2967,18,4667,64,11967,929,-71,420,-18,68,-128,-171,577,220,2759,-308,-31,-87,764,2020,249,125,487,776,55,-368,-215,118,-388,44,232,423,-55,107,226,21,576,146,1186,165,1474,-11,275,210,2280,78,438,-75,-442,-248,609,-388,146,103,92,-19,215,-174,1040,220,350,-80,179,97,140,26,413,380,456,152,5,370,-245,-9,93,-25,200,2372,429,22,132,313,112,378,-6,46,117,589,733,167,-232,-105,392,351,1076,770,-226,674,1502,76,493,15,-50,179,251,235,538,1323,1762,478,75,92,-40,52,-54,71,4561,-375,527,67,39,-224,679,-40,-268,187,1566,891,144,138,-64,159,417,514,72,-588,171,-237,22,-173,429,768,194,354,-62,-58,880,-276,-60,14,-35,319,141,37,-64,-99,1683,5,-989,23,70,-68,987,27,232,-75,154,391,528,43,75,733,59,194,60,9,666,48,22,-129,-33,-174,3,149,-161,60,-142,92,161,216,-152,308,112,84,916,-17,2937,269,156,345,491,93,186,832,-609,75,-22,2328,363,-51,33,-249,17,794,-234,1257,84,-38,159,-76,363,-95,146,391,524,353,457,288,104,-13,91,-17,146,165,75,12619,113,-80,-405,107,278,-67,-99,515,95,-220,51,323,253,-101,74,383,58,-157,-25,-105,-362,-47,1778,-10,1980,13,-26,-563,-112,-96,326,-353,179,121,-391,376,-197,215,368,-592,3,257,9,223,356,464,218,97,-161,-84,487,-237,-48,982,665,-208,-198,366,240,13,118,814,-695,128,379,-64,22,-261,212,182,1171,-382,294,89,163,3485,157,1048,-429,470,376,17,-55,-178,1811,170,173,423,-360,372,294,-727,362,-39,298,84,1533,34,21,256,-189,35,498,-342,-35,116,26,-132,-1,267,23,13,-249,159,170,-25,5,466,-15,130,301,601,-162,727,-158,904,231,-115,47,152,26,261,103,199,-35,-10,93,1159,52,314,401,-23,-29,-667,-31,368,530,138,404,-313,-296,909,203,826,52,811,248,-59,1390,-108,472,19,-2,179,-108,-163,167,232,125,-983,-335,333,95,-243,294,1047,774,-323,-46,134,341,91,108,-88,281,349,243,1,170,240,-662,171,268,453,178,493,1,44,1431,1724,507,198,265,-15,-888,16105,157,1636,-374,-87,583,19,103,99,107,374,-18,965,-152,-170,-62,628,103,88,43,-129,175,428,2000,-5,178,-91,208,674,1862,16301,18916,280,-43,261,153,128,1,831,76,-10,144,111,120,-54,148,-104,638,-23,306,29,174,165,-146,-25,30,420,358,68,346,-25,657,-103,-38,66,240,683,1552,88,40,10605,23318,16785,13300,15003,22822,6601,278,1892,-33,-282,713,237,11,887,124,46,-567,-300,516,394,-125,55,321,321,-133,-138,546,-23,-6,-31,339,87,175,350,66,71,-63,17,-63,-58,-223,156,322,-134,252,255,25,275,222,-126,145,1055,-166,7,-120,338,612,204,-530,17,261,-556,-113,-18,46,424,256,264,100,752,100,92,10,21,-67,232,56,-46,103,64,13,552,171,79,-237,0,-149,795,42,-2,318,793,185,-211,157,716,193,-34,-121,-829,276,-43,199,87,-89,145,23,-91,397,322,-284,301,214,-191,22,63,48,364,1000,223,107,1468,-40,158,146,-182,-218,298,403,292,-122,191,-79,388,140,31,1812,797,1084,-1152,312,177,-39,-74,-11,64,-182,157,-441,445,154,355,40,140,343,4933,9,-47,104,130,-76,76,-55,42,70,-99,501,44,-11,-356,-304,203,122,46,-189,146,137,-132,-497,84,530,64,-75,276,87,-37,-128,113,-22,7,466,3,713,374,-475,-173,149,85,247,-203,1508,543,409,-140,3120,62,917,228,478,-263,125,-142,-31,78,651,-96,799,91,1127,-68,313,416,725,21,66,190,301,-76,-55,724,-173,145,379,261,182,298,-6,482,-54,-62,360,457,1688,502,40,-55,14,25,226,6,253,118,30,-260,248,680,388,-141,501,-40,-310,399,-21,22,68,140,13,-134,-453,95,888,725,-165,-194,335,17,427,5,115,191,84,1072,-144,120,-70,92,362,-166,117,420,66,2465,-826,190,-278,-31,-174,46,3,136,108,158,-200,-423,74,-67,-216,901,193,573,91,530,316,626,199,140,1205,195,182,308,18,208,-59,-511,74,10,449,15,64,-83,449,1705,431,-42,383,-48,433,228,-29,1113,-108,-1327,-141,214,1236,-25,100,-7,555,1426,415,215,-163,-142,-170,-268,-167,-256,51,325,33,11,-222,535,130,1338,-214,100,-1063,-159,1227,466,-89,267,-105,52,170,394,85,446,33,-17,761,308,318,2216,-21,-9,15,-505,-173,23,129,223,-232,286,23,-141,-156,-343,56,703,889,1006,269,-478,561,142,-13,300,171,42,46,194,-6,-281,-56,319,382,15,59,210,58,74,153,555,-392,278,672,-76,0,71,-206,105,350,256,2457,75,2748,1256,83,-34,965,692,720,74,564,-68,449,-3,2442,-40,203,296,1550,703,1138,206,-124,704,2107,47,-48,120,-10,-157,21,55,163,371,378,177,-186,523,323,536,-245,199,-193,1553,-575,-71,-87,190,81,961,429,655,416,-198,21,-15,74,-423,1338,-142,35,507,573,444,399,-294,153,306,237,62,412,156,-27,304,64,-435,917,313,-10,121,9357,7,597,-92,305,148,2349,-366,194,-239,58,1640,66,-3,760,264,-79,485,255,256,33,3,133,108,3540,42,15,834,29,100,3220,206,435,678,777,121,1135,2494,58,-199,161,499,74,669,109,197,71,3900,-40,-1086,1192,953,-193,-23,171,-44,316,958,396,-243,284,532,-126,-115,-161,817,-647,-186,-40,305,-93,565,-331,363,108,-9,228,117,107,-156,321,75,71,798,78,181,-96,-68,-126,497,182,-54,349,-97,-125,51,442,101,1462,1512,210,448,197,-136,-411,7,71,14,317,-25,76,-167,1224,-358,302,2,362,54,1162,309,39,910,-10,121,52,-9,855,401,230,21,58,46,236,71,572,-17,66,629,12763,475,708,-112,89,-43,-152,64,256,146,177,40,44,527,-60,752,-14,695,40,70,11,6,-190,115,207,-83,-33,222,304,-1044,101,198,56,48,-268,588,-565,206,-1081,-74,-473,710,13,189,-330,0,304,-11,285,66,145,52,403,75,-72,95,1869,-63,214,48,145,42,75,97,-1162,1524,-193,-218,75,2402,-424,158,31,-167,-30,-441,-445,-21,-1,281,248,-92,118,712,63,739,305,1127,156,-38,809,-187,-109,33,76,-31,-9,27,136,1171,1368,-72,247,-109,21,236,577,19,1033,170,666,-48,169,310,530,321,75,218,185,9,-380,423,413,42,117,39,557,19,150,-48,-17,383,243,495,231,-1148,93,-5,183,360,799,6,400,-105,46,407,87,91,284,-137,37,-592,323,489,-91,212,-247,-5,15,609,52,7,487,84,25,1048,-14,80,-126,635,40,-66,26,3,359,79,232,243,-125,-116,68,929,353,318,-527,166,638,507,423,1113,109,839,115,554,15,-117,-112,341,-203,54,11,-206,92,50,67,417,1269,109,-115,83,325,1618,501,-85,-144,1565,43,-264,55,88,-208,113,-185,142,17,-203,384,-14,25,133,1285,-95,-739,230,87,3,63,-272,1484,150,322,14,271,-37,271,-120,371,974,978,-97,-105,-11,-126,103,-34,310,109,-133,47,-113,67,-33,1316,2,-103,134,375,118,419,179,290,-182,-436,-353,288,7065,302,-207,145,-154,-23,-129,2013,236,552,-1299,367,465,55,864,101,-31,276,292,-474,79,163,-399,-43,-88,70,-30,200,33,163,308,907,67,92,68,-83,420,560,-11,318,302,71,31,-142,43,780,356,694,-91,-153,52,43,-297,294,524,-58,22,-27,-29,199,85,85,18,14,-223,78,23,95,544,-89,3,220,330,367,-366,-130,54,122,435,-301,524,552,-809,-261,407,-29,200,-154,198,66,-22,372,112,202,618,66,995,-21,152,469,-81,760,56,435,67,175,383,-325,-19,1462,-280,-75,-493,-21,-1076,-99,-67,156,-83,63,386,113,-483,199,441,248,1400,38,84,-723,214,118,-633,-97,576,14,-132,149,-112,1092,-22,1,175,378,23,-76,-48,679,214,74,3,109,92,371,359,133,80,-321,202,1014,372,78,47,-218,104,571,592,-9,237,674,329,251,43,232,116,0,-329,468,-14,784,-122,268,1480,542,424,103,271,364,166,658,-401,-448,107,25,-88,22,-100,171,120,1063,-624,786,-13,-76,203,235,674,183,25,85,862,-62,22,95,386,-349,766,47,421,162,-386,-78,3604,137,-2,104,-11,120,-10,-142,-29,-18,350,165,458,-84,275,353,177,-66,-101,-91,-95,23,4655,621,236,108,177,-21,54,-568,436,914,1191,-379,353,2394,297,-493,3710,122,-38,128,-133,-264,173,50,-42,50,223,11,360,436,669,-56,97,308,-9,-240,91,431,78,2812,-817,5405,-75,220,-34,14,16070,153,148,-191,-10,-62,132,464,1535,240,516,4923,208,1143,260,39,-278,461,-6,350,51,-76,-84,379,440,3665,-244,26167,19,605,-260,48,312,347,277,339,2834,395,-112,431,93,1,51,-136,442,713,-162,55,-7,-3,70,-321,392,-371,29,-177,-63,-39,639,-809,112,84,-26,5,-10,2660,-44,-187,397,72,174,-35,68,67,469,23775,13,60,310,797,446,1065,197,33,596,-7,218,462,-128,-319,339,163,31,125,-7,318,1191,21,109,9004,265,-109,502,565,-555,-55,-10,654,458,-3,417,1145,31,-59,-534,1193,395,2576,-35,2973,55,-125,405,403,786,2021,477,35,-42,-157,932,413,-47,423,-186,132,453,-99,-267,265,-162,5239,1515,-79,-296,146,4631,183,104,1106,540,156,-1556,-142,2698,-11,216,350,20525,-58,152,22242,4093,-318,1385,19,210,559,2907,70,1220,454,-7,777,-1437,59,-43,-30,245,5086,-59,71,27447,645,7,1121,268,198,300,15,72,-427,-207,12730,2001,-72,-17,101,22,-43,-1,411,-247,-334,39,-29,-462,67,166,239,125,136,243,26,260,851,56,593,237,159,284,-170,159,1264,42,7208,916,232,-7,9886,758,-141,374,141,-326,-772,13147,171,453,-961,21,15,-120,420,751,75,-194,645,118,378,543,67,31,-1,400,305,204,456,-52,-84,78,1008,2161,17665,2332,104,-226,140,163,16508,125,821,3,105,1113,3082,14,478,159,120,138,34,23679,14478,-38,7,-80,96,1019,780,625,349,-59,8520,-89,120,-81,125,-89,103,226,-113,101,-107,-124,117,-146,548,-62,31,44,614,360,-14,11,-371,51,-118,-234,46,300,-568,-305,1841,244,-46,1688,3673,610,1673,-56,-85,75,136,8291,445,181,-124,55,197,9,-71,420,-100,144,538,682,26,103,1474,310,469,1039,132,1385,93,2052,2665,107,929,1762,18241,2607,-47,37,121,214,437,-289,68,892,310,105,22473,207,144,354,99,-129,156,333,346,138,128,-56,579,-35,197,391,752,777,-130,-284,2,10002,103,21,-121,130,44,-156,-5,567,-243,454,44,280,509,334,-17,622,189,353,-954,-227,-9,-288,452,356,575,309,540,645,736,128,-6,-34,137,80,-107,-40,550,15,-37,9,74,162,23954,-171,-1012,-35,400,293,216,1006,-1330,1146,-136,215,136,11,8337,-387,1012,166,207,112,670,0,-200,198,-91,-306,419,282,25060,11073,399,1484,3388,390,1008,1279,181,290,3411,159,239,843,-450,-219,1393,407,240,107,14,15,5073,27,63,474,25,-153,2594,421,2136,18,3419,-437,272,375,178,-31,388,216,-428,-197,401,-96,395,19103,-239,265,44,19,420,199,1482,215,696,83,183,68,113,-11,1114,526,169,1857,370,145,-204,51,367,868,220,48,48,593,35,-335,632,-18,856,-145,-27,350,1821,88,100,293,95,-34,-68,356,-124,142,111,345,466,3,-13,128,-76,483,43,1704,567,766,515,50,96,75,-9,91,-333,564,2130,-130,-157,68,304,121,193,-200,4494,-42,-72,70,115,-15,113,-1,-301,212,-1213,-113,1610,118,-1,126,-7,4988,387,-46,-62,80,16129,208,754,-76,-83,42,989,-191,112,218,248,-18,62,409,126,794,54,117,1220,1191,220,-620,272,236,14,333,449,1011,19462,597,8365,345,429,146,144,568,26,108,-609,-253,-177,-11,58,1714,129,63,103,-64,48,-44,323,0,26,231,103,-67,84,120,1182,2266,-64,-122,159,-11,193,54,343,103,798,-62,170,1289,113,429,137,560,10,-10,19,362,-257,-169,163,248,6,-70,48,-17,-26,-822,-152,319,-26,14,284,6,80,-413,-252,653,269,-35,-89,-18,-175,460,346,441,42,39,48,-11,-105,-22,587,1026,487,-18,1033,749,-101,152,-15,25,186,191,60,-720,40,121,1607,79,-407,10,214,56,-79,76,203,3171,219,-472,-30,-132,698,43,904,156,626,-74,843,427,-55,-112,366,-116,577,83,15,216,67,56,51,-1,-111,60,768,22,900,-261,1308,-60,444,858,48,-137,214,202,108,133,108,214,-252,124,292,6,-128,100,331,187,-7,-360,84,7,9,38,1472,166,872,140,-228,40,218,-55,-204,376,183,6,-263,27,-784,-141,-44,19,-38,-88,13073,142,625,37,-1,-2,17,2194,-523,222,397,1126,-10,401,0,799,200,-99,-235,-174,756,790,269,-58,93,2086,557,424,396,-44,666,-108,284,23,399,34,43,-962,15,-60,433,879,256,107,-189,194,34,421,747,56,-6,-70,-44,67,540,96,535,641,-380,170,122,-995,376,235,441,318,2,-337,-318,-161,125,-146,532,92,530,-148,-655,330,275,1517,29,35,248,-462,-26,-62,-105,9,412,144,2,1484,2952,-104,-31,96,17819,1804,-34,44,-223,-124,1948,468,112,613,179,-13,44,1,26,1439,21,43,54,-331,11,-179,169,495,-530,185,-29,355,-13,1031,101,367,212,105,30,699,-91,185,-252,460,125,556,-56,572,2091,22,-141,322,441,96,96,108,19,169,-223,91,756,3,92,-1215,74,420,-74,-25,17,83,493,-29,-105,-190,403,35,247,926,194,62,74,59,-33,-50,14,-18,6,210,63,-239,782,223,-67,52,399,239,273,-30,72,556,-404,563,506,-112,-64,-103,-420,323,13,-11,226,423,47,557,50,9,743,-195,26,-181,1636,-561,99,39,-62,126,21042,955,-199,1429,56,87,-226,729,193,224,-93,-62,-10,-142,798,3,448,2073,-120,167,10,-15,345,-220,170,441,23,214,138,760,1615,206,-17,132,107,81,198,152,10216,671,-277,46,0,29,17568,843,46,15132,170,162,-289,165,0,118,10,424,1685,-9,117,337,60,416,157,23,1446,52,-280,191,54,-128,531,141,392,-19,64,60,100,339,-335,174,3246,74,1146,-206,-126,-92,9,-187,95,-126,330,87,261,556,146,175,353,-2108,643,-87,42,15,-68,84,-5,185,26,113,83,419,11879,1330,107,13,3,-96,970,-371,651,37,-206,1104,78,-171,267,1543,66,429,371,524,-97,118,265,675,144,-117,240,-37,-129,-31,-40,18797,-182,973,224,-268,70,-55,107,294,-40,-59,93,25,30,-85,-64,-175,-33,31,-338,104,-38,-493,-78,62,9,121,79,-703,166,2621,-202,129,121,-11,346,105,187,13662,4755,292,230,66,-206,1347,1217,-486,228,148,942,21,40,48,903,253,423,-93,37,13,597,304,331,-118,-99,125,60,125,520,84,482,-112,-13,99,85,14,212,527,43,-52,659,-326,1208,264,109,241,1094,-207,55,-165,170,78,43,25,222,-600,-688,85,-71,-43,166,91,-11,478,1566,288,298,-173,43,261,14758,33,234,592,107,-654,877,203,-7,539,15,37,1784,93,-178,-5,70,-128,-244,2,206,101,-50,-1,929,-47,-33,67,362,409,18,597,212,47,111,165,-432,-42,-2,13,40,199,-118,210,167,-46,-702,35,190,197,-349,150,162,1151,4016,42,7,-126,358,42,-56,56,29,51,-35,-92,125,48,561,-84,-245,0,165,2,-112,486,170,362,10,448,-85,11,-72,-169,95,74,-84,39,85,-5,616,-11,286,165,88,74,-43,64,-14,468,692,141,694,126,113,432,345,134,91,-103,43,75,56,204,691,-165,6,383,46,194,48,2,30,1072,170,-182,-240,391,415,247,76,244,54,22,107,-125,44,1167,92,453,200,-117,5004,564,29,34,-40,18,-108,17,35,-46,278,-1018,498,740,1069,259,-88,27,71,109,95,-292,1408,218,72,907,80,-22,1722,387,333,0,276,66,431,120,-118,1947,394,539,-81,-183,330,10,72,63,-14,64,206,187,-157,1084,108,21,-524,-634,1683,8212,364,-92,103,-39,-80,75,-383,-87,-27,1627,137,2,169,1865,453,662,-122,403,-475,150,-120,43,70,1135,15,276,-1100,-80,335,1494,-26,264,236,563,-19,1795,400,942,23,174,-2021,278,-31,-15,2752,-162,122,-126,120,191,230,456,707,273,22481,358,-74,7,666,179,113,56,178,-83,-21,38,-29,182,-23,-358,688,1885,47,-66,-245,-134,-6,-509,62,-111,-112,17,100,166,71,440,-234,35,-6,146,132,265,255,-130,811,91,214,70,482,152,88,852,37,-6,140,-186,550,-182,-362,223,-99,-125,-464,2134,-74,18,34,413,1271,21,243,47,302,74,220,-183,1159,453,895,1476,-163,2317,-88,-10,2238,138,74,126,252,-819,25685,-40,700,58,-318,9,235,220,83,450,111,-10,-118,215,564,97,1632,358,1303,523,150,-2,23,298,-27,-88,-234,-240,-18,420,-292,105,-177,105,620,1396,334,322,-445,245,83,52,101,174,150,30,33,355,149,18,1517,-37,-616,-228,-347,672,992,93,-23,-391,2580,-52,3542,5836,59,408,-122,1123,7642,1256,-177,-678,318,300,-219,171,75,297,589,862,17973,15617,140,3,-202,14,153,575,54,167,218,10,449,815,323,-11,26,62,-728,-228,239,60,-264,87,198,54,-526,350,152,-454,239,-265,-26,850,-322,72,75,55,-115,-89,-42,-435,89,-1006,427,84,347,237,-14,-318,-26,777,-62,211,108,-236,-68,-207,235,-47,-55,-66,-93,-140,-74,35,1494,683,2488,9281,1582,12539,-710,-95,84,169,170,-3,643,-78,51,-495,441,115,380,150,411,162,146,-219,-95,-272,121,2742,96,312,47,437,253,272,-202,277,6519,-171,97,499,331,-815,487,-244,263,-52,144,211,109,-10,170,202,495,963,2,370,218,285,99,19,-104,66,-222,-1632,182,308,-27,85,-88,-353,481,148,43,-158,-524,44,835,564,1669,1044,-21,-3,-394,54,-354,457,159,-113,1059,234,1104,403,388,140,133,13,1111,276,202,88,247,52,310,437,-6,887,52,-7,141,47,214,666,-211,427,128,25,124,-44,-370,-276,138,81,-479,940,149,-265,-281,322,458,20217,259,-29,12229,-235,5,-18,-413,920,461,1483,-3485,2928,63,83,4799,2506,2916,14,1067,-46,-68,130,161,360,-130,208,72,-21,-704,-116,-29,761,2673,122,-111,401,253,-74,92,-353,-156,-7,19,-109,-6,68,-235,7,95,531,-97,-44,797,11,72,423,550,-1960,163,93,222,1019,84,801,84,1777,858,89,387,26,2644,1843,1425,21598,11631,17,74,109,-30,37,68,678,97,655,78,-64,134,5,321,91,126,-707,405,56,30,174,220,74,234,-40,-11,42,23870,670,17,15,130,222,42,-6,10,301,304,-167,-71,267,575,1717,130,695,536,91,-436,1029,-137,-811,573,31,-111,-55,-835,-70,85,55,3105,207,-120,1006,-18,-190,-232,-83,88,441,-25,-115,105,108,982,384,76,326,19,85,285,400,1077,-173,42,-46,-55,-2,5,683,-74,343,388,81,37,-331,343,218,764,-438,-415,-76,-581,38,19,866,3,871,126,493,-50,-70,211,35,363,-34,95,-43,-52,-33,-325,194,116,-200,388,499,773,-181,-60,466,966,-30,17,199,363,236,612,-118,40,847,269,-31,60,462,103,-38,624,-190,-91,-522,243,-31,-256,327,-124,137,-34,1,-37,179,-506,83,-2260,1278,145,71,99,-59,596,531,10207,628,211,581,63,-66,-436,-153,313,-401,91,11064,-67,13581,35,-2,13658,1889,75,-37,-72,19,856,-55,1363,-170,-498,79,51,353,-40,29,2964,7229,-390,-207,-724,-156,372,296,173,23373,0,-187,1200,11,-7,908,121,13,3911,2483,-165,-120,432,46,7244,383,4582,19,-122,-18,130,63,-37,1845,355,-113,1266,1767,-30,810,-133,-55,3580,-88,46,-99,-269,922,167,594,215,88,-445,823,-203,-638,29,-43,56,21,215,1516,973,-26,286,5870,-515,-62,310,546,141,5254,132,126,3449,1717,-312,1160,171,493,170,198,80,546,253,1130,-125,-26,197,-167,133,-202,30,-136,-107,1191,83,-21,-1527,239,757,-99,-211,1324,-403,1515,-38,62,542,257,142,366,-684,9,1527,10007,-10,347,364,88,75,-312,493,2077,202,-2,-6,231,1269,81,0,772,354,292,959,81,47,707,473,40,154,-103,257,-31,-67,171,5939,231,76,-1270,48,-329,1227,-170,113,1022,13,-33,-128,424,39,-14,502,-228,-26,72,786,-390,319,2008,581,93,117,345,34,378,1336,2059,6927,-74,721,105,628,-5,83,-159,29,-88,8150,-26,37,454,46,-78,413,232,371,59,290,896,-905,880,64,-34,379,129,-46,137,-33,536,-265,437,27,802,580,1607,-120,-59,-22,-404,-60,72,1476,-148,282,487,1148,416,235,415,-310,-76,130,-145,222,128,-275,185,1002,-38,163,126,272,116,293,234,46,695,-208,-2,142,103,95,137,-501,711,11,14225,6094,-259,40,117,1056,-105,19507,122,-777,64,47,-437,-216,-25,189,120,513,118,87,228,97,-302,40,-76,-167,97,2,70,1016,30,-301,-243,174,92,19,727,133,14,809,108,-79,-13,17,173,-47,-3,-234,72,569,-712,9,79,171,-482,83,3,897,367,191,59,136,-21,-10,79,51,144,401,728,-235,288,1339,637,605,-1078,-108,-167,87,-569,-66,2094,48,1343,236,-31,75,-197,-42,-148,-713,1246,335,272,-154,605,-257,-278,70,74,163,161,555,-11,134,598,1238,503,329,145,104,87,851,108,-46,-101,-375,40,17911,161,-118,-87,-46,198,-48,182,3963,108,297,929,2250,138,-7,187,445,-231,341,27,-113,173,383,89,396,-411,126,-58,138,37,608,26,-597,-998,3,-54,516,548,4094,7028,15,620,1200,92,4379,327,68,263,-1769,88,-51,271,116,715,-25,799,-149,-140,-538,-524,19,429,1668,-80,162,55,268,285,-257,280,-85,230,-149,-420,-367,386,-396,-163,-96,-105,-152,75,9,-91,-128,1060,85,-79,-79,-42,-542,1516,13,-827,-1274,679,14684,-85,286,-560,540,571,207,460,1438,341,-70,526,297,154,31,493,175,81,322,577,46,52,743,272,-569,48,71,75,364,14,-21,37,1357,-11,445,-133,-153,-1798,18,468,1930,197,-2698,-47,103,88,797,99,81,-187,456,260,62,2479,334,-63,9,468,522,567,412,9698,1486,-526,1974,58,178,-52,50,1602,144,-1486,-737,-1178,194,-301,-858,719,-169,-1182,67,-284,-7,-122,7245,-124,-60,31,535,602,4052,682,-9,2044,509,-115,-87,4960,-116,302,87,322,67,14549,-374,-2059,-4964,-14244,-1449,-146,351,284,-185,-11,-211,-148,375,-276,625,7672,5822,35,42,-275,25,4524,271,2789,19,23,31,14,-392,2703,68,66,2906,145,-91,-156,108,275,460,1299,47,3041,-321,427,-10,-370,-79,30,473,187,197,-240,13,181,2,212,-91,83,-150,193,-313,349,929,727,120,1011,-108,-226,-117,-79,206,115,128,306,-29,6,156,-276,515,292,635,375,572,380,-87,16872,237,-27,19,124,14,359,-9,346,-239,-96,60,-93,1975,39,-109,-183,-197,711,-85,1609,150,-144,-122,9,67,-207,37,-9,252,108,-85,-105,-43,144,117,72,466,-17,401,-23,52,-18,621,-80,290,194,249,-108,-78,-43,56,308,-194,29,-50,4943,144,314,-111,564,1049,-22,565,249,18,72,330,10668,-38,387,-9,125,494,-72,248,236,118,137,-72,1566,1078,-198,-179,588,29,-84,-34,346,211,1283,-126,218,48,116,17,27,-293,-43,-31,133,88,116,-48,105,-93,11,1746,2071,-72,-81,-617,536,-14,394,-97,105,58,-321,-3,108,83,-70,1279,-15,183,2844,852,470,-89,684,-2016,1167,-100,54,-14,88,-166,23,120,134,-170,223,104,-95,159,9461,1201,47,2,378,249,465,-166,917,1011,-219,-108,2,547,999,505,46,25,708,-60,-68,60,635,-83,-561,9026,59,202,3292,-43,-26,4245,5108,1688,-925,48,-9,371,-141,-243,-1352,-335,44,433,259,999,7,769,261,-474,495,133,753,432,314,117,428,527,788,550,-79,-70,189,-70,327,10027,695,-63,913,-72,223,-215,59,104,226,-137,96,58,-29,-142,-101,-35,457,88,326,179,-498,285,183,338,309,18694,17825,222,316,162,11943,8893,608,3271,-120,-52,483,-21,223,-3,29,-152,133,386,236,222,-165,-1289,588,92,532,-34,239,-78,707,354,-22,260,5
66,-58,-217,63,95,-191,-230,-86,-152,-6,-249,-117,-443,-252,-221,-180,-76,-176,-206,39323,-26,73,-104,39,-110,34,6,-167,63,-6,32,-173,-104,-454,-239,-284,-60,60,306,569,478,130,6687,9615,17406,10269,15596,14726,99,119,173,349,1830,156,1143,-39,65,95,-102,78,228,36,106,113,19,141,165,1030,73,499,-465,-445,791,163,-369,-67,-34,26,345,608,65,180,502,-17,-32,108,276,130,893,708,139,734,139,447,321,189,17,-6,236,99,-23,-41,-160,93,104,-91,-15,3927,423,-573,430,45,-197,78,-69,-449,-10,84,373,128,-339,-8,-28,63,280,-43,-143,2,56,102,134,245,86,4,-65,-89,460,95,495,508,176,-154,28,-6,278,60,97,43,552,34,-47,49,17,63,1075,504,-304,286,-232,947,-217,386,19,2458,173,76,191,849,415,1775,586,1766,13,160,254,-13,-54,154,-91,163,121,1573,1064,-41,23,-21,65,-30,-49,-352,-80,2303,63,-49,-158,930,1543,28,65,-52,1486,71,625,86,145,-60,184,-126,1345,-34,1584,-8,-108,21,41,5483,-382,113,1477,-126,797,1006,-95,-8,-19,54,16098,-58,1295,530,10,69,302,545,523,36,23,197,312,1277,128,5898,249,3029,-78,-65,-110,-15,26,475,258,6,602,1091,-41,508,-6,356,43,47,-63,3086,423,1603,386,-78,-8,-30,-493,19,82,-104,-19,43,182,1280,441,226,-13,-234,-102,-65,882,5270,410,-30,63,8,362,721,-76,16150,1217,1004,-26,617,702,302,102,497,286,119,67,167,32,236,-43,167,2964,69,719,-160,2827,-52,134,293,-39,89,-17,65,6,258,2286,1977,1277,89,171,349,167,41,26,1058,1825,199,49,76,154,634,384,1290,334,217,-26,1680,-2,-4,-34,532,99,106,662,102,43,2001,36,173,78,1104,152,-106,56,134,141,202,2766,4,271,-4,919,1262,862,738,-139,97,154,1354,-97,34,4,315,52,30,-30,-45,1775,1323,1723,-921,130,13,82,-43,-23,17,-69,17,539,8,73,323,721,195,267,417,65,145,323,60,-265,-84,113,845,678,47,15,358,82,252,243,-32,104,15,-45,384,547,26,95,528,95,132,71,936,110,-6,47,191,254,508,1219,223,449,1647,30,391,-15,45,-45,154,106,282,1449,317,15,1636,199,30,-215,915,-228,47,367,65,21,819,2212,-6,26,-10,104,-291,306,13,56,86,52,460,-93,154,406,-106,630,54,84,256,212,1080,267,356,165,380,180,28,236,169,56,80,265,317,219,215,315,119,-63,343,1125,-395,2032,176,95,2808,-95,-334,-13,15,82,132,0,1097,341,119,491,145,247,89,-41,-195,362,349,788,152,-30,171,4446,178,406,117,1138,232,349,345,58,258,823,4329,686,167,8,123,-265,-47,84,-47,217,-4,145,1575,1514,67,-45,445,-19,34,154,9086,58,-41,99,1399,15713,-6,8,1390,-176,43,17,65,336,306,230,6,-13,495,21,-95,406,99,1073,117,152,219,365,156,184,156,-26,-91,278,160,375,106,30,6,123,67,106,975,460,212,65,-499,136,54,541,-13,-89,17,17,106,960,19,128,-152,228,675,34,-13,223,249,67,-58,193,169,34,47,91,649,319,-756,-39,-80,947,93,260,86,-17,30,815,260,234,778,545,-63,-34,78,467,30,180,141,78,30,67,76,-84,234,297,269,602,888,306,-17,30,126,-23,371,489,10,319,469,230,375,-67,63,145,165,-82,86,23,-143,-82,158,149,163,147,13,169,71,89,-32,425,454,95,-32,78,1149,-241,-123,-310,195,280,121,417,110,32,880,71,6,132,128,154,49,-52,113,719,91,336,-932,167,-154,10,-34,406,-6,502,-186,89,478,132,54,23,184,41,406,-47,-6,117,60,8873,117,32,0,236,391,-195,43,554,-360,-2,163,215,60,106,-63,69,199,-1362,2,0,43,434,-26,951,36,145,-2,2097,45,89,102,539,578,30,3160,-63,210,-23,-4,-43,0,-19,915,28,269,17,-104,2536,289,80,-26,4072,688,278,-178,217,-145,819,2564,393,43,171,-82,-45,21,20723,189,89,3490,649,808,232,210,13,330,-265,-1321,208,-191,-163,-271,-569,-178,221,-193,126,773,5244,649,173,-19,-182,358,473,-47,410,47,-17,163,45,532,204,-417,136,26,-52,28,828,-99,-156,-56,-99,99,-408,-67,273,-4,-23,-217,-8,-241,89,102,260,-19,-4,-15,2562,128,113,30,1862,22725,221,19,178,430,-110,147,-349,9152,-30,-217,82,-21,-60,117,623,26,24928,119,-41,-6,156,65,-160,308,23,-199,10015,-65,-63,106,-95,452,24248,2,-499,-78,41,47,0,154,-247,947,180,-97,-15,-26,3499,82,445,169,18860,604,406,169,265,23,52,69,-97,-26,49,-56,9599,-52,2,-8,36,17,271,230,-245,-171,-262,136,45,-113,197,10,63,-354,204,586,15,-289,206,345,41,-169,-13,202,-152,586,182,147,141,26,-160,-113,-149,60,13,278,-173,134,-136,149,-54,0,17,36,315,249,28,1349,-126,-197,18452,-97,404,130,276,132,-56,-119,-28,-93,73,-128,189,10032,110,169,323,171,106,34,530,156,-76,154,-52,191,-80,-1599,11575,21,136,-241,4520,-43,-21,-19,11886,-278,254,23,254,45,-8,-126,445,184,152,-95,308,-176,1716,319,130,78,52,-362,-17,269,302,393,-39,6,52,-276,19,508,1434,378,1014,210,82,-119,102,-41,838,121,539,-28,7687,-84,221,917,828,-136,-89,47,10032,236,219,156,512,113,-4,567,7948,-145,299,54,284,173,295,58,-104,154,-56,21,145,-478,143,86,26,76,121,2621,2073,117,867,638,19,173,423,215,210,2134,904,0,-97,-17,-91,795,-89,3366,-8,-2,399,32,6587,215,-160,91,-430,-47,134,-176,21,-19,97,-60,230,812,97,380,-28,-6,-69,84,354,117,2957,39,139,195,32,-10,23,130,-49,182,13,54,534,52,-76,26,217,771,-2,208,1160,36,1417,113,367,-147,210,60,19,-104,102,208,28,-58,1858,2,-256,36,69,-71,69,189,-78,2125,180,-373,612,47,36,119,-436,184,-186,430,-43,169,-252,80,-76,-69,-36,-167,265,932,-43,-706,121,-317,37795,15172,-13,202,-343,178,82,21,273,228,-230,56,436,147,78,65,93,1832,-165,328,182,13,52,84,732,-71,399,1141,21,41,71,1443,60,54,134,973,995,56,36,-43,-69,-104,-45,-10,2292,-41,49,10,315,-136,-163,-236,67,30,-39,1925,-99,567,6,78,867,173,-67,-17,478,-110,484,12225,10,354,32,63,1171,-13,428,39,291,-65,239,-43,52,84,-280,-15,67,13,26,273,443,-13,204,19,-849,228,386,58,665,532,158,152,119,-134,328,10,6,43,-21,328,76,136,1332,84,323,82,-562,30,-475,-241,171,-1006,-126,380,106,84,1186,199,-23,8,152,86,4012,-41,210,60,-221,704,371,745,47,-89,519,291,228,430,-8,195,108,2086,12129,13,1347,5857,106,-8,1260,280,69,17,1143,462,434,186,6,82,82,841,45,204,54,-32,106,-2,4924,91,-143,189,39,308,849,-30,-47,1693,115,-319,154,169,134,443,-49,395,-23,102,-330,-169,-2,371,-519,245,449,3399,428,1204,30,-121,67,154,-32,336,449,-132,-13,7089,41,49,39,-36,-28,4,-332,52,-304,-28,143,295,525,823,323,28,319,4,119,545,-604,73,391,-247,21,-186,-43,-102,236,454,680,71,-15,-26,0,145,65,76,-19,1738,108,-128,-19,-197,154,173,1695,13,-91,165,119,-49,-178,67,130,-45,1425,254,171,-60,171,-228,80,189,-65,60,304,-34,132,19,-65,73,-6,-421,969,221,169,117,30,121,-43,252,21,-19,69,578,47,1301,404,215,912,-17,-67,-69,928,23,45,-23,321,-149,262,210,-58,139,-76,-15,269,536,243,893,-28,152,-28,945,67,265,15585,717,334,71,58,215,39,80,199,63,104,408,625,58,691,-15,128,-63,2,10,375,71,788,380,202,34,358,43,145,99,254,-8,-56,-32,356,108,-4,32,30,-104,149,-10,-23,-371,-210,-491,28,-54,-4,67,56,-256,278,-417,80,123,19,265,49,82,165,210,339,-136,517,469,30,299,-34,369,173,393,154,58,208,599,-67,10,269,52,408,-71,60,19,252,69,93,-97,323,32,480,828,1310,108,102,15,-143,-32,226,121,39,99,280,-32,117,-89,-76,-152,-482,10,-554,8,-32,58,467,-132,43,-128,-139,2121,95,-8,23,502,8252,-113,-30,11138,-69,-15,-4,-404,-4,286,-39,249,104,-71,56,-193,32,243,-236,152,1653,123,-21,688,178,104,791,39,-17,684,1056,-147,-41,20506,267,-341,1338,80,4,67,108,13,-17,95,115,575,39,299,89,69,-30,60,0,95,993,84,39,441,1167,806,26,-93,-212,1708,-65,360,367,115,28,-276,247,460,1034,106,-32,173,49,-245,317,-26,6,19,139,8,-4,67,145,-191,-252,7626,71,25774,28973,20795,28,54,23,-43,-106,473,173,4042,99,69,3251,228,2788,-317,89,-6,482,1827,-10,23,69,110,1595,130,21,510,-210,-260,2251,-71,154,-80,1280,278,4505,19,2551,-117,173,254,54,210,293,-54,54,-6,176,-173,-108,147,1788,108,-39,452,1647,406,515,1423,202,215,-54,447,202,141,347,228,341,595,123,-10,-102,11729,-65,27536,293,95,17,-254,-204,-80,26,323,39,-110,-8,10,97,123,245,49,80,-76,67,-32,136,115,0,247,10,158,58,-76,-113,54,2968,8,-73,-63,-439,8,95,-21,-110,-23,2103,284,-378,56,-65,-265,15,-160,-45,421,71,-163,-323,69,126,1536,-26,171,-19,10,6,573,-26,60,6,-156,247,399,536,495,67,197,-160,273,302,286,2,15,65,541,1106,-123,517,8,73,13,1306,543,9986,486,-347,901,702,39,43,-23,-317,234,-71,2375,84,223,295,619,734,95,2,8858,-58,-13,1043,365,306,308,173,54,423,804,549,-95,1221,3881,163,54,304,15,-15,1297,567,223,1999,173,160,3946,554,293,423,169,56,17,-86,4,8,-23,71,160,104,297,297,104,-13,491,-39,806,1036,67,236,299,45,378,1780,102,4,745,-36,-19,228,267,2,47,69,32,56,82,195,63,247,-104,749,191,-243,-23,326,21,247,8,39,0,2,13,163,-276,189,45,-63,19,93,-67,78,795,265,534,-160,78,762,-80,817,389,-282,95,2684,60,0,-69,336,2,1212,-52,0,1001,354,-73,56,32,91,-176,-30,-23,402,-43,-10,291,45,19,173,-8,186,-291,-34,-86,-34,80,86,-110,30,-30,89,-2,-6,-6,60,23261,5563,1236,-41,21,95,13,178,199,39,104,-15,134,45,-36,-6,80,-126,960,221,-152,28,1319,-17,8,-108,-97,178,1775,-43,423,252,399,-2,141,502,-210,882,119,5533,347,949,21,4,-158,-26,697,178,925,39,147,102,612,-39,108,262,23,10,30,-23,365,-312,69,273,345,36,11868,-615,665,276,6,523,-43,1108,95,58,2,-780,284,184,41,30,-121,-80,282,-82,860,19,851,47,191,165,1290,4005,2190,84,-49,-123,171,-134,169,-39,-63,89,260,104,556,-130,165,-63,132,-4,97,-13,-241,10,-173,1575,171,39,-217,136,265,143,1225,-86,0,1747,-63,-158,491,-8,-28,-15,6,4,-28,197,6,160,-26,14724,-71,158,621,-26,399,141,643,332,271,212,130,145,49,4036,41,-139,65,382,126,97,13,1075,30,8,18980,130,28,-115,178,32,186,13,165,147,539,4,73,273,415,17,425,86,-582,0,-249,-232,60,1036,-78,149,-6,3425,239,-189,13,13525,241,-219,199,56,202,-13,-97,154,1136,2545,82,-41,115,284,1364,126,204,923,1008,30,-145,-65,76,-145,102,45,232,-19,243,113,-202,523,-132,1012,84,1321,63,123,228,452,32,99,-63,-119,308,328,-52,178,149,280,10,139,32,312,15700,278,-93,362,178,69,141,286,302,836,406,-58,47,-182,115,315,8,145,1012,384,119,104,404,110,310,-49,221,89,243,362,189,56,-49,-280,-32,52,443,-302,1232,1619,39,706,-115,-41,254,128,210,1093,795,745,260,165,0,160,19,-176,-2,380,-186,178,-15,173,163,254,152,-76,-113,2699,512,206,69,-43,-17,178,530,276,-54,78,-221,-47,-71,276,128,73,67,-52,-84,491,8,-28,-26,4,254,89,78,-47,17,236,23,-1049,-56,-2,-91,154,36,-19,-49,330,389,617,121,-56,345,21,652,-36,-19,482,1677,-19,10,30,-254,-34,6,-82,102,-110,-10,165,721,-136,167,-2,-32,291,-8,4112,28,110,193,-134,47,39,606,-208,4,34,2597,189,45,84,-49,63,139,-212,680,-108,32,167,-36,91,15,375,136,-76,336,93,121,-30,10,78,63,-13,91,43,13368,139,132,-226,10,45,169,-4,1138,126,-163,-17,-2,134,-60,173,-19,56,-104,-13,110,-249,-26,523,6,343,-32,28,-115,-2,82,439,-126,152,106,-145,660,21,219,204,-632,-49,6,36,-52,60,32,178,113,-71,-36,219,-134,-36,582,536,-32,-93,65,156,49,82,571,-10,228,478,58,6,-165,176,-71,243,-180,141,-10,41,3199,184,523,-197,543,78,149,-58,65,1067,45,136,432,-391,228,86,-545,323,-60,145,76,428,171,15,686,-17,21,336,-110,-56,28,378,-23,8,52,-41,134,-102,310,47,215,163,530,60,173,623,243,-45,445,-78,619,360,69,41,147,0,452,141,123,-17,139,60,849,41,406,63,-93,36,-521,393,434,567,652,86,-15,28,321,71,580,-71,399,-34,-32,1784,-17,206,126,-49,15,-143,-210,154,160,49,-276,-149,286,-54,17,45,295,389,-82,21,123,156,-71,10,-17,128,52,184,36,219,217,6,291,339,-121,-8,258,47,2,280,2445,493,99,21,76,15,11812,349,2957,47,638,1212,93,167,65,67,321,2,260,-104,-71,17,484,195,43,-134,-149,63,260,3007,43,2,-130,-15,-28,256,15965,17504,163,-15,345,73,-19,-13,302,-10,-156,67,139,39,28,30,-6,306,-93,143,-58,-34,171,95,-13,106,847,467,65,136,39,191,30,28,45,330,417,2292,76,-239,18491,24166,18871,10323,15357,23151,7719,641,267,99,-152,319,128,34,278,73,49,-354,-84,693,343,-102,36,165,232,-19,-102,291,15,-15,-80,208,152,26,971,-36,-30,-26,-28,-28,-15,-117,93,84,6,267,132,-56,86,39,-93,647,276,-156,39,-65,121,199,226,-412,73,354,-67,93,115,78,243,2,69,119,393,49,147,-58,119,-95,63,23,17,65,2,21,312,80,13,-63,26,-302,554,-6,13,39,262,210,-102,154,908,352,89,36,-497,239,41,208,195,10,217,41,10,525,236,-34,1356,-8,86,54,-21,19,412,297,41,84,2121,28,171,121,115,108,130,282,191,-15,439,-95,636,126,169,758,128,910,-152,-4,160,84,89,491,58,-143,89,-80,704,497,67,41,165,230,8489,15,-136,862,326,-104,10,247,-28,-2,-97,252,117,-28,-154,41,-34,-4,-6,-26,82,76,-32,-221,-84,299,58,-197,341,56,-95,-108,-63,-65,-234,243,-19,699,52,-332,191,206,80,243,176,891,6,104,-86,2499,-93,102,117,286,-141,65,-249,-30,-49,430,60,1217,76,1962,26,243,695,43,-60,-32,43,6,32,154,171,-69,186,293,80,141,219,49,278,-247,-71,543,193,1856,58,39,30,78,-28,-21,34,332,-93,-219,110,41,45,484,-80,993,10,-208,347,-65,121,89,382,145,-212,-315,13,1127,569,-60,-28,291,-113,-45,84,169,-95,54,1093,56,106,78,-49,515,-97,489,425,73,191,-569,247,-28,128,19,23,115,-30,0,184,-2,6,-13,-71,-232,1214,336,128,145,1171,478,482,143,58,580,-289,199,256,-32,21,43,415,78,36,73,45,223,-556,499,1875,469,97,47,-104,49,91,26,1675,154,-512,-58,110,695,17,-106,-58,532,1647,239,73,-78,-165,67,-276,-54,-52,-34,208,6,4,-249,247,158,128,76,13,-452,-691,584,-47,41,384,-54,-6,158,404,2,425,65,-210,1078,641,693,895,260,-8,-4,-184,28,17,52,0,-86,102,15,-32,-69,-232,-102,467,-80,636,136,-230,530,-47,17,293,76,-2,47,36,-54,-189,117,15,199,-10,52,193,-136,-8,252,497,-147,113,367,6,26,78,-45,132,352,254,2269,49,299,-210,-134,-34,312,199,725,158,356,23,108,13,3662,-30,152,141,163,293,1130,291,32,658,1084,10,32,206,-2,-52,54,-6,332,147,108,69,315,56,97,271,-291,354,-60,306,-76,-91,-43,339,389,556,254,465,91,-54,-56,128,58,-86,399,-97,49,430,167,339,-91,-195,241,143,0,23,332,145,60,571,102,-67,606,306,84,160,17243,-67,169,63,310,178,775,-186,128,-73,-36,1814,58,-6,304,191,36,617,-56,21,13,-4,421,73,4064,39,36,1114,63,80,1525,73,262,371,878,291,517,2329,-47,710,-121,947,-28,193,63,193,63,3807,30,-762,434,408,-154,-28,41,-23,73,751,173,-45,80,284,49,56,6,189,-373,56,-36,543,-102,804,-82,586,-47,-36,93,0,115,-45,489,43,0,558,-23,113,-43,182,158,0,143,126,108,26,119,19,226,819,241,1958,80,710,189,-130,-751,-45,119,32,128,34,191,-156,1095,76,165,65,58,60,369,375,39,439,19,69,-19,45,452,232,449,73,58,-4,106,106,871,26,30,421,9286,284,126,32,91,128,-71,-65,178,749,110,-60,102,199,-52,652,69,97,63,54,319,28,189,158,-78,76,-23,113,165,-73,26,219,73,65,-4,-239,-163,23,180,-6,-215,341,256,117,-41,180,278,-13,334,-30,136,-32,65,8,-115,210,995,239,-167,0,78,26,-23,165,-995,782,-17,230,36,3266,-36,-108,21,-143,63,-241,-354,-19,195,110,104,13,182,-6,36,1032,21,732,65,2,738,45,-15,-176,41,-23,-71,306,197,269,891,375,23,-45,-60,310,417,26,949,210,82,-26,39,121,204,265,-8,10,47,-65,-136,63,345,617,117,39,-2,43,119,-84,28,473,104,293,49,-678,117,39,32,228,517,71,975,-30,6,234,-52,36,186,-93,93,139,117,391,-49,139,182,-43,-4,884,30,-26,204,134,-6,421,32,113,113,743,156,45,49,28,158,8,286,191,21,523,47,575,625,176,-204,289,369,912,-245,775,-163,1054,-21,247,13,-89,71,195,-141,-19,8,-199,52,2,78,417,399,156,106,49,234,2036,686,13,317,506,104,10,28,341,-176,273,515,2,0,-6,60,4,143,219,1064,-199,186,136,60,80,173,-173,2434,-245,297,80,154,17,86,65,245,254,380,54,32,-49,-15,17,95,360,-4,-193,128,0,308,-80,1517,69,4,165,480,110,145,126,754,47,186,-321,15,8298,295,2953,67,-76,152,-71,1277,208,497,-425,115,204,99,1171,-26,-15,160,328,-41,160,-8,-69,23,73,6,8,154,282,-191,317,334,47,10,99,136,423,554,67,19,349,23,67,30,-15,286,217,212,6,41,56,-17,-86,534,56,-19,21,178,34,825,52,76,102,-28,-239,19,8,97,86,19,34,208,469,245,30,-30,80,13,449,-91,410,182,191,-39,212,-19,-110,28,49,249,2,502,-10,230,728,152,465,65,78,425,41,373,204,193,34,19,76,-32,28,456,-23,-8,-243,-47,-456,180,110,-32,-65,-43,217,-26,-191,-32,156,69,1175,-23,149,-236,26,219,-221,-228,923,108,30,13,-67,934,156,680,169,139,89,56,106,975,115,-52,43,6,60,113,247,34,-84,-304,104,665,634,232,-113,-56,-8,236,404,10,-69,-45,97,326,110,-308,141,26,-95,484,-26,378,-97,123,1086,239,128,0,13,104,160,582,-163,-173,128,-13,-71,23,-28,-39,208,1049,-182,719,39,-28,84,256,243,91,232,258,1506,-4,358,13,247,-41,738,19,334,69,-317,-54,3355,-6,-4,228,226,717,-23,-184,41,65,365,34,580,13,160,65,110,10,15,93,171,19,3362,486,-52,104,565,-41,69,-199,634,1508,1382,-106,336,2679,421,-165,4761,-121,-15,202,63,378,89,126,84,-65,117,54,6,273,1386,4,-21,167,-17,6,19,2299,41,2136,-13,193,39,47,15,-30,3670,0,-10,-63,-223,-60,165,1940,228,136,139,4466,-28,3629,39,49,-58,289,102,445,117,119,23,256,260,756,-612,26971,41,389,67,280,21,425,21,2016,2784,-30,-47,128,-13,-93,197,312,236,19,-58,-30,19,23,36,-295,443,-152,71,-17,-60,19,180,-586,15,-49,-32,0,15,28,-13,-165,67,43,604,-69,199,-99,230,19269,-49,93,3542,69,99,402,13,132,460,-10,-19,-2,-49,-356,41,393,93,2,69,141,1934,-84,221,6900,423,30,-106,204,34,-67,4,645,419,10,104,1793,52,404,-419,625,602,3186,-13,4398,-8,93,163,282,693,3049,315,-76,-36,95,358,299,119,134,115,141,741,10,-54,86,-28,7017,1417,-73,-17,76,5829,163,110,719,1397,199,84,-2,3031,6,41,149,21966,4,67,13209,2523,-67,662,47,443,465,4624,-19,549,99,154,23,-330,756,52,402,421,3340,232,-126,31305,315,97,2036,139,43,-21,-17,182,-117,45,12527,1177,43,193,134,0,-56,102,232,-212,-102,17,49,-560,-82,-10,89,4,58,-171,-4,106,443,156,197,132,-2,65,89,163,2462,-84,5394,1349,202,-49,8689,241,-86,1021,19,-410,-256,11810,354,-28,-165,-60,-19,-117,343,897,293,26,258,-86,89,297,-76,34,6,617,456,749,258,65,52,69,493,2,16313,2362,-73,-30,-13,115,14631,-102,1034,-10,56,1816,480,69,32,0,82,136,2,28067,11816,19,-34,0,95,867,741,352,215,-143,6237,-102,-67,-15,84,-30,56,52,1947,4,-412,-30,71,-212,-326,-169,-54,178,2284,399,230,0,-86,2,6,-73,104,117,-304,191,665,30,130,1132,4655,454,1569,-28,41,32,1004,7585,310,95,86,-78,169,404,0,176,26,202,410,621,-4,163,549,119,1145,219,45,675,93,547,1421,193,393,1397,20047,832,69,160,195,165,199,-282,171,895,47,217,21379,132,243,19,-39,-102,73,358,747,228,-56,32,484,67,230,265,862,2045,-128,2658,99,11197,130,15,-17,58,49,-43,-54,4,-54,-17,-47,82,362,780,26,219,139,176,-221,-97,54,-73,249,784,345,412,452,0,243,-219,8,28,17,26,-10,110,862,43,-47,-73,189,110,21042,-199,349,30,-56,347,130,917,-197,1327,-173,71,56,47,643,-80,215,58,160,130,282,13,19,60,-49,-236,319,284,25272,11412,921,1567,1923,91,578,1414,234,136,3099,160,54,180,-725,-249,919,139,-13,171,180,486,1988,280,71,573,39,-97,2988,117,1560,136,2749,-245,241,32,191,132,549,78,-286,-65,428,-52,397,17250,-113,54,2,23,1299,126,1764,1082,241,-6,80,71,141,389,582,399,699,1843,1369,39,26,113,-71,641,386,17,323,-13,-4,191,812,-17,969,-15,-8,421,2445,688,197,180,-54,108,-54,228,67,123,69,467,291,17,-6,58,0,323,228,480,756,462,386,-54,67,32,202,45,-104,597,3344,2718,28,-49,1464,-113,204,-39,4937,-63,-58,-58,-19,-17,291,123,-191,76,-26,6,847,39,154,69,30,575,182,419,119,-2,12134,97,78,-123,-154,-78,2077,-26,-58,421,404,-184,43,167,-17,139,26,99,1151,706,197,-334,304,32,212,754,765,747,27058,389,6348,315,202,69,289,295,67,58,-393,-284,-28,28,160,1127,128,21,-6,-19,28,-4,317,10,86,347,152,-69,-63,8,1014,1421,54,-60,93,-17,136,-34,-130,99,606,-108,45,2332,47,115,-210,321,-15,115,-15,223,-152,-10,178,302,136,-26,108,21,71,-93,-6,110,65,49,-147,65,47,-134,95,1736,1034,39,-113,15,6,354,291,386,332,73,21,-45,39,-52,15,178,949,-15,317,273,-26,-6,-15,236,299,47,32,-143,19,178,1458,-56,-371,-113,102,136,41,-43,115,1171,184,-130,45,-215,173,15,117,39,582,-358,310,293,-182,-30,-121,-65,241,447,54,202,28,21,-45,28,-34,-39,660,76,1030,-113,269,-15,710,254,71,82,988,293,60,478,80,165,-52,149,373,28,110,58,836,171,45,-176,-4,128,-212,-69,123,178,447,306,-117,106,293,-65,-76,454,797,76,-67,-8,-647,54,0,13,-126,19,8158,54,669,113,102,26,-108,543,-245,47,60,445,8,260,10,978,302,-117,-176,-356,675,247,26,13,21,1219,163,65,308,-63,454,-49,343,63,530,78,21,-380,-26,-163,260,962,89,113,-43,243,56,1095,310,113,17,21,-13,-49,608,-99,636,439,-282,43,19,-1154,280,-10,41,-71,654,-212,-156,-462,423,-19,693,189,991,-99,47,147,304,1012,252,193,1141,-128,-113,-65,6,6,608,45,-8,1716,3433,-49,28,54,4709,2188,-43,32,-113,-28,3084,410,97,-82,54,56,47,-6,21,2340,69,36,-28,-97,19,-4,39,102,-249,154,32,312,23,808,-49,345,247,69,82,452,0,115,158,539,199,119,-28,421,641,71,297,467,243,10,226,165,-106,80,-95,65,354,-130,-26,-54,4,119,84,-36,-13,10,-228,-52,-89,-247,-232,19,110,421,28,52,-15,39,-86,-93,-6,91,45,26,-8,-82,478,115,-58,-58,113,10,-121,-339,93,1986,-236,391,108,17,86,-189,-212,410,299,-41,226,178,102,234,130,-54,367,-132,108,-67,371,-84,6,-215,28,102,31953,404,-160,1404,399,-17,-10,397,76,67,-152,6,126,-52,-132,-56,256,2405,-86,56,-49,32,95,1393,158,197,0,45,-10,884,1451,347,-56,199,141,36,360,234,11671,391,-4,23,89,-6,20708,1975,19,12962,241,110,-197,149,49,132,82,310,1110,19,73,134,91,241,328,358,2473,65,-273,30,86,86,632,156,686,428,189,-163,215,99,-89,284,2316,58,1093,-180,-4,19,-108,-54,47,-115,654,60,556,765,30,265,99,-1034,343,-32,97,4,-43,30,39,32,134,197,19,67,4444,1625,154,10,-119,60,1106,-221,397,-321,-23,1060,45,-119,373,808,649,452,121,347,39,-73,141,1162,202,-97,180,-104,-386,-110,43,21197,39,567,465,-110,36,-19,54,52,-52,-110,-82,-4,-15,2,119,-21,45,26,-115,-36,41,-339,15,-99,-4,954,58,-143,341,29136,-178,286,80,-32,358,65,2,18973,2568,43,152,39,-219,1223,502,751,308,202,512,-54,80,99,741,-8,825,39,15,4,97,299,608,-45,-19,199,21,123,734,2,643,-102,143,56,86,6,136,-13,19,-36,352,-115,2164,39,-43,17,1206,-23,13,32,19,-10,160,121,67,-345,-317,49,28,26,380,-15,28,602,1599,195,123,-19,152,321,15309,30,328,423,136,-139,599,128,21,1188,73,71,1610,254,-67,10,39,-145,-173,32,136,17,0,-82,1164,-41,-99,82,128,91,-49,358,128,36,106,210,26,176,82,63,-28,-93,-226,-8,615,-36,-247,47,15,76,382,36,232,1436,3905,0,280,-41,115,132,-84,113,26,32,36,110,167,34,60,-115,-39,-17,26,34,-15,180,99,328,34,97,943,-104,67,-65,102,32,-4,36,-19,6,360,36,23,54,165,41,32,108,13,315,389,63,152,199,295,89,73,173,49,19,241,-19,-30,169,306,-121,-134,71,160,45,-6,-21,-106,862,10,-4,-39,623,558,254,2,226,-36,80,82,-139,49,862,86,234,128,219,6576,299,17,-147,-15,15,10,-71,-63,71,-293,-267,147,80,1488,17,19,8,67,106,36,-91,1499,39,34,697,6,32,1419,95,1019,-21,260,76,212,17,104,1154,326,-80,2,-10,86,60,-36,36,-26,15,121,-23,-236,2175,99,-26,-171,-708,793,3946,-95,-102,49,-143,-26,102,-95,28,-41,1119,171,34,-8,904,208,767,-67,317,-849,-19,-2,-34,65,782,82,39,-408,-223,343,110,-56,134,139,199,765,1719,-102,182,-2,-23,-702,319,47,32,1356,15,369,91,119,145,273,113,121,67,20695,186,-21,-15,306,45,34,256,41,17,49,21,241,54,-69,-158,1647,1732,-26,221,-102,-4,-23,23,136,-352,-95,113,-26,23,23,625,34,6,71,347,-113,-28,415,-63,28,65,69,-60,273,67,-28,525,-26,-21,158,-39,228,-86,-210,247,-21,6,-67,2427,8,-26,-23,586,345,-49,-254,625,149,63,160,56,1101,1121,734,930,-604,552,-84,106,3462,156,21,43,-19,-715,24407,-65,508,78,69,-21,171,165,95,113,110,32,95,604,536,73,2369,667,1362,245,210,4,10,163,89,13,-139,2,-117,-23,163,30,-230,-130,139,993,154,-19,-115,139,178,102,73,89,60,197,82,221,60,-180,738,-163,-160,-102,-208,586,2851,254,-30,-236,2453,89,53204,33833,136,260,612,958,6383,2190,69,8,71,276,-145,126,32,197,473,710,19393,13681,86,21,41,30,102,949,41,54,128,386,149,575,165,199,-26,30,-106,-423,249,-30,-249,89,113,-15,-599,425,95,102,-149,-141,-73,328,-265,52,-117,252,-19,-147,32,-497,28,-241,834,60,328,278,-71,63,13,436,-419,265,54,13,-54,223,247,8,-30,6,-6,-271,-134,-69,284,345,1958,9545,3438,9617,-393,-139,58,-2,84,26,334,-241,69,-139,19,8,119,56,119,282,97,-17,-65,-21,65,1895,26,304,110,84,43,195,495,71,6678,-115,-69,15,321,-630,171,-202,239,-41,-69,145,106,10,2,23,617,447,226,167,32,123,4,171,-43,21,-36,-1664,141,154,-32,93,-21,69,217,36,284,-389,-502,938,649,378,786,525,-6,41,-254,65,-93,39,286,-13,586,36,602,169,280,386,267,-26,575,132,189,115,349,106,113,245,-36,1549,532,0,82,34,-17,230,-47,10,-34,-49,17,-165,-234,-154,65,-45,-749,117,23,-247,-276,115,847,18156,458,-228,17445,-56,-13,-6,-145,745,1084,1082,-169,4283,89,119,5746,3094,3018,-45,1260,-21,-45,139,358,-134,-82,1204,2751,386,18180,-163,830,402,1843,158,-6,541,234,47,15,-643,52,358,26,-89,6,-17,-152,26,158,412,-6,67,323,54,73,460,617,-256,171,41,402,1482,-41,221,26,1988,1047,-39,-65,-4,3879,2269,621,26658,12281,17,276,10,6,-71,119,219,45,191,-54,-97,15,2,91,-21,-4,-280,36,-67,-89,-26,89,180,328,358,-252,49,29849,193,-2,0,147,-154,41,86,-60,119,69,-297,-447,32,262,1095,99,158,-2,121,-199,402,-121,241,638,19,-30,0,-593,-180,43,0,1601,104,-41,1060,-56,-39,30,-32,-15,178,-19,4,-63,154,489,45,91,132,21,71,71,2810,588,-54,63,123,-17,-104,145,206,193,499,343,-17,82,-65,386,60,265,-354,-58,30,-167,17,-19,949,1508,441,-26,145,-23,34,147,193,-39,-60,143,-36,19,69,-160,-23,121,-58,341,423,1084,-84,356,671,969,28,-4,180,245,143,249,-126,-17,356,-93,-4,289,391,415,34,278,32,-8,-282,-130,-163,-139,78,-17,43,-195,-21,-71,-36,-610,-10,-623,1882,204,110,67,-86,291,378,2968,630,32,491,106,49,-310,-82,347,1043,149,7922,91,11014,19,-65,10680,1206,97,186,-299,43,669,-15,521,23,-328,54,719,232,56,52,130,621,-423,-95,-428,-30,667,117,123,2188,-30,-58,560,280,0,310,189,19,117,-195,-160,-71,256,-10,410,512,7428,10,-91,-63,-65,-249,143,1949,293,-80,958,306,104,697,-128,-26,2386,-26,-106,-63,-454,1023,73,273,-8,160,-132,358,-19,-647,2,47,-41,180,375,662,449,8,89,1251,-480,-158,717,456,215,84,280,10,3125,1764,8,-19,36,91,1086,226,91,665,217,736,21,-54,163,234,993,32,73,-367,-63,1054,47,-4,-502,-130,1014,267,1825,1425,402,473,-373,80,80,97,439,467,-130,93,1445,11108,76,234,176,2,189,-276,236,436,67,-4,28,199,534,45,63,310,332,223,1167,52,354,1310,276,102,78,97,-82,69,36,1651,523,236,93,-117,-4,-141,517,102,65,67,-47,-17,-121,319,215,149,504,-110,58,110,619,-258,339,2603,169,-56,0,226,-65,189,562,1593,26,52,102,54,334,149,-17,-267,82,-4,6220,-13,-4,262,-228,-34,854,32,167,-63,121,330,-317,849,34,-13,95,693,8,247,2,434,-71,725,-13,358,297,1273,-39,-43,178,36,-15,19,254,-73,189,1814,28,208,221,39,-356,141,84,-106,47,130,-247,19,680,13,195,189,186,130,599,145,523,97,0,80,91,95,78,-10,-399,252,-34,14453,7409,-180,-141,80,691,41,17358,41,-19,17,65,78,-80,49,195,-8,339,152,67,60,-54,-36,8,-41,-10,91,23,97,149,165,-69,-32,-447,73,26,113,134,99,123,-52,-99,63,36,63,-54,45,-6,32,321,267,63,106,458,-549,243,-8,415,378,302,-32,52,-171,-8,126,-110,-30,460,1071,-139,421,491,469,-43,-617,-65,-93,56,-28,-73,497,97,715,256,-156,-63,-71,26,215,-469,289,584,149,-89,447,-102,69,52,134,108,128,489,176,210,545,1984,267,230,273,43,119,588,8,-362,93,-160,82,16982,82,23,47,47,239,-93,167,2062,73,276,447,5083,82,-91,115,191,-193,141,80,-63,36,843,132,575,-71,-54,78,60,-34,271,102,804,-330,-6,13,369,210,5094,6368,28,569,899,-26,5031,93,17,184,-828,67,84,202,247,975,-41,45,-36,-241,-375,-219,-82,34,1023,19,56,271,-49,-45,-362,76,-136,149,-26,-108,-354,319,306,-19,-23,113,-6,130,0,178,-34,588,0,-63,-173,-43,-230,2038,176,-236,-710,1701,11193,-47,147,-176,332,532,123,197,762,-258,-102,578,367,0,-21,847,58,-71,34,282,-17,54,1034,-17,-345,-2,-80,39,565,6,-95,4,997,-23,176,58,-6,-886,-91,693,1836,354,-1860,80,23,63,647,76,34,-21,339,156,41,1414,715,-47,208,41,547,860,395,21360,1879,-552,234,36,41,8,93,2266,36,-528,-1108,-217,171,8,-762,180,-30,-915,695,-241,-130,-267,2614,47,13,147,545,404,4461,441,65,1119,95,-128,2097,3392,-15,-302,-186,-110,0,11777,-584,-2805,-3555,-7626,-1017,-178,321,743,-15,-67,13,-149,82,182,384,1993,5303,89,56,-173,-49,1480,3042,1208,-45,139,145,-78,-108,1260,28,2,945,184,78,-8,91,13,156,845,89,5422,-121,121,43,-547,-95,-39,393,117,6,65,543,119,-28,23,71,58,-99,113,-258,154,730,286,119,602,23,-197,-180,-106,373,43,108,217,-56,56,-82,-41,41,180,362,528,741,230,-45,18869,-6,36,8,71,8,69,-32,54,-149,30,-13,-58,1408,56,-36,-223,-8,154,-15,378,52,-49,-123,-19,6322,-47,82,212,86,202,-30,63,-34,86,136,113,328,13,204,89,69,21,226,-17,95,10,347,-23,321,95,163,54,-60,19,-32,580,-15,58,-41,86,3368,0,13,-119,-93,-47,262,8930,-45,223,-108,-78,97,121,258,-49,49,60,0,999,773,-106,-86,330,13,19,-6,241,78,282,-113,119,32,21,-21,10,-139,386,28,82,80,28,-15,97,-8,-4,623,1664,2,-180,-286,358,6,71,-119,86,126,-15,-89,47,-128,-13,865,-4,119,3012,1097,326,8,1345,-1036,552,-52,267,-67,23,-106,-6,65,128,-215,-130,145,-4,47,2614,560,356,49,-76,-28,-30,-73,349,306,2,26,-36,295,1623,-117,-86,2229,1525,-184,-160,-47,823,-69,-254,6276,106,152,3833,-6,-19,3940,4279,778,-375,-58,58,163,-119,13,-978,-141,36,102,156,795,-193,586,28,-126,154,-6,817,113,215,73,306,276,519,334,-108,-163,-15,2,-26,3057,404,13,247,6,512,-126,-78,71,52,-54,23,39,-76,-58,-10,0,384,21,217,141,-232,10,165,99,19,14611,15852,186,58,41,9232,7574,8,1247,-108,41,119,23,10,-26,43,-212,80,149,71,60,-210,-1351,669,63,297,36,358,2,423,41,0,1777,-49
67,-76,-98,-153,237,-215,-122,-68,-118,6,208,-25,-430,-348,-79,8,73,-119,-87,24611,27,70,-25,23,0,61,-59,-138,14,-21,-19,-140,21,-512,-307,-170,-32,231,961,106,-38,-295,11170,13624,14872,18996,27062,22681,267,92,442,200,1930,102,985,-19,215,87,-32,183,245,28,501,65,87,115,179,1505,216,595,-407,-179,1810,77,325,-109,-35,91,476,748,-39,145,515,49,-24,9,115,19,564,619,151,463,79,915,590,72,-21,5,320,152,23,91,-47,46,119,-152,19,1718,378,-587,434,-166,44,151,211,-600,-122,115,117,148,-223,57,-272,509,520,23,-218,49,-59,92,325,183,174,50,50,28,728,126,275,600,1026,-171,265,159,256,203,290,257,648,2,1073,472,87,-51,342,227,-12,670,-189,313,-122,1740,51,207,64,31,55,147,407,1196,476,892,24,87,-87,404,73,298,121,13,277,1462,380,-69,61,-99,95,-20,-5,-640,1,2484,-2,-5,-602,566,1388,21,51,-70,621,437,1301,44,138,-31,346,23,1132,618,1632,29,-347,49,70,3313,-397,427,978,-28,568,1306,-98,81,19,130,16347,-1,174,272,68,-24,787,596,422,47,-147,384,502,1403,247,2719,369,2331,5,28,-61,224,241,498,553,129,1171,238,80,380,-9,239,10,716,32,1434,179,-271,284,-47,8,69,-669,-24,148,-205,128,508,408,189,534,243,-269,-423,87,-19,780,8431,138,76,54,83,344,276,-100,12094,611,802,-13,679,265,283,238,877,346,218,62,282,189,540,12,76,4100,181,-20,-145,370,-34,74,482,-54,65,16,-25,0,440,1483,1095,842,207,451,547,910,87,121,1054,1554,758,216,69,399,-31,974,1449,437,28,470,932,148,49,-13,595,167,25,906,269,84,3004,241,1167,170,1613,92,91,13,429,502,313,6004,69,91,-10,923,3053,1239,479,-43,8,208,1271,380,237,384,220,136,96,-25,220,1910,1265,583,-490,219,57,-27,-62,-57,175,-65,5,632,69,194,389,498,223,693,502,189,53,318,494,-287,-98,1,654,2721,-133,-16,302,118,226,228,34,280,-24,35,525,599,239,46,675,117,596,50,1188,159,-76,215,295,211,609,275,866,235,1422,298,209,64,62,-62,121,-31,-53,877,463,95,302,346,-27,-508,867,-290,-183,-57,53,49,918,5836,-159,12,-40,-96,-164,220,125,10,113,-43,51,-66,378,-138,49,733,262,233,944,181,786,-28,173,159,697,966,-19,362,77,1,138,143,401,588,54,151,121,-70,271,506,77,639,203,137,1598,-198,-190,231,143,70,-224,4,677,1588,89,1054,50,528,401,44,-262,565,211,343,239,5,220,4921,171,457,220,1614,260,72,561,96,260,357,7535,577,121,70,298,-470,10,302,-128,242,121,254,2986,1629,125,27,516,39,36,111,9216,153,65,162,23,19821,98,-648,2613,-166,-76,179,753,404,290,453,88,70,1181,44,-6,498,138,1137,243,250,434,719,249,49,347,83,-132,474,21,196,239,14,47,143,53,98,396,388,237,193,-603,228,35,621,59,115,-55,119,309,3914,2,292,-242,636,1832,-98,-20,138,185,128,401,3063,351,147,106,144,1295,173,-396,-122,-69,467,94,411,59,13,17,602,121,399,705,178,-192,-2,5,407,122,89,46,-1,-14,188,171,-80,183,351,645,1170,793,1034,-117,38,637,62,393,752,-64,1256,746,84,754,61,-9,77,201,-137,216,-13,-73,-186,456,243,95,275,32,129,43,42,400,1128,505,17,53,96,257,-223,329,-114,583,397,89,911,287,328,399,-99,31,238,238,471,77,164,295,1151,1096,297,-1477,96,85,-17,10,457,27,730,-170,88,731,249,170,84,104,62,314,44,65,357,132,5957,113,245,138,168,982,-171,55,584,-573,-24,292,149,92,343,-92,-1,218,-421,29,147,122,606,-84,1106,483,100,-35,1517,149,103,-28,325,329,66,4091,-106,495,42,-8,10,-181,129,1271,-74,613,130,53,772,536,46,-111,2402,1154,113,-39,298,119,7408,3591,1628,196,324,66,-9,137,15761,550,181,2926,247,937,645,265,107,425,-250,-1272,599,-128,-407,-295,-780,-147,99,-264,175,158,2809,700,198,-21,-106,600,711,-204,292,-39,92,237,9,1077,203,-327,-162,218,-27,36,1432,73,-200,-36,-109,-80,-280,5,303,27,-247,-6,-87,-212,118,9,361,-192,-160,-111,2403,79,85,-19,489,22617,-1,-13,151,956,-159,104,-794,8317,-38,-128,92,16,-29,171,599,68,22534,109,-54,62,94,235,-292,470,61,-234,10103,-134,-42,125,24,1216,22837,17,-633,54,79,130,70,291,-384,1083,1801,140,40,21,9817,31,1947,328,24616,1849,-204,396,365,-23,247,318,-218,200,-13,-137,8088,-73,21,8,-8,19,470,361,-170,-85,-414,88,117,-19,-185,47,49,-348,382,705,-81,-658,159,825,79,-155,-55,327,493,386,193,76,288,-59,31,-43,-137,54,-8,351,141,106,-233,117,121,344,5,-104,115,449,39,794,-42,-219,11759,-51,551,178,198,205,-333,-54,-65,-79,-128,-219,395,9412,175,246,111,256,-290,145,547,65,-32,77,55,119,-149,-764,15887,1147,111,-346,3903,36,-35,-65,13166,-459,408,76,655,-62,-35,-645,369,119,152,5,215,-324,1509,535,-1,186,102,-401,-136,203,438,-94,-28,-70,-1,-626,79,384,1938,292,3056,152,115,17,-72,47,1598,58,929,27,9331,-36,218,674,540,-170,-8,69,10610,284,564,227,1301,95,81,167,5699,14,2061,551,482,203,64,10,-40,62,2,12,59,-68,174,288,547,-2,283,20520,2210,288,604,8190,-38,224,730,900,215,1320,1358,-19,50,-14,-87,814,333,2065,295,-42,386,-9,5765,284,-6,203,-365,-31,151,-80,0,-12,-58,-109,519,764,21,407,-84,21,-6,84,107,94,196,39,365,2092,-31,-28,42,8,-36,39,-44,99,434,-130,-4,306,-277,441,141,321,839,145,1289,39,547,-31,317,128,-25,149,175,-9,29,24,1610,-38,5,-9,92,-123,59,99,-88,2173,406,-399,1047,102,103,451,-250,44,-233,976,111,267,-287,87,-102,-2,0,-182,40,1165,-119,-501,-66,-470,27923,14236,27,250,-162,162,111,50,215,-29,-249,31,155,36,-148,46,-73,4010,-145,324,262,5,-10,47,795,-68,576,3570,12,10,-31,716,122,-44,126,498,2956,43,117,-61,-80,-36,-9,-36,1680,164,478,-9,258,-103,-123,-167,237,107,4,1475,-49,1049,21,81,915,534,47,53,568,57,733,9118,4,1249,1,-54,1910,51,794,62,182,-73,286,88,-1,546,3406,-35,1,-50,57,1569,707,133,250,-29,-636,1013,350,167,722,1320,219,673,98,-196,779,43,-62,96,-21,393,138,188,1620,23,436,79,-288,69,14,415,294,-1190,-2,568,55,12,645,839,4,-85,-98,115,3683,-38,359,110,76,495,361,1126,95,-106,1599,396,178,1223,-32,516,59,1565,10996,-1,2704,3181,1,-19,2598,155,388,343,1617,1455,671,249,13,110,8,1031,89,414,68,-2,-57,76,13545,1500,-32,313,8,651,1755,-490,-141,3249,393,-385,376,594,185,-65,50,94,-39,-10,-809,-29,55,489,-490,391,378,7353,637,827,114,200,55,-95,91,234,134,-239,-84,11105,76,254,91,8,-89,47,-531,136,133,-2,87,380,444,684,333,645,-27,197,111,104,-670,297,688,-99,-21,-203,-25,-415,340,253,-20,-98,73,-65,6,110,89,-164,560,1122,419,-269,-73,-253,-34,365,813,147,185,222,246,-28,-119,79,76,76,1290,31,99,-73,43,-201,249,-94,-13,158,524,-36,39,123,-99,69,8,-303,1947,250,196,391,2,228,-327,1061,89,171,-5,630,787,1603,970,305,647,114,-51,-27,1034,55,377,-46,287,99,324,167,58,77,129,39,152,1233,313,325,-1,36,10,1230,-31,152,17295,753,14,-23,-51,264,-79,36,273,88,4,761,1151,38,735,-148,35,-209,-155,76,352,21,479,677,94,188,272,16,-84,190,200,-62,-80,-8,306,290,252,39,203,-203,28,-99,264,-438,23,-673,-20,-158,-25,32,-1,-182,340,-471,162,138,-8,273,-163,256,-38,24,279,392,365,1986,81,500,-95,318,273,194,254,1,185,699,-106,-104,354,66,908,-4,-14,25,448,31,182,32,1452,4,233,2842,1710,309,132,200,2,4,218,425,-70,132,167,-68,211,-94,43,-186,-741,110,-512,23,35,28,914,-27,89,-99,-369,279,359,0,126,678,14938,-28,-87,12819,10,31,65,-474,-57,17,-76,-28,223,13,39,-4,113,-107,242,137,2464,148,186,590,-141,128,769,110,-17,1065,1365,109,-204,18332,213,-303,183,76,55,2,166,36,-51,253,-2,545,-332,204,-168,39,-38,-10,-28,2,1516,185,-46,280,981,434,34,-13,-137,1105,-95,-39,336,27,102,-483,540,1448,5533,286,-62,230,-44,-549,162,99,13,24,9,13,-73,53,429,-38,-133,22852,166,18359,19955,12999,21,-80,-17,-40,-412,1475,573,12764,88,-77,2994,-113,1152,-463,164,-177,882,1234,-107,173,102,14,805,114,-4,1522,-197,-342,178,-72,2206,-128,337,971,8146,68,1418,87,-399,222,122,10145,408,-802,77,2206,220,-126,-197,392,423,95,-65,596,1132,-80,312,1120,249,227,491,528,256,607,437,234,247,479,-40,354,-252,6468,114,24548,580,107,-2,-24,8,299,4,283,43,-322,21,160,197,186,2662,152,77,103,-6,59,153,166,153,282,-12,264,24,-83,46,268,3853,96,-54,46,-602,147,258,102,-19,29,2090,535,-194,-40,81,-230,258,-322,-20,1036,376,-115,-126,85,138,652,-39,137,181,-4,-61,436,43,104,171,21,452,479,204,62,235,9,-213,85,163,224,-13,271,539,684,5307,-426,51,8,-16,6,2248,502,12268,768,-301,591,307,36,102,-34,-460,227,40,209,282,69,200,1071,224,96,-138,6244,64,-47,253,1433,703,918,-8,17,294,1688,1911,-219,4061,1881,1215,-47,102,-64,-166,795,917,493,2257,182,55,194,46,245,1328,302,257,337,111,-40,-20,-115,59,132,510,50,516,125,-94,565,1,2223,478,118,324,273,40,167,427,96,24,987,-84,9,427,590,2,35,66,99,-55,147,212,237,449,163,654,267,-110,-113,523,43,519,216,106,283,62,277,371,316,151,99,-65,14,-46,0,29,1107,268,2283,-297,228,1778,-99,851,869,-9,340,2965,181,21,-144,662,-95,5077,-84,309,2413,181,388,173,241,113,-237,-147,-70,-29,-186,-147,290,72,-107,416,85,66,87,-23,-85,10,-35,70,-237,-74,-17,70,219,-10,62,377,16104,5942,857,12,36,247,-1,-196,501,29,138,422,-32,-19,72,53,144,212,2601,342,-203,130,6654,1,-268,-125,-69,219,2718,17,679,618,422,-24,681,280,-147,1632,-54,1024,527,84,87,23,-9,53,2714,17,791,84,70,-42,542,117,174,543,58,-9,42,-2,840,-189,24,470,677,-69,9464,-592,716,223,29,83,58,1073,307,73,149,-712,480,254,58,31,-436,-177,163,-100,535,-34,302,177,174,449,632,6227,6964,81,194,47,277,12,-262,-83,166,147,153,95,1900,-129,186,50,-53,0,242,-29,-459,13,77,2223,136,64,-152,111,314,143,641,-14,70,799,12,-129,332,-34,-149,160,-76,49,79,568,13,70,55,11234,-119,673,719,-183,327,117,596,257,566,419,219,-1147,160,4120,288,164,6,238,125,89,27,1304,35,44,15345,254,100,-152,351,143,265,6,70,130,1113,9,16,707,312,-69,2195,73,-376,-40,-190,-250,396,227,-122,19,-39,4217,61,149,-1,11687,1090,-29,213,23,1216,-36,-99,539,1373,11195,143,-12,23,564,2631,44,95,219,658,29,-825,-96,237,-160,171,99,382,19,98,198,-17,1772,-29,2545,175,508,-72,94,237,1297,13,128,-57,-339,-152,352,-277,166,102,294,-68,233,-68,667,371,425,-136,140,2452,168,929,388,433,2474,302,55,156,-489,98,98,9,148,461,279,42,21,256,163,467,-9,831,39,192,1058,118,-42,-34,-27,20,2688,396,-16,452,1967,-113,554,-362,-29,0,339,351,181,1091,1297,381,49,153,145,72,-23,79,513,-198,433,10,32,-209,2340,196,-14,-68,3083,1418,378,109,-138,-91,252,136,258,-327,842,-185,109,39,339,487,197,57,-49,-149,614,-49,-5,-19,31,144,317,196,-66,31,478,88,-765,4,65,196,2007,81,17,20,358,333,918,467,-65,551,83,114,85,39,872,1039,114,29,-39,-132,27,174,-36,474,-111,88,343,2276,-99,506,47,28,1050,-8,11819,55,309,735,134,-91,133,846,-536,222,16,1605,218,-173,80,-196,76,448,-246,817,34,-9,159,-24,173,-47,51,316,-205,-68,241,233,132,2,74,14,-10,178,53,11614,129,115,-253,100,122,53,-24,596,54,-159,-24,163,831,-40,54,282,4,-119,-17,92,-153,87,895,-28,2207,-38,64,-404,-117,4,205,-386,100,-31,-303,-102,-12,596,279,-429,8,223,44,257,730,65,284,49,-73,-243,891,-171,-16,313,426,-132,-113,23,252,68,79,771,-220,125,264,14,185,-167,416,-181,1384,734,185,136,121,4168,322,915,-247,741,167,215,-171,-98,250,24,121,558,-351,151,141,-374,219,-73,256,49,629,286,43,636,-62,83,460,-235,-76,4,92,-98,-14,153,51,95,-299,204,133,-13,170,718,-31,570,707,320,-151,271,-99,752,848,49,65,177,-43,536,47,171,-102,91,299,1611,39,802,374,-89,19,-312,160,231,344,128,115,-133,-6,291,166,216,-46,1234,99,-16,2261,-36,65,32,102,185,158,-100,581,163,163,-787,-121,316,106,122,181,366,348,-40,-55,70,174,13,277,-13,258,231,581,-1,190,343,-475,238,410,389,207,555,-5,73,175,1497,640,231,291,-38,-453,15860,336,2967,143,-19,2248,155,80,64,51,85,-128,416,128,-51,-40,476,102,64,-38,-73,291,370,2122,54,204,80,88,258,1041,18557,9019,134,-43,5,121,36,4,1139,34,-103,160,182,28,58,38,6,479,-102,128,50,9,342,118,-9,98,786,302,133,337,42,288,-10,-39,94,321,647,3421,76,-17,5628,17073,14021,10998,8532,22440,4251,313,448,107,-129,508,354,128,607,258,83,-392,-241,802,226,-84,171,377,367,27,-19,212,-16,28,-28,198,193,564,113,29,380,-110,2,-42,-20,-91,122,55,-159,155,-24,-455,297,275,14,163,588,-68,17,-95,297,231,325,-235,119,337,-109,5,49,235,163,125,129,148,748,119,136,64,-72,-138,168,21,-42,34,80,-2,158,166,137,-55,-1,-113,415,16,68,155,268,1015,-143,155,949,149,152,-47,-423,282,91,198,422,10,215,39,-8,204,185,-272,727,17,-117,-149,74,53,367,1090,4,34,1268,36,440,49,147,-121,570,189,133,-42,175,-9,797,95,194,1511,354,1625,-106,53,91,-61,23,137,66,-140,55,-132,760,23,361,64,223,316,6747,44,-167,565,-24,-31,68,46,46,20,158,555,769,-2,-291,162,119,5,49,-4,197,80,92,-88,-38,238,65,-227,-21,76,-36,-123,58,1,34,757,-6,1064,111,-302,208,178,129,540,-61,1590,-39,128,-99,3396,264,140,449,276,166,-55,-173,-5,0,640,140,1618,-53,1708,84,144,761,419,74,103,62,107,19,87,371,-76,92,156,158,628,58,5,395,-159,-178,371,325,726,305,58,27,47,66,-42,94,114,201,107,674,89,446,312,-58,59,-50,-322,658,-40,91,68,252,76,-431,-389,-50,968,1530,-47,-64,290,-223,94,61,103,110,256,618,106,171,-1,95,264,-43,272,235,20,181,-602,357,-138,159,-164,-38,243,98,27,257,-122,126,-24,9,-81,734,219,181,10,806,152,793,111,44,773,-395,218,230,-87,160,36,821,-65,50,313,12,483,-461,288,763,359,190,250,-43,205,132,-34,918,252,-442,-21,237,1125,23,34,4,1418,2462,336,414,-85,-152,46,-524,-21,-83,29,168,87,109,81,310,896,738,69,42,-474,-460,679,-65,352,204,-85,50,260,331,149,386,168,61,1148,685,241,1316,228,-32,21,-313,-306,8,104,141,-201,-64,-16,-196,-77,-99,-371,440,603,775,265,-290,656,208,31,519,91,203,5,122,-16,-88,119,846,513,43,4,309,-20,13,536,690,-246,231,550,-20,49,200,-94,132,314,269,2922,143,2342,19,72,19,1280,380,866,219,806,-51,222,-14,2527,-12,286,46,38,648,1305,393,-39,703,2977,5,-17,258,-43,-156,-14,76,707,188,170,408,95,277,494,688,-329,220,-207,519,-588,-39,-126,249,325,991,239,772,181,-159,-160,113,186,-489,865,-143,28,743,554,275,-143,298,252,227,237,68,298,95,0,1254,207,103,731,491,107,288,18182,-20,686,-39,192,342,993,-144,397,-155,24,2727,-4,9,614,554,-44,704,-8,162,83,-149,331,51,3459,44,42,767,320,58,5736,133,292,388,799,354,645,1611,83,738,196,699,-17,1008,211,369,64,6325,28,-674,703,734,-216,-89,99,-17,455,701,70,6,303,550,6,-123,19,365,-572,-28,2,-4,-198,1944,-168,397,-290,-25,114,175,-113,-183,88,486,44,659,-10,-27,57,-59,-6,59,149,99,62,100,-47,-27,227,502,440,2689,138,-110,181,44,193,-40,153,50,303,-20,143,-243,1921,-250,-39,47,470,87,2135,188,43,535,-20,99,-47,99,891,147,693,98,19,65,301,-12,764,49,-57,440,8468,399,674,76,65,110,-113,-16,243,81,415,-77,23,209,-51,884,79,324,122,-32,213,12,83,104,290,57,1,128,324,-8,-43,363,17,106,-4,-95,-218,40,456,-23,-70,1858,215,257,179,34,594,-113,382,14,144,69,378,31,-83,283,1195,292,414,-6,103,-62,164,32,-1688,844,-193,-283,31,2761,-51,118,-70,2,-17,-230,-527,-21,230,6,231,-13,305,167,23,392,431,1332,218,5,1006,61,-6,-16,-50,-183,-8,24,-44,298,535,-28,42,-141,-4,32,1004,207,704,126,174,-19,51,179,352,498,62,128,181,-65,-57,381,433,83,253,43,317,4,104,-94,35,615,328,606,376,-573,79,-10,129,218,576,-9,495,24,111,342,0,74,173,46,-8,-211,181,842,-40,464,254,-51,-50,1000,153,-25,429,193,25,636,61,167,99,823,579,-106,54,84,196,125,1677,374,40,192,39,1147,343,282,-421,103,964,228,-153,1795,-110,494,13,155,-76,-158,54,302,-140,-27,68,-376,55,-5,21,467,1214,243,331,92,243,1346,371,-38,156,570,29,614,17,198,-222,-179,209,94,55,-59,72,-61,58,460,490,16,-637,181,99,-16,138,-136,5273,17,57,-115,389,27,153,159,254,267,576,-47,29,-111,12,38,182,509,162,-322,978,145,371,-100,754,295,59,177,910,284,305,85,1399,-65,478,-85,141,6823,192,2873,350,-208,66,-29,1677,283,1087,-329,292,478,96,1107,36,-5,140,197,-388,50,80,-65,44,113,-17,14,84,220,-211,527,-384,-27,62,76,493,591,510,122,396,328,321,80,6,106,715,223,117,130,-168,58,72,-57,494,203,4,98,475,16,793,-122,49,-1,-58,46,-28,-46,179,651,-12,10,198,194,397,-80,-62,4,50,430,-196,426,671,-119,-54,411,-5,209,-55,200,277,-31,342,43,239,978,102,419,-10,137,660,44,459,182,189,62,291,276,-113,94,778,-28,19,-290,77,-938,130,-40,277,-27,16,96,6,-234,-31,508,219,964,81,275,-231,76,350,-328,-40,399,74,-138,-8,-74,861,16,558,220,275,-34,-25,126,1062,205,-40,47,24,216,152,228,136,28,-109,254,705,301,140,44,-70,-6,448,495,-58,-123,-65,128,430,178,-215,100,-16,-79,709,23,1113,1,287,1802,258,388,87,-43,126,366,765,-115,-436,374,9,-68,-73,-126,144,103,749,-160,874,34,20,336,580,536,95,110,83,403,83,504,55,287,-39,1193,51,701,159,-292,14,3820,633,143,262,57,519,-4,-36,-31,8,927,269,1306,12,333,219,614,-35,-17,121,0,31,7432,363,119,111,436,-134,-16,-158,692,2207,1970,-38,174,3664,233,-264,3339,2,-27,579,-31,200,162,261,62,-113,77,298,83,233,945,0,181,91,50,-23,58,912,13,4955,-718,3463,-6,88,28,-39,6116,68,107,-66,-242,-32,68,1943,760,138,237,4664,0,1207,143,73,-144,2316,69,431,181,209,147,216,377,1380,-602,25709,69,743,-46,515,-44,3901,201,2504,3672,-183,64,171,-1,171,100,286,421,88,27,114,-34,-28,40,-126,2169,-87,-54,39,-39,-35,2858,-1008,95,-76,-25,38,17,378,74,-174,410,-2,227,-111,13,19,1523,23568,31,72,1640,575,316,2744,58,441,594,84,34,-168,-95,10,219,551,61,111,118,175,2139,-12,167,8204,3140,49,250,421,-321,-44,17,658,250,23,286,1990,51,-83,-5,921,678,2454,-51,2875,-4,167,583,84,797,3238,399,-126,-10,-92,431,288,203,215,299,38,252,-84,-98,-51,-49,6530,2978,-25,-29,160,3730,109,301,786,377,233,-1024,50,2037,267,65,121,16873,-46,58,21519,4860,-303,1150,54,85,1115,2103,-23,911,106,151,348,-1429,243,-6,313,343,4401,889,182,27652,253,57,709,152,68,-136,-51,0,-137,14,16600,6014,-51,14,-20,8,-35,-85,162,-301,-72,95,-17,-459,-66,88,34,68,8,560,-122,272,581,17,517,167,47,595,-156,27,1073,-115,5707,1543,190,-10,7097,335,-211,2156,145,-312,-273,10981,118,389,-421,42,27,-62,226,1523,122,20,320,-5,155,371,0,-14,43,205,-65,91,493,13,-46,95,978,-72,15265,3015,-20,-145,138,61,13330,69,1001,156,64,2869,1242,-9,397,5,85,393,34,24748,11210,13,47,802,126,1591,959,663,358,-110,7648,-13,-102,-24,350,-35,9,205,482,12,-416,-21,39,50,-396,-472,42,141,1438,280,-29,-27,-145,24,17,19,13,175,-171,-29,1027,76,803,2116,5408,776,1358,8,100,42,-19,7258,504,200,13,-34,188,269,-77,333,-8,200,558,1399,4,177,2189,151,501,700,47,2320,192,1122,475,198,622,1602,17689,501,13,58,100,145,222,-392,286,547,100,208,18234,42,393,96,8,-40,5,881,384,295,-132,-21,508,256,243,358,610,817,-163,-128,92,9134,104,51,121,87,9,21,-43,141,-51,164,-9,49,357,865,-39,441,-166,262,-534,-178,9,-121,215,92,536,461,509,479,425,337,79,-27,89,-5,359,265,1689,69,385,-36,19,-25,19572,-91,9,46,145,312,152,1500,-310,475,-121,277,102,9,4496,51,764,69,483,94,421,-49,-92,121,-73,-209,152,329,22180,10864,850,1329,5679,227,587,2394,230,276,2753,299,148,373,-866,-54,1753,384,-19,224,163,96,7713,57,40,283,69,-123,3187,624,1778,216,2049,-83,144,209,129,151,667,64,-241,-140,433,-79,412,19181,-84,96,-51,-19,1259,118,2084,581,242,-32,-23,46,145,50,639,491,36,1073,247,62,-2,226,509,648,733,68,163,149,-23,79,95,103,1682,-129,-59,709,2188,96,190,115,197,17,-115,344,434,228,-88,566,591,13,-5,-23,24,198,79,768,670,566,256,-115,46,6,254,-80,-339,309,1081,64,6,38,614,76,189,-107,8618,-47,-66,74,-114,-59,275,164,-276,19,-505,94,1152,143,47,16,21,2009,305,171,13,12,12575,426,715,256,167,-8,2188,-252,177,297,73,-54,66,284,111,216,89,62,1617,1402,933,-84,153,13,109,1399,675,674,20211,479,6672,748,415,253,410,461,66,102,-554,-261,47,50,51,2061,10,46,31,-23,-32,-23,207,14,95,1675,183,168,4,65,1272,4299,-2,-25,73,-34,95,-42,133,317,613,42,198,837,163,340,-138,389,6,13,-129,234,-141,-55,174,272,9,14,50,10,768,-275,-2,207,-70,16,-241,73,106,-197,109,743,218,440,-151,-53,36,358,256,419,246,53,130,-46,-39,-28,233,446,1053,43,470,591,-47,-152,117,87,396,138,21,-412,39,-2,1122,-49,-351,-74,316,49,40,-29,174,1677,117,-224,-10,-222,336,64,490,163,483,-5,371,354,-271,-31,298,-59,651,203,0,218,79,77,58,-16,-100,-59,903,98,660,-13,557,1,175,588,72,0,403,211,95,460,91,234,-12,216,241,47,32,10,163,322,-46,-275,13,291,-392,-43,425,107,-497,906,-222,44,13,-73,-230,457,29,54,-121,28,-697,-4,-13,-16,-234,-91,15592,265,211,261,85,-36,77,2451,-136,185,382,783,5,520,50,823,106,-36,-53,292,452,212,-55,8,59,1012,404,388,388,-24,472,-6,617,47,539,158,70,-444,-6,205,535,1257,1083,119,50,264,29,858,412,84,9,-70,62,20,686,31,749,633,-147,42,126,-957,437,438,267,734,523,-130,-250,-223,350,-84,817,482,595,-13,-34,137,224,794,539,373,179,-493,-129,4,0,104,1918,84,50,1166,2484,-61,-21,81,6284,1309,-107,94,-114,-149,570,596,-64,-91,23,57,68,38,-5,731,156,122,-9,8,27,-23,21,279,-494,242,-38,104,46,1204,68,85,189,35,-44,471,-72,223,100,371,320,130,-59,572,1205,114,96,-132,675,-19,6,5,-12,201,-147,54,1019,-53,19,-536,35,145,123,40,6,64,192,-183,-122,-117,-122,42,237,528,156,39,-4,-16,74,-113,-12,34,50,125,-21,-12,461,126,-29,-32,264,158,111,-258,166,422,-173,415,436,-140,148,-62,-35,501,242,-46,445,273,57,381,230,-16,666,-188,96,-51,694,-388,29,-40,4,219,22977,749,-137,878,200,114,-185,380,277,228,36,-64,156,95,-83,-19,384,1705,-55,164,34,-53,261,-200,170,200,-16,43,77,846,-694,410,20,43,83,66,168,580,6748,327,-261,103,31,-6,11860,554,27,9087,820,62,-183,16,-40,466,234,292,2672,36,77,355,138,1353,464,-9,1064,47,-196,111,76,5,581,98,1463,3019,158,-201,359,185,-287,487,3037,24,1061,-58,264,19,-31,-8,23,-27,888,83,331,1685,44,329,247,-1226,347,-17,42,64,-38,-2,-36,104,17,917,-23,177,10960,776,-28,-68,-64,72,621,-162,348,-540,-38,2365,123,-175,152,1516,189,207,310,463,-12,8,148,1918,575,-62,247,16,-403,72,16,19831,-47,903,1162,-872,74,-98,44,181,-19,-122,59,29,-40,-24,-103,-28,-12,32,-79,4,40,-407,59,-140,-4,1162,58,-595,422,17544,-164,260,115,-31,494,-43,74,12869,6269,194,254,183,-175,1725,936,517,198,149,609,234,110,128,1252,122,156,92,107,-28,155,415,767,-312,-29,17,16,36,1056,316,782,-111,68,84,35,-21,76,181,66,6,1253,-258,716,196,27,118,3477,-57,-4,-51,91,28,95,128,461,-337,31,51,39,49,430,72,239,594,1573,575,94,-125,69,359,17061,-32,325,290,237,-121,1449,679,39,892,53,10,2994,369,2,12,43,-113,-130,-6,168,170,117,29,1646,-39,4,168,423,227,12,843,218,140,117,196,-83,85,42,9,-44,359,-6,163,162,-6,-595,23,80,159,-265,95,222,2636,4444,49,663,-118,260,98,-209,246,24,-13,-34,57,145,253,-8,-204,-316,31,91,12,-28,92,179,243,141,8,884,-83,80,-290,-49,96,-114,25,-16,51,519,10,215,155,138,21,54,114,-1,410,1290,-79,332,233,-271,480,303,332,250,-31,144,123,-35,216,681,-83,-14,301,163,100,12,25,44,914,5,-103,32,378,735,468,21,291,-4,55,151,-138,70,4391,111,163,144,-4,6714,325,39,92,19,17,50,134,113,87,314,-583,535,242,4198,50,705,128,133,137,151,508,599,317,27,1077,85,-17,3124,610,737,-29,42,17,833,53,-2,2285,644,253,10,87,109,242,-1,57,36,-35,44,-31,-168,1799,163,-80,-95,-438,374,15401,-129,-88,8,-43,-44,43,-324,-81,-46,1485,128,43,230,2612,227,926,0,482,-350,-113,-104,-6,73,818,-5,34,-614,-29,788,152,-129,122,245,618,7621,15383,583,247,4,227,-1355,399,-24,-34,1133,13,479,197,144,177,216,328,564,297,16698,408,-69,28,327,502,53,223,177,-103,-20,76,495,284,-9,-175,1034,1881,13,62,-291,-59,-17,-70,320,-358,-36,114,138,74,74,1295,66,21,118,478,-198,9,305,-62,393,94,306,-94,426,284,-1,896,106,35,99,-83,335,-136,-46,77,31,-40,-190,2425,-19,16,46,519,703,-44,-35,452,457,34,325,-35,1426,1185,1111,445,-500,3450,-74,-34,2301,-16,85,125,148,-799,40065,264,891,-69,273,46,117,235,59,731,62,-14,173,347,917,129,1971,606,5912,640,147,-65,17,99,256,-12,-72,-43,-76,203,-247,42,-252,-137,62,1329,767,-207,-231,318,14,222,275,29,19,-65,113,339,74,-89,1440,-69,-27,-268,-254,536,1598,220,36,-276,2560,29,23021,25026,61,581,-8,9489,23721,1817,44,-491,179,13,-34,474,79,2012,0,433,13034,10084,51,32,-125,-40,94,-34,13,261,141,34,118,926,1107,-370,-104,74,-652,-764,543,174,-228,81,113,-10,-505,257,189,89,5,-39,106,576,-189,35,81,-40,5,-29,-42,-367,54,-580,1358,0,267,404,-99,-219,5,619,-106,224,158,1,-53,-34,170,-2,-16,-20,-31,-258,-61,42,516,309,3118,10490,3685,11195,-596,-17,62,104,42,16,857,-23,400,121,1810,40,227,211,231,201,50,-121,-49,-123,92,4437,59,470,79,276,27,340,-156,-241,8072,-148,-32,89,446,-604,147,-262,343,87,143,0,152,13,106,164,1543,531,92,384,122,159,13,85,47,39,-53,-1759,389,545,-23,171,138,-369,151,21,222,-498,-480,-16,619,682,832,900,77,145,-247,-95,-79,399,357,-38,1979,92,783,615,1057,395,159,77,918,28,215,174,58,183,104,662,-80,573,77,-38,133,68,386,1201,216,170,215,-76,-2,-211,-230,-344,245,410,-633,768,81,-243,-358,320,242,23891,598,-114,21406,-133,79,-17,-254,1163,568,718,-1805,2648,12,133,8465,2642,2845,-14,753,9,-29,286,51,159,-129,209,175,95,-358,-230,-70,575,5507,256,-35,606,716,-73,85,-607,-79,565,110,-92,4,1,62,-29,35,264,43,-35,2080,1,69,810,144,-68,235,-121,542,1136,62,314,-12,3292,764,194,188,-87,4692,2966,885,22144,23353,166,512,49,-209,-25,-76,565,-44,357,28,-57,19,16,162,164,-49,-276,475,19,39,2,158,68,406,163,209,312,20662,467,50,-14,163,-230,136,57,24,177,83,-239,-370,44,775,1616,136,640,716,113,-44,852,-148,1286,551,39,-106,-9,-731,69,277,83,2057,107,47,829,-17,-73,-73,-113,-55,564,-64,25,-21,399,1062,102,35,328,55,70,44,510,509,-94,28,-66,64,-95,118,918,-13,286,39,-5,-40,-192,663,276,555,-685,-102,-36,-219,36,28,1242,-198,998,204,363,-69,-92,346,118,351,25,186,-34,133,36,-76,193,100,182,261,397,983,-194,483,861,2211,28,61,68,309,216,535,-28,0,742,-38,2,20,727,891,49,681,-408,43,-218,-43,-44,-560,193,-19,295,-133,5,-73,151,-493,158,-1338,2678,114,0,57,43,516,358,3339,201,147,707,83,94,-243,-77,-5,-246,69,8935,-166,10667,-5,28,15529,1667,106,98,-434,-12,794,-20,1538,-132,-504,13,227,147,-20,98,2147,5830,-189,-260,-177,-79,467,1057,211,15142,-53,4,515,-23,2,557,31,-61,-23,-103,-69,-19,340,59,5311,658,11929,-40,-1,-92,32,31,-51,1613,400,16,3707,3301,47,596,-412,-17,5637,89,16,-111,-222,1013,-1,442,-43,294,-494,628,-177,-877,-59,122,-55,305,329,842,389,-57,254,3927,-243,-64,316,664,163,295,104,98,3373,1729,-226,-14,114,-77,230,200,16,1129,370,1403,25,-4,411,-95,-23,88,119,-203,-32,985,102,-25,-701,-406,3248,117,-8,1737,-110,283,-51,55,354,143,306,893,-287,-70,1937,13785,-31,211,213,-6,144,-517,276,205,159,28,31,382,297,23,46,291,712,73,802,0,115,436,453,2,138,83,141,212,-40,411,1268,384,27,-801,0,-168,480,-43,55,1178,-6,74,102,765,181,115,380,-325,-163,20,1820,-216,-34,3157,215,29,-4,778,-21,276,403,203,269,-58,109,104,684,-32,42,-336,31,-2,9121,-115,-10,478,-61,1,1500,227,246,-29,94,512,-117,813,24,69,670,61,-4,145,92,495,-51,801,80,467,677,644,-42,-95,57,-250,32,20,885,-6,174,2150,850,396,209,245,-61,-32,414,-136,94,68,-117,130,152,21,241,272,200,357,549,283,1020,480,-89,73,371,106,8,80,-204,515,-2,17386,8287,-370,258,121,1631,-68,19298,89,-34,5,85,212,-70,13,177,145,572,152,212,386,54,-188,5,-17,-94,-14,-13,8,1338,727,-122,-160,-156,140,43,292,377,151,562,-62,-10,34,309,117,23,126,-84,100,1105,852,70,128,2122,-412,307,47,1601,234,464,10,64,-351,179,35,-34,173,148,1857,-196,1268,758,709,8,-711,38,-138,-8,264,-42,1460,51,362,200,-192,-65,-107,2,24,-560,448,776,231,-137,579,-453,-189,80,194,88,230,685,247,243,551,1396,429,297,209,-83,171,1113,-1,-121,234,-145,316,17014,486,-27,49,25,313,-32,70,3064,68,373,560,2737,152,-44,231,197,14,213,79,-55,99,674,208,667,-179,17,27,35,14,502,137,2151,-846,69,14,423,216,5964,5901,83,92,1090,141,4510,328,28,-119,-1599,280,130,614,134,504,-24,3841,74,-113,-188,-262,130,155,1425,-13,99,216,53,190,-189,201,25,448,-17,-189,-13,451,-6,-10,24,104,-99,38,19,10,-114,1137,4,-32,-427,1,-76,3971,8,-673,-959,2865,18358,-110,466,-295,534,579,130,320,1801,-152,-64,731,111,104,8,201,2,2,128,535,59,27,1321,145,-262,36,-134,143,400,-14,-203,16,884,-89,555,-130,-43,-812,-138,660,1442,94,-1181,-44,-23,239,1707,58,51,-35,325,233,19,2605,429,-44,64,134,442,2484,294,16111,3384,-366,166,-28,53,5,-23,1020,136,-1316,-1088,-137,411,-40,-103,1490,76,-377,741,4,13,-257,2890,-61,-85,129,933,769,3933,1602,-61,1445,373,-42,1125,4237,-27,233,83,466,14,15079,-681,-2240,-3089,-11234,-610,-164,500,133,-79,-28,-181,-39,254,361,463,2310,5815,83,54,-365,-119,1607,282,3274,-9,64,200,69,-440,3380,72,27,3050,186,-80,-51,99,384,512,944,34,1904,-43,336,34,-351,-95,27,677,149,125,-133,478,170,-103,264,160,109,38,134,-117,306,647,497,83,599,-44,-192,-115,-34,243,241,377,163,19,58,-29,141,314,193,302,929,869,-156,-76,15101,260,8,5,76,-25,234,-20,160,-471,-8,36,-103,1576,73,-160,-181,389,655,-42,332,220,-111,-204,46,64,-114,197,-50,227,261,4,-79,-76,164,367,247,595,59,80,20,84,-10,452,-21,284,100,570,-44,220,40,118,201,-10,42,-27,6818,29,95,-160,51,1580,40,9,-4,-53,58,182,3763,-49,357,-100,74,333,-91,385,273,222,80,-145,870,1096,-171,-69,286,59,46,-46,256,253,506,-113,119,46,47,12,4,-106,361,137,104,110,-125,29,13,-50,-104,386,2899,-59,44,-573,134,126,160,-91,95,53,-54,40,98,102,-36,1295,31,354,3651,1519,347,-49,779,-1274,675,-31,262,1,168,-156,-2,128,636,-119,99,329,42,170,8006,817,336,34,38,113,-92,-83,639,561,-137,-21,-35,489,908,-280,-68,198,603,58,57,-55,404,-10,-211,11389,335,279,4014,-24,23,16340,16832,1471,-566,77,34,185,-44,-59,-731,-74,-24,245,159,823,-46,442,-2,-211,426,182,673,125,190,2,306,487,704,123,-39,-74,62,13,-102,3183,575,17,486,8,359,-197,28,76,148,-13,54,31,-31,-81,-40,-73,442,-46,324,208,-314,272,282,397,179,27517,16689,306,174,223,13192,11222,111,2316,-100,68,186,-28,189,8,490,-9,220,121,91,129,-89,-262,1661,179,497,31,241,-20,441,99,-8,80,-12
68,-154,-136,49,180,-257,-273,141,-123,52,878,-51,-592,-219,-149,-76,391,-11,-190,19457,105,241,-4,43,-44,171,5,-99,-14,80,-49,-138,51,-490,-101,-117,-1122,185,694,32,-104,-49,21537,15601,19960,13239,19421,16631,243,-45,146,421,1618,-287,1151,-182,45,33,-246,102,206,19,101,-7,101,347,188,1910,20,548,-819,-296,658,-154,-68,14,-83,64,329,479,123,315,1208,18,-7,84,323,79,1119,904,181,1180,268,907,517,125,-117,-1,456,136,-39,138,89,166,96,-85,17,3998,457,-1367,699,143,164,34,566,-374,56,226,265,265,50,75,104,11,985,-82,-807,134,38,183,427,727,29,156,122,7,374,107,54,1387,1432,113,187,168,772,-65,529,471,479,164,-61,365,-39,328,1219,1683,-78,541,-193,1904,-344,5413,520,1673,207,59,185,181,1055,1748,1127,4330,70,601,986,51,730,190,87,-58,197,3897,569,-152,98,281,-92,-3,50,-1577,-142,2739,2,-26,-74,955,2795,460,88,1238,1661,111,793,61,128,164,373,28,3228,3819,2236,262,-366,58,157,7000,-374,440,2675,-165,3345,1263,-84,94,48,-21,17040,-251,1089,1238,57,65,537,1906,1412,290,55,447,1482,3082,-172,8928,529,3916,25,-5,-44,-49,173,936,295,150,1856,692,43,722,327,648,-1,2181,76,4596,1067,-206,524,-111,107,76,-1109,-12,240,-64,107,493,210,611,916,552,164,-538,-47,-52,2011,11461,506,-30,82,132,859,1501,-92,17739,1958,2067,-145,986,489,251,222,1547,425,180,1072,959,60,522,283,224,4591,235,-87,-128,1126,-55,133,918,-10,78,9,-39,-21,81,2390,2368,2865,161,742,647,1536,560,420,3612,3237,1412,66,42,365,1029,369,2406,470,422,1066,1494,297,0,68,999,200,-75,820,422,250,7897,231,1162,45,1703,1145,409,171,260,627,422,3426,37,213,5,1758,-35,424,1217,-231,151,492,2503,802,191,427,979,123,181,-20,225,3219,1879,1296,-652,163,178,968,-44,-37,188,-60,27,478,119,381,176,810,389,452,767,456,161,925,144,-497,18,59,1476,4034,27,-17,406,259,392,437,76,169,7,69,758,668,508,58,1074,147,399,176,1446,115,-43,-66,857,577,561,1294,1040,555,3155,-13,344,115,-171,-297,135,-195,289,950,862,28,1714,799,-35,-414,3219,-165,9,764,145,35,1316,4217,-97,43,-103,181,591,571,-205,-47,80,21,841,-116,1134,471,13,264,152,377,734,583,426,615,23,567,629,1502,90,549,385,-203,219,158,575,512,337,1370,428,-112,398,2991,231,1526,256,267,4094,457,-334,105,-231,157,-153,65,3418,1247,367,578,268,722,656,221,-320,872,740,725,714,105,249,9722,376,1418,396,1631,265,734,1543,75,243,205,6726,788,571,116,409,-543,57,136,-6,410,196,488,2347,2106,20,19,599,18,-24,501,12897,113,121,550,90,24352,117,-1559,2236,-145,10,305,906,689,618,762,679,49,1226,90,-140,1618,471,1004,419,913,1539,1532,254,215,359,222,-92,1111,64,322,460,44,-23,64,287,-19,944,793,397,666,-984,351,49,502,327,478,22,87,134,2028,109,463,-295,591,1407,197,141,86,1190,314,317,276,159,214,-7,676,995,551,-425,52,395,1353,98,447,65,159,69,1091,299,257,1340,286,-5,-44,54,559,209,287,80,322,50,111,126,-162,354,644,399,1103,515,2045,-188,150,1052,594,581,638,25,3077,991,618,985,6,90,269,672,-76,359,21,-91,-543,207,244,622,392,34,271,870,288,974,1129,96,130,175,87,1555,-326,140,1093,264,203,231,716,793,156,354,84,70,268,662,410,219,272,561,1305,510,495,-1612,350,271,13,260,532,153,646,-131,365,435,148,194,-69,245,134,287,125,48,1035,103,9991,185,445,85,578,2362,-166,421,582,-144,38,359,7873,247,204,-107,-40,198,-424,56,21,-41,725,-82,1833,301,136,-14,2260,69,142,84,1450,1313,118,4280,364,587,38,318,-48,283,147,1461,-13,305,235,87,2081,596,-13,-86,4744,1035,231,-112,473,-237,4787,4786,901,151,366,38,-23,157,18931,559,137,4141,845,1066,362,97,71,999,-507,-2447,894,-323,-901,-447,-1294,-286,-7,-172,237,754,5168,845,166,-17,-57,395,889,-456,179,27,-19,202,-32,652,331,-455,-184,238,-20,96,1606,246,-231,-196,-51,45,-374,36,562,-6,-239,-141,-36,-215,151,-149,598,8,-226,-67,1736,96,599,160,2526,22656,600,75,26,1979,-183,307,-1616,11166,79,-7,84,20,-40,-24,383,362,13950,30,-19,-30,211,308,-206,74,110,-473,17506,-104,-51,334,-120,479,19708,121,-841,95,129,88,151,131,-346,705,89,-90,53,162,7321,-82,1490,-16,24906,1333,-126,528,813,163,241,183,-82,299,245,-119,3151,-37,358,-55,-41,40,499,25,-851,25,-436,90,87,-82,623,-72,406,-523,502,720,-9,-625,173,241,-21,-63,-19,202,536,875,569,251,559,113,-238,-135,149,138,-44,150,91,115,-205,-213,129,595,-14,138,-97,396,54,1797,-127,-267,24656,11,738,-184,203,97,-116,-225,-10,49,-97,-142,391,13881,2116,525,68,312,-185,83,505,-65,-7,255,316,236,319,-2774,13705,2189,143,-100,6992,-7,-25,-64,14688,-270,454,223,424,-99,-233,-1170,583,314,29,51,479,-242,3440,717,-25,365,76,-598,-64,208,650,487,-4,-10,50,-885,168,658,3132,923,2753,104,180,-58,150,9,1431,212,1182,81,9180,-83,363,1859,3090,-141,69,882,18753,220,521,365,980,238,3,97,6258,13,634,160,291,18,182,180,415,333,45,97,282,-253,1876,351,-172,-4,447,1839,2984,283,47,18459,47,983,742,993,283,2893,-50,111,127,48,-49,1880,328,2548,655,44,1432,41,8866,474,-65,437,-978,67,381,-103,53,-5,-226,-98,1226,2166,-81,1233,-79,39,40,158,226,239,3462,193,312,462,-7,35,26,61,58,-5,-28,38,2319,-272,44,228,57,509,134,347,1199,-68,2600,216,125,91,301,233,30,-29,-161,79,-16,47,2613,143,-131,56,58,-266,-12,80,-78,2749,432,-997,856,81,89,541,-501,101,-333,1007,-149,347,-211,42,-137,21,-16,-183,218,2244,-96,-609,-199,-25,19932,13356,343,745,-318,406,73,28,357,168,-215,117,242,-5,61,20,2269,6682,-183,1108,160,58,12,847,1620,8,576,4178,4,6,41,2796,85,-32,135,1302,6383,123,142,27,-207,144,6,154,3965,178,1290,53,1100,-6,-721,-312,68,106,-35,2558,-247,1716,94,-13,988,-224,156,-34,1032,33,2643,12267,-27,1554,-40,235,3132,40,827,90,438,26,612,68,25,257,435,-21,179,-36,36,123,737,65,2229,17,-983,583,606,275,1437,3184,266,151,507,-355,1105,22,52,32,63,331,231,346,2193,73,481,0,-862,147,121,-147,397,-2079,10,1030,79,69,2374,912,82,154,573,60,4030,7,27,130,265,1697,615,1314,17,-72,1450,646,366,-126,-111,261,114,2472,13711,56,1418,2726,276,70,7643,245,299,166,2223,4400,1075,257,52,152,113,1425,37,285,109,74,3,173,3772,742,8,175,40,1372,908,-539,-38,3023,66,-916,368,1175,388,-178,-45,303,-128,103,-521,-140,25,709,-776,722,1208,8814,824,1207,40,497,33,142,4,1633,239,-264,162,10197,209,-8,313,-19,-134,37,-423,227,37,-63,114,1123,741,934,1231,444,-109,88,209,595,-839,628,322,-193,1,-7,-56,-163,316,1025,11,-65,149,12,-22,10,59,118,549,2903,701,-526,-102,-346,-80,284,5968,240,297,120,321,-12,-5,106,58,-6,1660,134,187,6,103,-474,287,-37,32,193,458,104,81,28,-13,29,-36,-677,2283,142,237,331,-29,55,40,1232,95,148,73,485,936,1773,663,1274,983,10,-121,365,1267,117,321,172,768,-238,366,57,-21,143,-32,-12,543,1450,431,1183,-26,223,-39,1919,301,121,15400,1724,385,-362,-10,421,68,98,58,89,-10,727,1122,95,1350,-41,120,-50,-14,14,369,126,1323,818,238,218,549,16,152,157,249,-91,-26,-81,895,32,211,-49,-82,-75,54,-63,692,-8,23,-610,7,-84,272,21,9,-213,422,-633,768,423,3,-24,-249,174,20,172,245,-126,1284,283,27,549,-83,923,153,859,323,70,351,1467,-27,-176,222,71,1235,-64,-61,76,1177,19,142,13,1906,38,638,4430,871,257,265,39,-239,29,484,409,226,73,687,-38,286,-6,-35,-33,-1029,142,-533,221,48,22,305,36,27,-66,-606,149,1994,-22,37,1035,8556,-234,-205,14383,14,-9,-7,-535,81,957,109,5653,212,67,63,-117,1106,-287,394,419,33,194,45,882,-384,-33,3425,276,60,740,9487,446,-113,15722,357,-407,559,-67,-6,169,130,88,64,250,-345,2217,-383,367,-58,6228,80,128,-5,76,1501,308,252,164,1327,1129,51,-143,-285,2378,-88,534,771,113,21,-814,113,462,10888,75,-71,282,209,-483,388,180,13,21,59,-27,-121,69,195,65,-85,19052,484,25139,17611,20170,83,-196,19,71,-592,432,161,16319,18,-22,5980,87,1220,-781,162,-157,576,2272,-76,168,132,103,2671,104,82,249,-245,-796,204,-54,4698,-96,297,993,10515,24,2727,153,-26,140,87,56,641,1615,190,-266,134,-212,-198,-58,4752,54,-56,818,2551,382,788,2298,391,1034,352,1021,452,717,696,340,74,1162,940,534,-1171,14473,86,22780,838,141,109,-529,-548,687,27,176,0,-333,66,216,153,344,601,73,37,17,133,48,100,6,47,-213,-5,191,8615,281,352,223,5837,118,381,-17,-510,208,174,143,203,20,163,141,-706,107,192,-176,290,57,-51,1646,11,43,-196,63,32,3611,13,94,-21,67,2,1530,55,24,541,-228,596,1968,551,69,172,268,-113,-78,208,435,24,322,1627,1952,9321,-623,250,103,17,-30,3691,422,14705,921,-580,4599,2645,-43,71,-47,-430,477,-76,255,213,-66,550,833,2622,-76,-70,6024,-1,-20,428,301,586,1981,149,12,304,2255,2771,-153,11146,3802,428,68,-253,-131,-30,1087,1096,790,2142,98,25,150,786,182,1570,295,314,1280,90,114,2,209,142,307,58,195,585,166,-137,967,145,4626,1240,151,486,334,328,-17,1919,141,75,1300,9,6,455,3280,3004,87,71,72,2316,37,216,203,721,25,859,190,116,118,466,260,554,-269,-39,3315,87,75,488,-8,226,309,-49,79,127,-76,-57,934,313,167,-432,-171,865,-33,5800,1720,-207,85,1294,188,340,-247,708,-431,725,-258,18,1607,-39,-113,377,73,142,-666,-110,-28,-29,-105,-305,353,136,32,468,165,64,-920,-87,19,-57,-55,506,-88,-10,581,141,230,37,564,891,19623,9515,1337,-22,78,142,-12,178,482,13,128,203,53,52,-128,9,151,-302,1618,410,-191,65,9318,-295,18,-41,-138,1307,1576,-41,908,857,1034,-82,1393,240,-133,1598,58,1916,488,-36,18,-3,-101,76,1062,156,934,231,54,18,844,28,179,528,116,-40,110,5,1567,57,81,2208,554,-122,10809,-1114,1710,291,136,156,142,2072,246,57,266,-999,269,351,10,23,-208,-141,567,-95,1193,13,513,165,141,998,1230,5342,10462,198,-58,182,515,-179,-528,-94,167,901,172,63,1619,-109,278,18,-43,81,421,71,-675,44,75,1810,1193,145,-426,63,1014,32,1755,-6,80,1552,-48,-203,1069,-644,-150,165,-28,53,-29,452,9,-74,214,13544,-105,102,864,-147,368,307,1730,218,314,366,314,-819,211,5374,332,92,169,1071,216,312,-23,2139,177,154,25169,-753,126,-193,278,348,336,38,8,361,921,-8,-68,969,393,-105,823,628,-1056,134,-116,-301,-79,1001,-81,143,-37,3721,74,115,48,15734,1987,28,239,-2,709,-38,-302,327,513,6994,-57,45,78,593,5504,109,147,530,766,23,-942,-30,215,-468,203,390,442,-107,392,510,-85,993,-231,3865,132,2303,200,-28,491,1421,84,247,-43,-416,2203,335,-140,163,131,185,-19,175,-128,1251,169,227,283,1385,220,185,918,428,665,6203,242,60,193,-444,393,494,452,99,3077,737,-19,-32,261,208,979,94,211,52,604,610,-1,-74,-50,-194,-895,3143,1051,-84,1931,2437,59,1671,-152,-2,35,235,383,30,1942,1783,433,101,125,102,255,-163,643,575,-266,970,74,376,-219,1012,260,-27,-71,3346,345,104,-14,-210,37,83,1298,334,-215,1295,-436,-100,89,280,355,592,361,-30,-133,1078,215,-104,8,24,207,138,329,-72,439,1575,42,-1540,24,71,144,129,-6,280,-12,373,771,603,549,4,236,75,256,119,98,416,1108,116,-168,16,-373,-61,114,-126,377,-184,138,545,2754,-2,269,27,88,973,-2,8242,-54,494,1291,97,141,273,685,-203,272,13,2611,236,-6,51,3192,74,164,-548,798,53,-57,129,-33,176,34,355,145,-98,405,267,176,120,-16,30,48,109,295,-44,13695,159,118,-458,64,118,127,6,1201,103,-146,166,132,584,-95,54,119,82,-86,-40,166,-177,4,1654,39,1516,52,68,-370,-41,56,1006,-264,83,30,-305,1045,-298,196,446,-752,35,153,156,240,228,90,137,20,-127,-406,1040,-214,-23,286,684,-41,-118,110,548,-78,192,728,-639,-28,160,330,118,-200,1044,-41,298,134,79,38,175,7843,1105,948,-58,264,221,129,3388,-48,913,125,288,779,-607,191,114,-762,190,-33,292,82,817,87,-26,928,-35,34,316,-148,167,92,-87,-65,-19,110,65,97,-244,192,145,275,-57,841,-2,733,6101,365,-3,344,-65,774,447,32,71,174,2,1169,193,192,18,376,183,1103,96,1419,244,-43,210,-710,374,545,1307,640,57,76,-57,422,483,1296,-28,4093,-82,-10,3452,-90,272,133,44,102,-87,-839,850,302,141,-1369,-159,570,-60,97,369,699,983,-203,2,75,375,151,119,-7,222,190,276,-23,284,468,-500,633,600,555,343,428,74,411,1495,2903,750,291,510,43,-283,15481,841,3670,556,142,1721,3060,26,52,-21,352,27,919,205,-191,4,618,420,172,-21,-35,559,646,1786,33,196,162,63,109,1109,20628,11357,216,-38,346,181,40,69,489,0,-27,-22,191,-5,90,194,-82,708,-12,178,28,516,157,183,42,112,652,997,43,454,5,669,1,60,571,753,378,4258,90,-90,13558,20655,19303,13626,13132,19186,6718,932,2213,235,-92,588,342,25,515,252,148,-384,-57,788,-150,-131,94,612,210,192,-147,165,39,109,-14,391,-33,86,1468,91,212,-1,10,10,-26,91,171,38,-146,190,552,-679,136,313,-152,557,568,-177,76,4,767,-215,1467,-621,179,850,-420,136,152,730,492,346,70,196,249,24,111,154,216,2,307,5,-70,-13,48,27,128,237,547,-67,157,-679,1138,20,65,340,200,674,-584,174,1240,149,295,-14,-1418,265,65,145,-54,-26,335,45,7,559,321,-121,1756,-112,119,800,23,115,856,581,45,38,2750,91,99,-64,251,212,1914,75,355,-30,305,-11,231,128,416,2899,763,3234,820,138,631,92,-17,856,218,-131,56,-214,1197,599,440,73,523,415,10110,-64,-20,788,218,-30,256,5,179,53,-132,395,323,-10,-197,267,26,26,118,-119,109,238,49,-258,-97,595,226,-331,179,5,-68,-174,158,35,-12,647,75,2015,198,-544,437,320,395,987,-149,1074,6635,110,14,3743,91,412,152,547,-101,290,-106,-12,146,856,11,5316,133,3179,-38,190,938,250,-225,21,69,17,-45,143,679,-138,92,345,150,942,76,-13,725,12,-71,768,332,3476,157,13,258,467,61,-59,-5,579,10,2,410,35,653,1095,50,3869,-54,-225,747,-115,220,66,689,362,-98,-456,88,1669,1513,5,-66,330,175,103,114,168,59,778,1847,-448,138,-5,102,236,-22,623,229,-27,458,-1175,938,-370,56,-230,18,523,109,1,-140,-74,26,219,-60,32,1847,711,252,50,911,665,1168,350,18,978,-443,523,172,-16,470,156,1432,-165,72,257,-6,191,-337,566,1491,376,330,137,7,362,34,-32,4773,1509,1016,19,302,897,-26,38,-16,1580,1707,618,146,-94,24,242,-251,-75,1,38,332,100,71,-506,1358,1947,784,21,4,-602,-978,916,-33,851,570,123,65,223,51,-30,624,142,264,860,106,950,1594,328,69,129,-425,-580,1420,220,406,-228,2726,-20,-125,-107,-152,-220,826,332,962,198,-367,412,74,41,415,14,17,24,237,-213,-411,-174,772,522,-318,-54,277,10,72,127,976,-226,302,616,-48,9,267,-54,296,479,115,2690,55,2031,40,60,548,1267,1341,880,306,735,-24,127,264,4346,14,262,271,1,534,2694,653,-250,832,3496,-16,-3,47,6,-308,-74,134,1866,697,330,330,332,315,350,748,-105,733,-146,642,-12,24,-148,765,285,603,181,1130,-14,-44,-176,118,112,-1218,910,85,60,1336,154,348,-180,36,1638,183,287,161,880,198,37,9158,442,175,1244,84,501,162,10095,-117,510,-26,269,614,1049,-113,773,-146,-133,3181,178,-11,214,658,20,1111,251,295,117,25,535,222,3476,-37,80,587,278,244,9475,145,534,819,1611,1260,1135,3491,8,1319,-18,1881,-25,1244,235,396,58,6833,218,-1090,1099,1367,-169,7,24,28,785,2066,138,-623,225,1033,8,-24,-26,367,-963,-87,-10,1199,-169,1212,-80,1449,-184,-6,84,335,125,-394,-314,253,59,2180,17,106,63,61,211,-71,146,85,95,148,109,-81,392,689,1825,3181,90,-14,1309,-67,78,-16,-44,53,171,-180,604,-84,1911,-168,374,135,327,244,2581,115,29,1055,10,126,40,-33,948,611,1107,324,158,51,371,-90,270,116,202,499,9964,650,223,-21,70,153,-82,41,243,942,749,-71,21,237,-87,825,98,169,37,-17,211,103,365,2188,165,63,113,205,415,-68,32,650,45,98,112,340,-233,197,-709,-19,97,3060,182,455,173,243,1523,-89,733,-14,52,67,-428,79,-25,592,2377,143,-512,114,126,-100,132,-146,-1529,1087,-86,207,167,5059,-80,180,34,-88,-42,-314,-455,-13,413,181,330,71,401,78,40,1652,162,1083,-12,-59,1044,86,-61,110,13,-95,-25,-45,-32,1215,883,97,59,-94,-21,281,717,-102,847,769,1328,-3,111,210,343,140,-4,127,144,-102,479,441,979,707,382,13,-251,74,130,-9,-86,557,-11,540,508,-920,48,57,153,2859,1167,127,82,-16,212,536,-38,281,187,416,69,-553,52,2062,18,247,664,-71,-4,1777,119,10,901,783,18,1041,71,407,89,1409,433,23,14,127,344,163,901,612,-23,135,115,754,833,630,-525,361,1614,555,-172,981,43,1543,-13,127,1,169,160,260,-384,-7,97,-788,74,34,113,692,1477,269,1083,406,450,2303,1073,178,-168,1135,64,494,26,497,0,-56,697,-103,-14,-3,377,-18,202,419,517,-105,603,191,390,42,482,-324,3329,-73,104,-21,338,105,398,761,646,601,472,133,-2,-111,-40,65,130,1721,227,-227,192,1641,875,-97,1671,-94,176,323,1260,312,633,-18,2222,-36,601,-254,102,14291,1558,2345,147,-71,-176,2,3339,337,1575,-639,323,493,127,934,129,36,303,198,-624,66,92,-176,1,69,-43,3,59,402,-610,951,-179,204,43,126,420,739,1006,19,382,635,474,309,-148,125,1056,927,178,193,-362,9,719,-152,748,274,23,96,488,20,441,83,192,493,56,-59,24,8,-47,409,1,11,159,912,224,136,-20,142,35,540,-115,907,818,497,-107,295,10,35,-52,13,1369,-10,454,26,420,2166,120,461,-53,158,784,-116,595,350,-87,28,1601,218,-147,56,1009,-68,3,-361,92,-1249,-66,249,-168,-26,4,386,122,-379,-792,701,187,3701,251,80,-290,437,377,-532,-118,1502,113,-65,-86,23,657,59,540,135,348,128,-12,32,719,188,168,119,45,195,136,397,115,116,-286,406,675,904,351,157,-96,12,506,489,54,-68,188,326,308,210,66,78,-2,-623,1338,-34,706,-194,311,1525,299,611,296,-426,26,303,971,-342,-361,336,27,-47,-26,-71,89,60,2469,-99,978,94,36,147,1094,320,709,306,78,678,78,779,126,243,-56,1320,52,385,156,1125,-11,4350,1390,160,309,397,1561,2,-251,-7,11,1367,188,2492,-4,223,256,382,20,-7,199,-26,9,8148,1208,30,251,1065,-101,68,-120,1138,2538,3121,-79,471,4108,337,-386,4611,114,-78,661,-45,266,498,376,72,-57,154,467,-27,179,2752,-51,76,2357,371,311,61,2849,90,5432,-811,6259,38,174,21,-87,15534,10,-19,-75,-70,-44,47,857,981,149,435,10271,-85,3607,86,40,-131,1393,59,188,114,147,6,343,382,3996,-1167,22082,19,621,12,644,264,331,57,5407,4704,25,-28,-220,-167,276,103,1114,274,1086,-68,1093,118,-7,-47,-381,1640,69,132,199,-57,43,2527,-851,269,28,69,49,-24,1250,-16,164,122,30,619,17,110,-6,571,17801,32,507,99,358,295,1230,61,291,956,-52,-39,278,-129,-166,628,552,48,126,-50,293,1809,-89,135,8353,76,54,569,408,-1207,-53,29,839,154,-21,-52,2661,52,469,83,518,540,3035,-53,3966,144,-16,535,283,699,1431,165,-102,-14,302,875,526,-13,229,658,161,1115,-7,-141,238,5,7321,864,-113,-67,154,6479,448,216,505,2011,280,1456,49,2815,224,60,180,17405,-29,469,21432,3512,53,1968,103,303,431,4505,-41,2767,650,99,-194,9,86,57,1043,966,2282,-101,79,23992,58,53,1938,187,36,-274,22,-11,-19,-125,14273,5318,-56,306,51,-44,24,-87,584,-368,-149,43,197,-260,-5,88,6,-51,18,406,352,220,1006,56,376,146,68,2325,-40,-320,714,42,11096,2651,207,6,9550,193,-66,5062,28,-419,-331,12354,614,251,-182,8,36,-30,464,1358,409,-1,641,-54,194,4445,204,26,134,537,287,663,586,67,567,163,524,-243,16111,4662,117,-120,550,307,13746,102,1156,107,-80,3860,1605,140,402,142,87,830,65,22005,12661,24,167,299,175,1777,1201,784,711,-206,7542,-165,9,-121,-21,-87,95,102,4287,39,-326,-7,97,-142,599,-78,70,335,6609,521,287,95,36,85,97,2,-96,1231,-438,-183,5562,218,28,1646,6922,812,2732,-1,115,-156,689,9239,650,-5,117,-58,378,109,-91,306,-135,442,4202,1126,19,100,507,0,1509,297,195,3436,3,958,528,445,573,1269,17563,2722,-43,-43,35,125,202,-282,60,1170,-69,400,22537,194,428,14,28,-117,110,827,433,795,-197,18,855,531,513,380,1758,1384,-219,-69,119,7582,257,18,197,32,12,-9,-9,307,4,147,12,100,603,247,190,1344,53,225,-1067,48,-23,47,275,443,582,657,2009,430,243,29,445,113,1051,22,73,264,1076,24,-147,-10,53,159,23679,-165,-855,142,103,163,86,1307,-165,4208,-384,514,111,117,10019,-160,890,70,888,220,376,10,276,167,97,-446,305,1033,18219,12476,1404,1693,4537,116,887,13,714,811,4054,454,277,649,-307,-164,2393,-54,-59,594,755,609,3391,111,64,779,58,-73,4290,935,3838,153,3377,693,251,187,362,211,2401,111,-401,-134,1260,-136,614,17270,-137,-90,-74,463,1342,63,2077,1700,168,236,239,145,426,830,1354,216,320,2272,1844,4,2,102,333,1367,795,116,105,197,-67,55,2416,-4,1844,-148,-42,689,3988,53,371,559,304,312,-26,417,788,85,196,1067,332,35,12,-173,-20,704,1690,989,1061,953,1968,34,-73,-30,81,-105,-231,934,3777,56,-23,18,1391,76,1614,-20,8033,-34,-96,92,-153,-17,653,214,-162,191,386,23,3895,204,199,54,63,5746,-259,289,118,40,15397,1743,206,300,-539,53,2566,-119,212,276,307,739,127,358,71,259,79,326,1809,1526,2428,-531,750,135,203,566,1549,950,15309,293,9311,783,471,179,882,1361,80,82,-866,-131,-64,81,199,4193,289,49,70,42,71,-74,913,66,18,2090,537,-389,2088,-12,1495,4102,1417,33,483,-36,71,17,-20,44,623,-23,377,1212,260,423,-80,18,165,19,123,244,-51,-41,353,355,481,13,288,42,-11,-461,274,430,-315,236,-181,70,48,-181,73,1267,685,179,-118,70,-4,304,784,411,736,28,119,-175,8,-17,211,414,3103,70,680,501,-97,127,53,214,519,207,-35,-176,94,24,2440,14,-424,60,56,171,-38,34,112,1576,505,-503,16,-107,634,218,503,95,460,-10,226,98,-612,-96,121,-98,34,1053,-34,130,75,68,-133,-49,-42,49,1528,127,3048,-169,1401,90,657,2197,114,50,519,763,147,1507,1368,143,-28,318,343,-58,701,34,1315,618,-4,-550,55,539,-339,196,213,479,749,1117,-503,278,-14,-80,-41,799,931,319,-5,56,-918,82,-4,39,-39,72,14438,204,1114,290,578,10,14,1931,112,166,529,1405,47,808,195,1423,1202,-107,-577,129,957,293,-126,28,277,2061,606,413,308,-180,431,296,246,229,318,242,17,-525,-16,66,353,1243,298,-159,-95,742,152,648,718,381,58,-100,49,-33,646,193,1037,792,-200,67,133,-1512,227,495,349,530,643,-185,-259,-323,1016,-146,543,79,1348,55,-394,352,293,1232,140,859,365,-737,-191,269,49,194,2634,41,17,1510,2612,60,-20,8,12719,2409,-89,814,-103,-8,2341,1661,70,-313,614,254,49,141,66,641,122,127,160,-246,11,-39,11,656,-604,65,-26,185,19,1131,9,169,312,87,-282,307,-69,517,-24,2430,320,225,29,3396,1637,148,9,134,345,78,364,164,-7,188,-231,14,671,-430,39,-308,69,269,35,2,-25,107,357,-179,-104,-288,-180,60,105,724,195,106,18,27,-12,-101,20,30,68,130,44,-350,491,277,-85,-22,64,215,107,-208,254,1055,-84,394,367,-354,212,-130,-181,648,1265,7,277,150,133,474,16,-3,1071,-127,216,12,84,-273,-9,-68,40,223,15194,1316,162,3806,1408,76,-158,393,293,146,-224,-42,59,-400,-288,-57,264,2516,-106,226,120,-85,207,913,250,326,20,-35,55,1726,2445,453,80,114,119,68,147,229,10188,368,-179,70,34,-50,14827,1522,26,14941,877,5,-654,-14,133,194,222,375,4928,104,135,284,482,1149,358,-23,1330,101,-326,141,252,162,1036,779,530,407,54,-477,786,177,-765,160,4774,58,1958,302,228,37,-18,-110,280,-80,490,19,793,3495,111,910,640,-1666,134,-53,76,212,-33,88,48,409,125,168,-6,113,9377,3677,-92,425,-37,-51,1368,-280,693,-55,-67,2200,61,-222,716,7375,703,887,321,1631,563,394,360,2553,699,-142,304,591,-330,-39,35,16845,-168,778,827,-123,302,-192,101,101,-7,-164,-35,45,-75,-106,-175,-185,125,67,-413,-2,196,-603,35,-261,-5,189,185,-1212,269,13576,-346,920,110,21,1244,402,-26,12722,3453,202,701,774,-178,2371,1394,783,1174,-260,1508,2141,96,123,697,178,688,988,38,-145,-81,370,1130,-335,-11,848,51,141,1226,243,721,-512,61,107,122,63,493,221,-68,-7,2054,-213,1064,83,72,112,2579,-100,-1,-37,114,60,1263,94,659,-554,-640,203,144,-28,233,35,727,2709,2930,839,202,2,49,1405,17277,-7,188,271,163,-70,3243,251,63,732,164,67,2516,538,21,-39,53,-169,-206,39,500,35,85,237,2841,-16,-12,298,78,174,216,687,202,148,42,-99,-107,73,39,28,79,90,-48,181,150,60,-470,-84,627,154,-142,10,64,2811,4366,-7,507,-27,146,227,-65,194,25,173,-44,-42,107,146,57,373,-461,34,84,26,-28,9,580,458,244,360,686,404,-39,71,298,221,-18,9,47,4,578,122,340,79,91,17,130,448,54,596,1840,97,754,471,44,-9,432,1181,185,-52,334,-38,-23,473,2391,-47,35,145,557,211,87,22,218,2286,47,38,55,678,1229,-164,19,204,-6,59,104,-114,2,4408,68,215,96,-3,7967,386,16,78,-35,128,-21,-28,7,135,216,-1230,622,221,2116,606,-54,327,143,143,238,491,2678,146,61,823,220,85,3425,1131,1042,-115,-20,56,560,33,4,3038,474,761,-38,-20,-29,626,-55,106,28,123,-11,595,-185,5549,136,-12,9,-622,394,13890,-200,-219,59,-53,-11,-16,-198,-35,-37,1778,571,178,171,2035,274,2192,-52,1299,-381,-56,-16,-14,202,1257,11,160,-609,18,763,134,-76,54,650,1872,509,1510,834,1043,-13,27,-2041,366,-26,4,9009,-191,140,95,430,219,347,561,662,-188,20162,1510,5,23,484,65,25,630,-252,98,10,-17,29,94,-66,252,1470,2711,23,-10,-49,-81,-34,-392,122,-741,-142,19,39,106,174,1131,116,19,264,792,-4,16,968,-119,335,63,494,-82,700,95,1,881,119,-10,101,-165,257,-106,-51,133,29,-97,-161,4867,-70,16,162,1342,945,78,-342,1366,284,269,557,169,1496,517,974,2688,-801,1572,-61,13,7365,90,122,111,398,-1218,29374,290,1127,-1,244,-4,112,350,60,857,231,-22,-39,565,1069,90,4931,625,4895,208,538,-70,35,793,131,133,59,83,234,-122,307,69,-1011,-36,28,857,688,-459,-199,369,313,185,21,-58,-10,547,161,190,65,-73,1105,-156,-287,-360,-141,1734,3114,306,-187,-282,3655,-47,19872,19354,-208,383,73,4083,14076,2502,-56,-371,41,177,-205,427,-50,-2,-267,843,16082,15818,64,47,-6,-3,95,-131,-4,211,167,128,295,1352,320,1193,-57,37,-689,-829,322,-37,-119,58,173,37,-714,239,156,-448,163,18,75,332,104,61,-44,52,25,-141,0,-537,-19,-63,8402,76,320,390,-381,272,283,578,-296,360,-9,-7,-48,38,-11,4,0,-48,506,-374,-79,79,239,649,5013,6774,2702,11786,-761,-26,-18,172,126,195,856,-27,57,-235,1047,58,-57,-258,158,143,-4,86,-105,-245,246,4044,33,668,3,199,48,463,-88,639,6517,156,-1,-97,476,-830,287,-290,553,202,39,184,215,37,22,373,896,1731,751,280,-125,328,80,-378,-107,-4,-137,-3247,216,37,376,324,103,-538,629,61,209,-875,-630,-223,2003,488,1034,578,-2,228,-422,-2,-81,429,290,-5,2165,261,173,1257,1050,470,1019,95,787,101,254,109,441,-5,120,396,32,880,100,23,153,318,479,1257,276,571,211,-58,27,-160,-529,-225,353,-218,-732,265,61,-207,-5,119,177,17086,669,-225,19096,-36,-14,-19,-230,2728,1834,-202,-2170,1498,78,-34,9404,3076,11256,199,1288,65,-32,38,-49,132,-65,194,-28,-34,-167,-284,-52,4,715,229,149,2383,686,10,45,-521,56,935,55,-113,37,0,-140,272,395,486,190,-94,514,56,143,1019,193,-1183,163,-27,495,1645,105,431,37,3470,1480,64,63,-8,4185,2995,1088,14502,22691,37,64,118,20,-223,-26,370,122,1273,175,-17,-25,190,203,75,322,-474,400,-117,60,43,145,473,415,586,-546,669,18270,1021,59,54,23,166,-47,149,69,236,374,-510,-746,207,1069,1053,41,785,462,-73,-416,752,-415,-393,562,120,-172,32,-1197,-33,146,8,3548,145,92,1709,29,-53,-150,161,-191,568,68,-60,52,303,1716,80,243,641,175,90,-134,364,512,-158,72,-70,89,-84,32,672,34,260,593,-1,-32,-353,841,305,276,-686,-280,8,-579,162,37,1299,-494,754,215,86,32,-9,827,137,-63,-24,399,-33,25,79,17,404,494,-174,560,436,2014,-192,-53,669,559,206,243,251,1007,359,1139,-258,68,724,2,33,304,336,459,14,230,195,25,-358,-204,-342,33,259,37,357,-112,13,-91,224,-462,71,-1827,2467,141,19,501,-8,229,503,12206,126,68,1156,146,-60,-591,-154,-101,27,207,12108,199,15502,13,26,11594,504,281,75,-728,37,1012,183,1671,-90,-360,347,-119,206,-10,149,245,257,433,-231,-329,282,257,502,197,21714,-16,7,585,-26,-30,740,1,71,43,-475,177,67,424,105,5086,643,6279,51,-74,-102,239,65,32,2205,564,104,808,2793,-26,4602,-404,-36,5085,130,45,45,-750,320,-80,461,-42,380,-541,898,-122,-827,67,424,101,435,386,596,1010,29,276,2276,-585,-26,1106,423,231,244,166,36,4560,3322,-110,243,223,-192,508,580,23,1387,260,942,66,-5,212,39,-13,-661,189,162,-36,1443,132,-2,-872,-285,1724,182,-53,462,1556,229,-73,-23,-277,90,862,4185,100,-71,2149,14046,82,132,381,48,140,-633,251,4877,191,81,99,271,2362,41,48,314,846,120,1495,48,54,1481,363,-9,14,239,288,119,-17,2943,4023,1106,326,-268,25,-268,2133,100,-219,340,54,136,116,1038,556,287,167,-599,-435,-487,1474,-399,286,2922,-145,160,-17,239,34,269,338,1755,-117,5,230,126,569,173,55,-486,110,-264,11208,175,37,284,-198,-2,1506,274,210,-39,113,578,-244,1277,269,17,476,7,-79,312,76,537,-133,1951,-78,704,790,1446,-5,39,20,-90,2,100,786,-39,374,2039,185,367,323,295,-239,116,56,-149,87,-66,-205,104,95,67,426,163,137,494,804,121,376,291,-97,183,411,56,-6,234,-412,606,-42,13437,9793,-538,48,209,2514,331,16204,161,-118,83,64,-618,-175,255,499,238,876,335,237,637,59,4,18,128,-435,29,0,39,898,225,24,-185,-406,96,20,1047,427,192,742,446,-49,-2,224,283,18,157,-48,-17,371,-438,103,-19,256,-903,549,-13,1049,755,736,57,73,-557,-243,111,-35,332,721,2629,-129,1246,1042,752,92,-921,126,-277,24,-105,58,1657,113,1763,671,-164,-41,-241,94,264,-918,1047,847,209,-149,1199,-400,43,243,127,166,196,560,435,208,1013,1999,-205,533,260,-2,107,2129,149,-289,221,-309,1532,16363,322,16,2,416,323,-27,284,1392,95,284,1131,2248,138,-293,264,291,-64,355,212,-70,107,745,233,792,239,14,246,189,44,718,223,-293,-951,37,-83,533,292,8233,9425,33,105,798,-54,4222,290,20,208,-1598,1234,-575,1306,-12,1262,55,3143,35,-176,-205,-391,105,346,1872,-76,136,227,-32,347,-61,303,-84,1474,-50,-37,-647,303,149,-189,-25,111,-159,260,120,-22,-129,494,-23,-8,-715,-21,-669,5184,83,-680,-610,1155,13926,-158,291,-525,699,61,212,152,1195,-569,42,634,119,27,9,25,178,7,332,622,4,91,2134,188,-353,151,-268,117,725,-11,-212,151,3650,58,370,88,-80,-477,-94,402,3838,152,-2628,14,53,295,584,70,86,-98,664,267,-44,-4,528,1488,335,378,423,1902,889,10774,5309,-541,1588,-59,89,-8,159,692,64,-1187,-1936,-878,202,-231,-1488,-1155,71,-1204,121,86,76,-568,3260,-74,-148,29,764,437,2061,1336,-110,1352,306,-181,427,4365,171,150,-128,259,-28,12009,-430,-3752,-4422,-12527,-1184,-296,182,98,-3,-52,-251,-225,326,-149,1052,8251,8434,169,67,-350,-3,3559,427,2586,43,154,191,443,-386,2258,100,3,2068,167,-123,95,181,-500,516,1250,33,5776,38,187,41,-640,-37,0,908,267,54,-222,205,346,-94,313,45,14,-21,-123,-443,323,658,350,273,286,-24,-329,-41,-41,684,221,398,164,13,83,-30,-73,110,411,359,3923,1040,-101,-69,12819,273,11,17,106,167,197,101,116,-284,3,-3,5,771,-54,-20,-182,58,437,-80,330,8,-51,-137,44,389,-64,122,-76,221,498,-242,-110,-47,25,464,687,849,17,602,66,578,-14,719,-8,85,163,774,-125,221,53,205,194,-30,0,73,4619,6,96,-11,318,7314,5,48,940,29,82,138,6606,-33,233,-103,-60,634,-149,782,532,182,44,-55,746,1069,-154,-141,226,-19,38,111,268,222,1232,-7,210,18,63,-7,-8,-223,905,-54,149,257,114,53,196,-40,103,838,903,-32,-265,-670,2068,-278,74,67,160,67,-333,19,75,-44,-103,2470,74,666,4537,2365,407,30,675,-1162,-17,-94,272,10,122,-75,110,107,358,21,181,385,254,218,5172,780,393,129,291,-59,-626,-623,967,672,-67,525,158,670,1282,-298,-167,1622,1047,-225,-56,38,796,-5,-172,10731,481,530,7168,43,255,8058,8336,2215,-852,51,141,346,-99,-97,-877,-204,22,304,289,1989,115,555,79,-48,516,228,1415,175,116,67,304,411,832,494,-268,-107,83,-18,383,7226,320,191,1088,-27,633,-167,58,132,307,-140,17,10,18,-74,-6,-14,591,180,245,188,-798,619,115,343,866,19394,16120,621,244,52,12712,9978,-27,2758,-161,172,206,67,215,35,40,-111,206,60,165,135,30,-444,1088,214,540,13,1075,-45,524,249,40,-68,-1
69,-79,-118,-30,68,-110,-264,-28,-61,40,-217,-52,-247,-454,-11,187,154,0,-322,17499,-5,135,-170,11,-144,123,-101,-154,44,6,-37,-265,112,-313,-181,-22,607,582,1512,53,-49,0,22417,13884,18211,16371,19052,16624,197,-11,233,222,1233,970,630,176,254,45,-192,33,171,29,1421,15,125,382,308,1813,270,348,-532,-716,684,-365,331,-51,-56,178,602,669,16,468,1089,-16,4,19,494,63,866,764,41,1173,152,1134,624,365,-68,10,355,140,3,150,-77,102,694,-193,124,3027,533,-853,474,114,45,175,35,-759,28,125,310,193,-388,29,-174,582,799,3,-118,36,-41,214,214,147,-94,240,104,61,406,19,987,1718,380,183,248,283,447,443,438,488,396,22,16,393,30,164,996,2115,41,694,-122,1608,-300,2649,475,709,235,55,41,371,913,2198,1336,2301,-198,-60,899,44,275,206,73,-23,468,1762,359,-114,28,-63,35,-27,69,-726,-178,3120,-13,-74,10,1393,3292,294,127,-74,3028,150,1047,69,205,68,235,331,4392,1658,1712,234,-514,76,113,10632,-496,176,2646,-23,3430,2719,-77,110,81,-4,19197,-178,176,1392,68,73,936,1444,771,163,-9,298,835,1810,424,6471,496,3220,11,24,-142,4,409,833,468,237,2393,1168,2,868,36,458,48,1370,12,1916,1123,-407,25,-102,83,62,-606,-49,304,-354,7,425,587,140,1168,302,230,-508,-43,-60,2153,7875,811,80,88,119,548,1168,-88,16880,2420,4377,9,943,328,731,328,648,411,228,423,498,-10,354,0,327,4165,341,-15,-244,970,-106,96,660,2,82,33,-49,34,634,2282,1205,1995,281,525,333,1482,384,405,2193,4919,990,151,267,402,726,960,2683,888,239,527,1096,336,-11,37,874,136,187,868,471,276,7311,285,1007,162,1904,362,112,200,684,660,516,5550,67,323,-57,1084,1057,713,1021,207,239,323,1854,555,79,495,1103,93,178,-71,-204,2486,1060,884,-506,243,97,774,64,-6,350,-123,26,591,35,295,633,791,434,523,813,382,111,853,-86,-416,-1,-29,1333,2195,16,13,393,260,202,595,102,279,22,73,732,679,497,62,1094,81,401,88,2036,346,-122,74,609,403,975,1128,693,322,3734,157,239,-14,293,-126,82,-21,269,858,1277,98,2461,438,-84,-235,1593,-465,-124,229,84,56,968,4328,-131,65,-74,210,227,662,5,-79,147,163,286,-83,616,251,186,1124,101,438,742,380,200,442,111,605,542,605,159,584,164,0,146,269,787,545,445,799,-101,-114,413,1771,-213,570,355,318,2977,413,-292,92,137,76,-15,76,2367,1008,228,664,186,979,564,195,-629,771,453,197,409,67,393,7077,428,1282,432,1019,432,545,838,92,303,372,4693,803,483,71,316,-515,53,157,42,239,-155,240,2866,1820,118,-9,893,-7,-36,203,10878,193,232,848,491,25277,111,-730,2816,-357,38,158,804,641,363,514,195,88,569,-14,-106,720,667,1251,553,222,654,1697,565,121,464,242,-159,664,102,603,51,81,-23,174,69,177,1192,1135,594,652,-660,456,100,708,588,-33,7,93,209,2035,189,469,-158,673,2244,5,105,292,713,64,464,-139,294,69,40,141,1337,414,34,113,243,943,60,514,74,66,3,1219,343,464,1606,633,242,-49,-66,1108,127,223,50,61,124,225,222,-79,285,484,566,1246,1112,1994,-46,132,1998,636,526,1296,-64,3033,826,526,806,4,98,288,886,-174,189,-21,-62,-376,414,450,458,239,86,219,1369,198,1392,1186,390,91,394,239,502,-114,242,-415,398,534,262,1251,930,44,626,48,41,93,423,448,138,229,331,1953,617,656,-1603,434,405,53,289,1051,224,699,-185,393,1188,251,170,55,239,306,720,32,79,709,191,10261,34,365,49,50,2078,-204,299,1001,-787,-22,377,6504,233,178,-102,144,229,-409,43,137,-78,665,-129,1506,163,244,54,3024,229,103,4,911,1073,21,4953,22,719,38,94,-11,-753,139,2259,-118,384,127,-68,3496,561,78,-275,4394,1354,182,-73,382,-211,5499,4991,514,198,380,308,-76,284,19799,825,257,5347,847,1575,618,192,217,1380,-159,-874,364,-170,-605,-248,-458,-234,126,-348,171,494,5913,740,174,-63,88,751,844,-398,187,-37,-64,352,-19,525,328,3,-77,227,-100,60,1547,123,-91,-36,117,294,-526,75,565,101,-157,-79,-73,-217,174,34,597,-117,61,-148,2011,6,131,223,3140,21976,810,139,157,2409,-144,424,-678,11274,57,-94,-74,101,25,68,860,137,18594,425,138,26,251,239,-228,239,157,-432,18517,-175,-35,320,-14,865,20478,-11,-767,110,262,228,73,381,-589,1131,326,61,-19,66,7094,-18,2206,220,23847,1896,-187,280,580,151,577,153,-232,355,376,-102,10165,-207,378,26,-5,-46,214,363,-144,-75,-334,94,78,-73,184,-101,104,-463,701,815,-92,-488,376,1839,137,-103,-29,364,187,639,322,232,540,13,-152,-99,-176,217,-6,324,-46,229,-250,319,123,440,-45,118,-33,559,-12,2218,-104,-229,14669,-54,615,251,116,210,-331,-149,-38,81,-167,-150,598,12863,285,472,360,422,-257,108,713,-65,89,687,89,390,-176,-983,16982,1473,90,-80,8839,-65,-32,144,16433,-438,448,260,551,-28,-158,-596,651,295,220,-144,379,105,732,421,3,357,11,-400,-91,307,739,709,-63,-158,40,-1115,40,514,2803,984,2155,134,108,-338,-68,144,902,248,883,185,9407,-39,277,1927,2412,-97,-16,567,12299,3024,616,272,1875,284,34,242,4659,45,1683,104,476,203,445,54,102,149,-83,5,177,-33,1987,263,608,-31,134,8656,3162,307,228,1963,155,72,1395,997,324,1488,688,-80,14,-40,123,1240,312,2353,276,3,1093,-66,12184,406,-11,445,307,68,91,-82,42,-24,-147,-6,765,1416,232,1043,-129,39,-151,89,139,187,2762,175,374,209,-11,1960,-15,-6,-26,-22,-34,174,3348,-60,-102,404,102,887,249,469,1654,-225,1878,154,256,-30,491,93,1,216,204,-44,25,166,2307,94,88,-56,-18,-567,129,73,-80,2643,365,-637,343,142,114,597,-434,47,-5,826,-153,253,-276,43,-141,52,-35,71,453,1576,-68,-740,168,-143,17049,12173,654,134,-279,225,263,-10,261,3,-204,48,339,31,191,-9,1081,6179,-483,766,131,-25,23,459,1601,55,759,2570,-95,84,57,3124,157,-7,233,946,6589,215,88,-6,14,31,0,67,3358,191,7,-40,1062,45,-216,-208,19,-40,-69,4008,-237,985,105,172,570,624,31,47,839,17,1350,14631,-37,1655,-11,50,2568,159,1176,79,544,-11,585,-16,102,881,1018,-79,91,-12,85,2031,797,224,799,24,-964,456,402,218,948,1484,160,312,557,-319,701,-22,-39,-155,-152,123,328,487,1972,87,573,233,475,122,-134,-412,336,-1263,-39,1096,263,125,1014,1492,16,36,208,83,3737,-16,536,135,302,1580,376,1694,18,-54,2094,246,211,64,-192,278,73,3119,15326,44,2248,2882,331,16,4079,204,609,64,1848,1870,1232,270,92,153,15,1136,121,462,119,34,2,101,6157,1893,-61,228,77,1314,1548,-391,-4,1998,740,-292,261,1428,479,-56,36,105,-26,99,-561,-209,46,1377,-571,727,1712,9384,1162,1018,117,-75,61,345,-22,506,133,-256,23,14999,102,-58,214,5,-129,0,-667,207,161,-12,21,753,513,465,1598,420,161,196,313,235,-516,795,629,-145,199,-34,-47,-396,1302,1013,6,53,121,-17,56,39,132,-175,434,1884,305,-334,-57,-43,126,162,3727,203,104,214,322,18,-171,14,115,36,1419,188,226,-23,165,-220,334,303,-3,321,714,-33,16,85,-22,73,-34,-570,2036,12,247,425,22,87,446,1473,103,170,68,544,442,1629,933,971,892,114,-57,60,1070,-23,288,-24,774,-180,338,326,91,134,-182,66,432,957,622,1617,57,372,57,1934,235,249,20948,1200,171,-147,-66,277,68,86,136,-47,15,1339,990,59,1078,-79,462,-8,-108,91,13,239,1203,747,237,293,572,13,202,134,610,-48,-54,50,874,193,144,-38,-15,-159,-193,-69,597,-632,-323,-1002,-5,270,-91,69,13,-339,622,-303,327,257,-2,-83,-36,292,41,223,607,497,1107,913,127,469,-67,1086,376,577,393,79,159,1298,-91,-38,639,68,1284,-40,19,10,982,156,237,40,1643,45,505,2688,2034,387,263,48,-37,62,890,622,326,273,429,-54,279,-81,82,-132,-507,149,-139,121,117,31,384,188,80,-114,-236,365,545,-15,62,921,11688,129,-230,14028,38,-9,55,-597,-21,695,134,4830,144,71,138,-27,2682,-165,354,85,4555,234,140,868,-177,47,1789,233,-131,2018,5149,446,-149,15454,526,-353,503,26,-49,30,130,130,-51,140,-80,1692,-262,604,-87,294,255,57,-52,176,2185,314,-173,540,888,749,94,-58,-754,2982,-186,183,602,7,50,-651,197,505,3433,322,-11,549,-81,-478,445,29,137,239,103,-57,-108,119,434,-30,-32,17351,271,22899,16519,17392,110,-3,-34,544,-219,616,402,13570,49,-45,6569,777,1796,-566,234,-190,452,2363,-107,281,95,228,934,210,95,970,-190,-900,436,-67,1076,-119,566,1008,8445,27,2398,-137,124,351,-21,591,736,2541,36,-94,171,-161,-254,73,2415,259,-26,449,2232,91,366,1061,503,1290,453,456,335,584,951,504,252,1902,1256,366,90,14582,182,19639,1095,81,1,122,-386,152,21,257,152,-562,23,197,168,189,3199,102,44,58,62,97,344,26,139,61,44,323,3376,-36,-68,264,7997,67,71,-113,209,-4,131,130,91,127,-166,544,-125,109,276,-126,336,-200,2,770,-8,12,40,129,148,2553,-67,299,263,9,193,699,-3,111,342,-156,529,5448,1115,786,308,553,-215,62,115,230,14,1187,264,1713,5471,-486,312,6,-15,32,1700,502,15112,1157,-770,5111,1213,78,50,-57,-402,444,-451,303,1250,62,572,582,3074,64,-126,7713,89,-23,446,131,517,1834,-137,34,749,2352,1300,-239,10196,3712,4578,-27,303,-125,-73,1256,872,709,2317,180,34,177,453,213,1251,290,194,864,258,14,-14,303,228,226,57,194,388,221,-219,728,88,4347,1468,196,505,356,222,196,2144,101,34,2579,-40,-16,582,180,6396,43,31,131,908,93,303,2,985,169,623,198,-83,280,454,433,690,164,193,890,56,124,419,757,126,453,-130,61,19,-16,-258,1010,170,118,-146,95,1004,-37,2307,1525,-194,430,3959,205,22,-254,806,-105,2991,22,2,3471,583,264,466,310,262,-450,-22,-61,-252,35,-79,285,116,2,673,4374,196,-99,-110,-83,-75,-40,492,-147,-34,726,62,-68,-7,-36,915,19196,7469,2375,-1,50,215,12,69,421,0,297,620,4,-35,148,1,168,-269,1760,368,-162,182,11617,-252,-302,-99,-45,778,2065,-74,1125,213,810,-48,757,204,-352,2416,193,1419,540,-60,91,98,-49,2,1783,586,1158,108,-12,41,692,-49,101,650,175,-23,59,-42,629,-291,188,1540,1047,-89,11960,-1587,2901,218,6,323,62,2070,126,192,222,-636,358,430,22,34,-189,-137,445,-188,1372,-32,125,142,331,916,1521,5450,10113,93,-4,189,445,-253,-286,-103,174,714,143,60,1336,-119,28,85,-2,60,260,69,-445,-59,-102,2459,508,91,-526,68,2478,94,1283,57,72,1120,-61,-213,651,118,-170,255,59,-39,-10,422,18,0,224,17212,-107,133,585,-14,847,549,1073,236,606,174,17,-500,274,2252,376,-163,155,376,340,191,2,2241,97,45,21970,742,76,-239,335,114,478,42,182,276,503,-4,-43,685,444,-79,995,253,-854,312,-147,-173,94,765,-51,232,21,5772,237,16,70,11219,2579,37,182,91,1089,-130,-166,319,776,9236,-134,122,246,592,5048,57,451,973,1089,109,-1066,-92,171,-193,290,275,461,85,159,909,-271,2063,-168,2236,117,1297,43,502,501,1600,-9,227,-67,-366,4218,567,-170,190,177,504,-33,178,-44,1031,4407,82,285,1012,39,284,608,570,962,9155,238,273,308,-504,554,501,634,127,1102,616,15,193,502,254,1065,-57,441,90,236,850,170,120,-96,-291,411,4259,794,-216,1052,2972,11,1690,-525,-193,459,358,665,-24,1491,1844,800,67,142,469,319,-32,799,271,-253,807,62,86,-196,1941,136,-3,87,4810,1703,312,322,-140,-97,6,988,529,-94,1142,-261,121,101,505,634,615,364,-22,-148,839,-166,22,-7,-20,191,179,565,-91,607,1198,3,-1831,31,55,346,709,77,290,-6,616,690,239,118,-149,488,-67,370,53,82,925,2875,194,-40,-7,-92,-41,231,-46,409,-116,-66,411,1584,-90,410,58,187,1563,6,7432,28,404,1109,163,200,210,829,-384,229,-7,2093,186,-55,232,1098,189,234,-404,746,10,31,144,-23,204,-40,686,223,-79,631,206,185,227,38,156,-5,9,308,-81,16599,353,68,-382,239,32,158,-30,950,181,-300,26,172,960,-77,137,738,42,-60,124,149,-59,46,1392,-75,721,152,13,-377,-37,32,860,-269,55,37,-307,1245,44,285,482,-639,-57,77,146,296,961,123,257,61,-94,-591,1084,-229,22,1759,681,-104,-96,-5,688,94,242,1369,-123,34,103,219,247,-198,814,-288,253,-47,97,155,249,7436,906,1285,-150,-507,295,163,1139,-119,1681,-69,295,1290,-653,257,151,-573,308,-91,467,34,738,122,0,695,-76,70,37,-296,228,71,147,-27,12,351,130,324,-331,194,167,131,46,723,-25,737,4634,421,-113,845,-108,826,449,113,42,170,-46,989,145,254,-63,352,137,1326,213,742,153,-216,98,-429,675,318,807,516,160,171,-4,1081,418,887,-116,2935,105,21,2474,78,148,41,244,25,116,-417,880,263,182,-1071,-108,228,270,212,109,945,1690,-85,-69,162,515,138,33,-35,274,40,319,44,206,286,-46,789,37,3497,387,465,10,214,612,1992,1082,438,498,8,-84,16166,1008,3304,353,677,2014,2982,77,89,35,91,47,856,68,-142,163,833,351,177,-24,-12,30,406,1762,81,378,132,36,113,2140,21850,12400,120,-57,134,80,35,137,1171,-15,-53,274,161,0,131,76,-167,408,-154,77,20,321,490,129,0,106,975,1009,126,351,10,826,-45,53,147,296,915,2312,64,181,16659,19863,17566,14419,14060,16642,5551,673,3049,641,-187,833,829,129,112,426,161,-417,-69,660,-41,-60,85,630,491,639,-45,392,4,139,-6,652,124,45,676,8,195,-267,32,-19,-2,102,66,91,-166,-139,276,-91,291,130,-68,566,715,-61,82,-16,994,-194,1166,-453,153,797,-120,-13,257,272,1720,440,115,182,593,73,392,181,155,-73,243,-8,-41,11,91,-21,428,201,89,-107,78,-10,818,115,82,140,274,765,-286,232,1761,181,280,-25,-671,288,25,182,97,45,493,19,-25,397,110,-239,2021,-13,52,278,19,67,602,510,77,21,1961,29,76,101,254,-125,1487,99,312,-125,399,-74,1034,164,325,2268,606,2282,356,21,223,106,-45,804,88,-121,125,57,735,445,500,-21,387,547,8365,43,-100,935,555,-81,182,62,119,106,108,966,224,9,-381,434,60,58,15,3,324,149,184,-175,-131,328,145,-125,-44,71,-78,-119,164,0,79,879,68,1669,223,-414,522,308,513,834,-74,1533,-39,140,-114,5571,340,792,174,473,240,607,-155,0,99,948,-31,2661,176,4138,-171,132,993,319,408,61,17,-109,42,239,479,-48,166,439,160,647,242,-94,847,129,-113,1112,273,1992,218,34,291,172,45,-61,197,576,143,115,532,127,207,1376,-56,1569,-66,-334,496,-98,177,82,403,9,-319,-405,15,1022,965,158,-34,397,11,-18,235,182,151,610,1627,-217,267,85,32,164,-79,906,326,0,319,-951,620,-383,136,-227,20,146,159,-17,364,-120,6,166,129,-26,1138,595,330,465,1292,623,1894,194,11,618,-11,227,545,-13,589,222,1540,-50,151,234,-16,612,-616,670,2176,411,312,253,-43,204,25,-32,3342,733,-304,114,197,1340,94,-32,-8,1429,3099,769,282,-20,-119,239,-486,-98,-149,79,298,111,68,-371,874,1388,570,33,76,-377,-682,842,151,475,407,90,69,215,390,141,547,418,-115,1984,1457,500,2850,624,-65,108,-342,-51,1,177,166,-250,374,-33,-236,-93,5,-84,869,434,1618,245,-198,472,206,82,835,57,4,22,107,-69,-255,-142,1434,553,-209,20,276,123,202,84,1142,-138,218,814,-105,12,312,-47,197,346,524,4641,266,3394,65,172,250,895,646,1214,331,738,6,217,106,2572,-23,133,163,34,491,2051,564,-231,2995,3860,-115,31,20,22,-183,252,61,1655,736,116,614,472,358,102,1124,-75,855,-160,354,24,47,-25,685,331,1149,272,1148,91,-249,57,314,3,-776,1085,-125,29,490,277,308,-163,295,757,-31,267,130,1431,315,11,1465,726,20,904,345,242,249,16717,2,865,-121,317,379,1496,-90,843,-114,-110,2174,178,13,479,1548,13,1191,25,616,327,-42,780,154,3901,14,95,1277,456,298,11724,106,239,1021,1129,601,1185,2083,55,1617,118,2364,-37,794,298,620,72,10384,408,-581,1000,778,-239,26,32,-14,790,2052,363,-54,289,880,31,23,26,300,-593,6,-11,1502,-23,1493,16,1128,100,-22,179,271,8,-230,-62,2501,85,1701,8,88,232,109,118,154,102,148,48,246,319,-30,122,1036,866,2087,119,708,792,-91,964,-19,-60,8,262,-49,1013,-221,2290,-403,-212,93,164,172,1596,116,57,943,0,201,5,93,769,712,575,345,137,49,338,0,852,75,-4,786,10300,519,700,37,51,304,-69,-19,221,581,269,-102,127,274,-90,877,81,180,17,-12,94,39,31,2007,268,26,195,287,345,-194,-28,695,38,44,14,212,-255,-29,-667,-70,-249,1659,65,245,123,215,914,-15,744,30,57,24,-26,91,-12,693,1624,-251,-102,80,83,-72,254,193,-1373,1267,102,45,171,5976,-73,148,-54,111,54,-164,-318,9,276,173,430,41,34,88,47,2072,296,1784,33,-60,915,44,-148,118,-26,-159,14,140,7,833,808,49,8,-36,-48,506,1072,115,1269,640,962,-6,-21,60,487,474,-2,311,422,-50,166,399,834,286,417,16,-448,36,348,-36,-14,814,172,764,1060,-808,-2,93,70,203,784,45,498,-45,328,462,-126,114,238,-195,80,331,98,646,4,811,236,-3,-32,1266,244,1,1291,422,-2,1611,132,159,175,1083,469,-4,1,129,285,73,1213,744,-34,71,14,1183,864,547,-154,1384,1481,582,338,1042,-182,977,64,149,6,-58,99,424,-228,97,114,-296,117,295,157,523,1736,384,659,314,272,2644,1328,184,239,1098,149,22,-4,406,-349,-239,571,-7,38,-21,405,-37,60,450,531,93,516,322,286,27,883,172,3868,206,36,-232,622,110,317,282,897,552,966,-3,194,-301,33,24,154,1016,284,-222,397,1208,1359,68,928,22,103,184,1166,949,438,241,1374,-53,112,-141,150,15232,1625,2172,278,-110,23,-37,2862,400,1274,-328,374,646,95,1065,72,33,366,210,-341,109,68,-136,-13,79,34,3,181,467,-508,1215,-455,205,131,0,741,794,925,96,329,523,308,320,-22,39,4503,982,322,3,-190,34,742,-71,445,325,4,80,631,17,946,11,217,252,-101,40,-4,-19,23,261,-30,-43,178,1106,231,-59,-34,162,46,821,-268,792,1553,288,-53,251,167,-195,-49,135,339,-5,442,185,587,2519,259,650,40,183,845,-104,583,241,215,48,817,332,-102,75,1053,-18,76,-323,8,-525,148,-120,-107,-37,262,349,-55,-189,130,876,308,2999,104,395,-565,108,252,-330,-20,1849,298,-19,32,-97,2191,-67,545,239,569,16,-10,158,888,326,-38,115,54,448,291,581,114,-21,-512,399,1036,633,313,31,-73,-26,456,511,-16,125,-251,428,538,294,54,194,-4,-134,1711,8,847,-57,279,2145,478,888,239,-10,102,417,1179,-68,-407,427,-44,-66,-80,-60,66,-49,1425,-97,1150,16,-6,1251,1275,648,168,280,111,2937,122,493,30,276,-28,1267,35,719,318,-238,49,3478,644,111,213,9,2005,22,-141,-8,-16,679,140,1396,158,576,158,320,11,-43,177,759,0,7873,668,57,183,925,3,99,-120,1472,2053,2964,321,419,6720,256,-339,3825,166,-59,667,11,749,716,193,83,-80,235,423,-301,203,1901,-53,8,1767,122,218,20,2800,40,6195,-364,7764,-22,121,-37,11,16638,-33,86,-38,-316,-18,147,445,922,169,422,5506,-87,4832,91,-55,-219,822,15,256,193,42,654,417,273,4276,-841,20879,228,517,-56,270,318,1205,1268,2228,2876,127,-1,21,-7,14,354,804,237,757,-18,3072,-10,-22,171,-373,1090,-87,79,471,-11,34,981,-597,242,70,79,34,37,45,141,5,327,4,593,-170,27,27,197,19347,22,229,55,434,308,1494,37,376,250,6,67,-88,-95,-143,568,693,56,187,108,491,1071,-184,281,5374,-26,9,-123,427,-464,-142,52,717,250,-15,94,2762,158,-34,-738,1446,556,2141,-63,4754,40,275,546,395,983,7562,195,-289,-16,102,702,260,-47,386,371,124,519,-28,-93,197,8,6622,1571,-50,-33,111,6157,812,121,699,1890,322,2228,45,3519,49,-159,98,17608,-33,379,20060,1532,-118,1854,57,373,593,4054,48,2099,99,149,-12,-135,284,-2,509,767,2128,69,-2,26073,313,114,1993,208,95,72,-17,-21,-63,14,11967,6247,-95,106,-24,11,-52,28,248,-315,-68,83,70,-193,-29,159,1,228,119,266,161,298,629,-116,868,218,43,382,-142,210,1471,-327,10064,2087,205,-28,9676,310,74,2006,299,-171,-185,15326,450,21,2,9,0,3,696,1893,408,24,567,-168,50,2638,109,-30,125,437,113,345,648,-27,156,209,908,-77,17115,5599,290,-190,-151,18,14114,102,1888,152,-38,4312,3479,-47,408,119,130,769,42,21703,12879,-4,-11,646,194,1711,1073,556,477,-165,10236,-93,170,42,448,-84,92,125,5499,100,-350,0,78,-90,44,-115,303,614,6622,531,79,-36,147,80,149,199,-55,102,-189,-57,1670,207,1154,1770,6801,1128,1735,28,256,-85,239,8825,756,324,81,101,356,515,-112,345,-33,246,1769,2048,57,-37,1086,117,1027,714,35,3252,99,1279,2337,2268,398,1935,17902,2768,102,-7,89,216,106,-212,132,690,101,599,20223,37,540,174,29,57,93,1630,641,982,-158,-21,561,467,683,230,1215,854,-316,-86,136,10328,285,-13,186,83,27,-148,-5,221,114,131,-45,49,358,1094,114,1799,195,220,-238,73,26,143,110,314,40,639,2049,528,375,79,524,84,226,-27,155,727,1167,117,-95,68,121,23,20157,-173,1305,133,114,222,240,2077,85,5154,-193,352,88,-60,6482,19,408,133,630,139,455,17,383,133,-8,-232,910,504,22367,12079,315,1226,3714,419,776,952,923,813,4353,485,137,265,32,-338,1302,102,-36,610,346,412,4988,4,44,289,114,-84,4717,684,4226,125,2436,273,178,188,284,165,871,78,-328,-198,729,8,1256,18602,-146,-108,13,-60,1933,-1,1963,808,288,-3,124,111,352,529,933,788,68,1507,1447,48,-31,152,705,754,399,81,905,246,-32,98,1073,-31,2467,-123,-4,512,2355,123,432,404,-35,457,-42,450,245,278,1,1214,845,24,-33,-29,18,730,1211,1596,387,1001,868,0,48,85,316,-109,-218,1072,2517,368,62,-21,1064,100,1345,6,8212,-19,26,494,-20,-29,934,268,-194,564,363,33,2616,239,179,35,14,3161,404,726,351,38,15155,1210,1055,125,384,53,3232,-67,166,214,775,589,56,240,116,104,-15,578,2194,3602,1437,-488,401,171,198,734,1303,1088,14028,458,9928,985,487,122,711,852,86,0,-550,-260,-9,48,221,3901,62,114,125,-17,16,-72,836,11,55,4757,620,-73,14418,32,1096,4018,-21,25,172,-15,91,-52,118,285,735,-39,195,2356,285,324,-124,411,120,284,50,394,-178,-85,577,328,191,-10,161,-7,882,-276,67,261,-285,173,-253,15,67,-163,274,1447,776,374,-375,79,98,520,607,399,469,60,326,-79,-11,-21,345,487,777,60,820,5,-7,24,141,289,404,144,22,11,131,-9,1010,-27,-256,148,158,99,-14,24,239,2258,274,-329,0,-71,1222,81,495,163,689,20,406,403,-540,-44,-163,19,66,828,-5,171,164,14,28,-7,0,128,1223,161,1728,-39,2955,107,559,2023,35,21,945,651,282,684,410,247,-31,200,629,32,444,65,1330,206,-51,-255,-3,468,-336,193,964,258,51,1168,-820,517,141,-89,-42,895,1270,416,-81,5,-837,49,-38,3,-91,58,13732,20,873,203,452,5,35,395,-148,101,438,1070,36,616,570,1782,318,-93,-113,-406,2190,528,-7,57,206,1572,336,442,316,-94,538,141,379,150,571,199,3,-427,13,131,702,911,286,94,-1,973,131,469,870,248,36,-102,100,4,648,96,1237,852,-113,75,274,-1113,137,624,309,547,1728,-192,-257,-396,1073,-185,556,640,1524,27,-478,381,347,1078,1685,401,231,-531,-91,585,35,195,2802,103,29,1364,2696,-75,-27,70,11796,2884,-77,661,-158,-54,1850,468,11,30,197,90,50,253,63,981,247,87,45,375,-6,-55,17,174,-471,205,-21,447,37,1441,20,125,502,110,-32,554,-74,596,-127,1716,157,431,-44,1174,1314,177,-85,252,1176,-16,401,112,160,267,-193,38,1199,-330,41,-178,26,377,354,-3,85,45,256,261,-110,-450,-263,77,135,537,132,150,-12,74,62,-94,30,-11,66,161,124,-203,631,111,-55,-10,307,182,20,-366,138,986,-156,422,641,-214,161,112,-190,391,793,-10,397,132,94,211,237,-22,882,-224,187,-64,1264,-365,47,-80,58,540,14536,1323,0,1577,2133,79,-138,321,502,212,-267,-91,215,-213,-246,-10,228,4778,101,292,17,-95,430,481,250,573,102,-58,16,1674,2682,504,102,259,159,36,69,268,12112,108,-102,-57,52,-34,15349,1304,59,18221,781,-13,-420,153,-9,196,151,393,5714,132,150,404,508,2028,402,-6,1241,144,-127,199,200,175,616,735,1264,420,59,-122,319,58,-5,328,4939,121,1885,48,157,-6,-116,-69,253,-104,818,118,1100,3139,81,577,278,-1713,258,-3,93,245,-26,100,52,456,56,170,145,214,14199,1625,-56,453,-121,52,1378,-142,571,-293,-121,1459,78,-70,346,4751,683,677,593,731,656,333,216,2698,514,-118,159,-62,-369,-85,-21,15095,-444,1177,914,-492,366,-370,97,132,4,-161,-38,-29,-34,-63,-142,-2,125,67,-122,-35,57,-634,-10,-104,11,1256,30,-262,284,11148,-181,665,55,9,1138,173,104,16025,3657,125,483,153,-39,2249,1211,897,771,-87,619,1476,154,81,1041,104,706,154,38,-137,122,544,923,13,-16,444,35,58,1576,171,902,-102,139,123,40,12,258,249,41,10,1187,-246,777,151,48,133,1947,-24,1,-29,116,25,709,185,527,-514,-43,38,49,22,567,-15,1679,2164,2087,340,90,-157,109,388,18448,56,287,755,471,-127,2096,392,254,1226,41,29,3575,568,-36,-28,52,-78,-131,3,660,64,42,23,1922,-22,35,359,76,196,85,637,160,157,109,319,-34,132,85,67,-11,400,-145,486,205,56,-514,73,915,131,261,171,410,2257,2210,-54,1834,0,324,65,-238,217,14,-5,1,84,57,73,13,208,-160,77,83,-63,-10,165,340,485,106,1,236,306,26,-90,-124,159,-53,10,68,49,545,134,246,95,133,23,251,216,7,435,1075,-8,423,68,44,5,321,472,286,-121,243,92,-21,272,1905,-19,-53,336,143,265,124,91,243,4372,-4,14,222,1165,853,137,16,240,11,46,169,-57,2,2840,112,307,131,83,6735,399,24,-24,-58,52,161,26,91,-2,-65,-838,376,169,4165,367,9,79,170,216,211,523,2458,173,59,1071,79,103,3498,503,1241,-14,589,35,566,43,1,2236,367,297,-59,-34,-9,347,-27,67,0,38,11,363,-299,5098,122,-39,-91,-370,1479,7538,-144,-168,60,-159,-11,48,-187,-112,18,1307,220,143,145,2544,244,2096,-27,872,-561,-32,-91,-16,227,1822,-24,0,-630,-22,535,312,-40,108,126,1169,948,2182,463,401,11,40,-1534,88,-95,-22,10965,113,107,81,495,338,465,258,679,44,16860,1455,-28,13,392,474,88,574,205,186,107,34,137,115,14,-56,1532,1803,79,-56,-393,-13,-34,180,168,-137,-19,119,98,169,98,1187,188,79,102,183,-79,0,741,-62,-122,70,348,-316,709,354,2,1199,97,-33,114,-77,287,-217,54,411,5,-128,-182,2485,-72,68,173,754,961,34,-262,978,559,354,268,-22,2055,2952,1597,1981,-262,2462,-6,-18,6317,49,151,47,268,-903,20980,44,1105,-31,328,42,70,422,57,1088,282,0,11,408,1037,69,3814,378,3152,310,388,8,27,692,38,-114,-125,-148,89,51,332,111,-297,-191,1,1206,540,-331,-235,491,2690,586,139,26,35,254,170,793,343,-141,1514,-27,-213,-196,-96,942,3311,279,-69,-320,4035,16,1715,14005,-121,360,22,6902,18546,1920,-125,-397,225,1960,-113,352,37,-26,158,821,18012,19270,54,38,213,186,171,-179,-20,98,243,59,230,1918,310,17,-35,16,-467,-531,867,-5,-199,129,-9,-11,-648,382,278,-497,94,-158,125,538,77,7,65,23,86,1,-39,-352,-57,182,5032,44,329,362,-91,16,245,832,-435,441,-103,-37,-50,163,-159,10,-14,-76,180,-408,-99,-26,317,502,3436,10288,3794,12696,-228,18,88,186,58,13,1077,-232,99,-147,739,13,190,72,19,240,95,22,-111,-122,382,4802,60,1188,-7,423,88,664,-209,373,8621,-49,-3,56,500,-1185,414,-365,386,128,-40,80,133,-38,88,309,1141,1030,639,331,66,225,81,63,29,35,49,-2703,-131,603,68,131,174,-217,326,67,445,-1335,-525,-395,1041,715,938,765,41,263,-296,-62,-61,180,172,2,871,108,1039,1087,1317,387,166,9,1363,59,425,128,-221,102,38,518,-107,518,182,20,137,246,100,1679,206,427,153,-18,46,-88,-353,-237,148,543,-1257,1077,33,-80,-312,198,635,15544,1395,-28,20699,-17,-29,-21,-184,547,427,388,-936,1256,228,73,7473,5619,6405,65,1323,-11,38,93,-65,345,68,228,145,-26,174,-182,-9,217,5153,251,9,566,754,-60,36,-738,-4,417,108,-66,-25,81,-240,41,365,291,237,-29,34,11,40,1251,810,-519,210,-150,802,904,137,542,-11,1695,936,117,383,-76,3377,2839,1239,10737,23176,80,409,5,-22,-32,131,514,94,630,293,-98,-55,-4,1205,180,285,-786,274,188,20,34,136,531,308,589,-199,671,17717,716,96,-40,109,275,160,69,43,309,53,-82,-401,73,1436,799,115,571,256,0,-168,1066,-90,5325,756,72,-136,165,-647,48,195,208,2314,148,61,1352,-54,-47,359,37,-65,1050,45,-34,-22,499,1062,224,255,295,155,210,-48,349,750,-134,79,66,146,-5,66,1783,60,373,473,25,76,-92,1169,148,465,-688,-247,-12,-848,137,2,1442,-42,689,159,147,-93,-10,293,118,-136,-9,443,-26,182,111,-152,296,93,-111,284,319,1418,-125,228,1171,1059,26,189,239,675,353,765,-12,30,848,22,32,0,590,1202,45,418,-93,28,-149,-81,-207,-317,187,40,1059,-138,28,-141,88,-445,140,-1492,2555,199,159,1051,164,222,5009,14856,532,62,1269,272,202,-231,-151,25,184,9,7712,228,12125,11,-1,11547,1619,248,71,-524,18,665,449,1912,-45,-631,152,862,364,44,115,68,151,-99,-98,-150,330,561,686,182,17378,-88,-16,444,-3,44,1060,68,45,464,-231,-72,0,551,66,827,2362,7817,-33,33,7,102,-16,-18,2617,608,-134,2373,4932,13,4363,-322,39,5059,324,51,-129,-525,1654,-161,566,-405,514,-364,1580,146,-228,-7,1044,-131,557,380,850,620,31,331,5517,-647,24,561,662,265,196,331,101,4188,2526,-104,-24,150,116,499,573,49,1423,373,561,88,-34,204,261,-1,372,-19,32,-13,1382,171,-25,-1031,-330,5848,139,20,803,865,-178,13,33,-68,57,840,1191,102,-32,1004,18505,11,298,287,1,152,-464,322,6754,244,76,118,437,1498,20,35,715,373,45,702,16,542,980,539,2,300,11,279,147,-29,2033,4601,1417,57,-437,20,-268,1621,89,-105,-217,28,18,396,1060,852,582,280,-566,5,-67,880,-502,156,4152,426,161,13,518,25,308,358,1105,-110,-13,375,80,399,187,133,-418,105,200,15769,24,94,517,-484,-16,563,360,554,3,128,888,125,5539,137,153,1116,70,-90,268,237,269,76,963,46,753,876,1144,21,47,137,-82,-1,57,1693,15,463,2090,1167,256,616,90,-25,239,54,-97,24,-11,-208,25,1277,5,231,215,230,562,944,198,1408,283,-62,88,324,45,79,139,-250,564,-1,13719,9365,-463,-36,573,1763,378,14219,94,105,125,117,-162,86,208,483,90,680,245,286,899,8,-50,-29,73,-97,-73,-4,34,1816,519,-333,-178,-155,130,-26,462,575,63,338,552,-14,44,658,113,3,150,-80,-41,696,-259,96,35,1976,-677,582,-451,310,476,685,-3,-3,-449,23,-22,-42,171,318,3041,-160,1670,688,575,80,-663,-194,-146,-20,155,-48,2403,106,316,332,-244,-91,-204,23,189,-562,536,1069,119,-97,601,-321,-45,-24,83,114,250,651,245,309,915,1520,731,577,244,225,209,1202,54,-490,198,-120,592,15155,581,5,-18,148,270,-45,161,2357,102,273,721,4046,149,-91,180,354,123,516,55,-141,128,1082,302,711,-360,122,139,46,50,800,434,2846,-445,45,6,566,424,7858,9836,-2,68,1058,79,3797,177,0,251,-765,707,201,1132,405,510,-3,2377,38,-176,-240,-311,197,252,1991,34,192,242,39,-158,47,595,209,1644,-45,-270,-162,494,265,-78,-22,141,-138,240,-15,114,-183,1845,53,-31,-460,-2,-343,7440,137,-559,-536,978,11569,-63,382,75,894,354,146,264,1844,-459,57,930,115,106,60,311,94,-11,249,488,9,66,1959,168,-185,92,574,73,408,-13,-93,112,8399,-45,517,-108,-272,-1043,223,982,2326,111,-1998,-3,-18,23,651,41,31,-79,363,324,-54,1425,733,194,551,288,629,2201,873,7912,6325,-538,459,31,90,-23,40,1621,-64,-1026,-1391,22,571,-188,-800,809,106,-554,849,44,81,-397,4374,-91,-113,188,729,515,2300,955,-182,691,285,-155,1873,3754,133,218,303,296,13,16139,-775,-2920,-3077,-10279,-1107,96,699,235,-22,-62,16,-22,327,856,1116,11783,9347,196,4,-117,-61,6951,352,1119,-40,122,154,258,-372,1187,178,34,969,292,-105,13,6,199,973,1032,78,3568,-71,161,0,-549,-131,41,683,211,179,-17,105,212,-49,223,58,62,-30,108,-129,397,817,350,90,1969,-9,-232,-7,-73,209,114,360,239,-25,105,3,-242,357,330,454,1794,1247,56,-93,13592,154,11,-19,66,26,292,-29,124,-426,50,37,-57,1576,139,-45,-133,120,542,-28,-102,123,-53,-244,4,1298,-29,167,-87,171,468,-79,-114,-38,525,414,672,418,-17,449,-3,141,-47,567,-13,383,79,912,-28,348,-9,162,315,-125,17,67,3611,63,-38,99,229,5688,-7,-66,248,68,96,270,11642,-6,372,-112,183,439,-69,447,-132,114,121,-92,1233,915,-158,-53,242,24,0,86,232,132,794,-27,228,117,78,2,52,-167,430,4,123,234,-283,15,45,-79,36,1039,2547,-74,-102,-340,1514,72,64,155,152,71,-11,-29,92,203,30,1450,65,327,4455,1585,404,-49,783,-1558,100,-138,64,-7,38,-2,-4,-21,491,16,217,497,306,84,8026,620,330,100,98,207,-135,-67,848,536,-151,202,161,503,895,-91,-95,924,701,133,-12,22,859,2,-60,14015,338,309,7923,14,89,12481,12622,1600,-519,69,42,419,-61,79,-499,62,-64,263,159,1968,93,965,-43,-262,-248,577,613,373,187,62,587,662,798,843,-84,-238,34,0,208,10201,392,97,517,36,814,30,140,-141,234,-29,69,17,-38,-95,-32,-58,682,-145,305,217,-255,420,375,563,501,18295,13564,554,164,113,12952,13480,365,1451,-105,57,242,20,174,57,453,65,291,11,143,251,-75,97,1187,409,617,-34,738,11,742,234,72,109,-30
70,-55,-44,12,129,-108,-301,-222,-133,136,320,81,-518,-168,-102,57,105,-61,-167,29906,10,-12,-111,78,-194,-52,-80,-71,-17,-61,-103,-179,-12,-508,-199,-167,-117,146,286,8378,4246,6833,11777,13011,19526,15123,20711,18758,154,4,129,17714,17926,187,2346,126,335,402,-7,392,249,-3,215,49,27,37,129,1249,-12,371,-628,-745,26,80,-218,-58,-44,133,88,448,52,103,737,34,-3,75,159,-99,1072,165,10,361,86,617,361,266,-72,7,125,27,-58,125,-163,57,-128,-148,20,2110,578,-504,312,-80,-32,91,63,-581,-75,103,-66,1,-125,-66,-140,211,366,-100,-18,321,71,170,439,287,547,68,51,-9,165,60,583,360,388,-64,199,-24,137,102,194,74,966,49,-41,293,176,83,737,382,64,549,30,451,-222,433,473,502,128,80,40,266,208,1067,284,1172,46,348,199,13,163,-26,38,-29,269,1197,100,-37,109,-74,-80,-32,-54,-1123,-109,1605,9,-88,-129,371,1454,137,193,-37,442,47,433,95,157,13,-21,71,160,120,361,-77,-224,6,-95,3726,-383,15,1409,-156,1460,348,-74,74,18,0,12071,-154,340,680,9,88,241,659,335,61,6,160,267,1271,100,2968,210,1189,-41,29,-119,-232,159,272,208,51,1188,117,-38,586,-204,85,-15,21,-41,2688,849,-312,744,-77,66,63,-761,3,-78,-284,78,-41,180,239,368,91,-145,-143,0,-44,637,5873,187,-23,-100,51,448,945,-29,15569,983,1598,-20,1228,20,371,29,211,108,83,20,136,78,80,-30,122,1949,92,-13,-173,761,-58,60,354,-32,143,0,95,18,108,1468,1181,1830,131,247,326,293,63,119,914,1150,382,18,44,35,465,171,1655,392,112,207,648,-99,-7,-32,708,77,-146,409,385,103,4320,357,218,35,1133,148,103,81,-542,430,139,1330,18,173,-27,1478,575,479,727,-176,47,71,1319,470,123,358,329,269,95,-23,-112,1573,802,642,-784,187,77,1421,-12,-49,80,-111,23,227,-55,126,583,819,459,236,361,122,146,157,-116,-411,-51,58,510,802,32,-38,426,68,61,26,13,69,-12,20,267,550,116,103,581,63,41,18,1081,85,-86,-148,219,112,459,385,136,75,1424,167,213,-9,228,-320,123,-69,129,903,476,137,640,-52,-20,-171,731,-117,-94,117,12,0,866,1792,-111,-23,-204,-47,-112,224,-35,114,120,13,167,-163,286,34,-32,671,102,-35,304,247,425,207,54,97,85,454,60,290,198,-392,26,114,171,134,266,123,-72,-21,57,1291,-420,716,295,41,1994,-188,-232,109,261,-17,-17,0,702,478,52,297,47,321,137,-23,-461,640,139,643,177,109,417,3903,74,391,71,703,44,440,160,74,655,275,7745,649,225,4,99,-409,18,61,-15,940,0,210,878,1181,24,23,242,24,80,-34,11853,128,-69,-66,-29,18045,4,-306,552,47,-10,9,512,402,170,213,106,85,416,-27,-434,374,29,840,-51,242,380,103,136,86,40,10,-174,377,97,119,77,-32,-24,37,-32,454,1177,402,304,357,-476,258,77,645,235,131,89,40,284,1864,27,145,-207,318,999,-49,47,-188,245,126,-58,-165,146,24,52,199,250,380,125,-41,102,638,-4,375,9,-196,-3,399,176,238,566,72,236,-6,74,844,85,63,69,0,-37,34,23,-58,165,297,400,1068,855,1016,-18,1,292,-112,157,171,4,649,445,122,464,47,3,86,567,-77,38,-106,-103,-180,7,255,-157,199,170,15,129,46,58,904,606,321,66,64,546,-413,-44,-232,108,-81,61,264,714,-37,832,100,7,91,185,32,74,-18,24,666,-43,304,-1353,211,-44,-46,146,491,128,527,24,133,233,68,171,-47,204,99,453,-213,38,165,17,10197,-18,35,136,218,660,-241,97,369,-428,-43,123,3302,139,117,-145,-1,437,-405,37,108,60,352,-34,1265,109,134,74,1577,145,17,24,320,550,30,1896,-105,303,21,-74,-34,-215,71,1528,-78,159,52,126,1533,997,32,-140,2984,782,280,-55,180,-242,1768,3589,765,160,167,150,-21,-21,17471,632,102,2533,679,437,317,236,71,490,-366,-1107,284,-242,-900,-496,-747,-255,273,-462,125,431,2322,672,259,-47,150,397,464,-105,157,66,10,35,52,493,317,-611,27,156,-46,58,1698,120,1,133,-150,148,-615,7,331,-92,-95,-102,-43,-66,26,47,459,-99,422,-157,728,100,103,140,1649,24154,205,196,140,988,-103,295,-1036,6868,0,-112,40,23,-13,167,638,99,25698,142,-21,23,108,307,-38,-394,32,-355,15432,-106,-119,46,-3,799,21778,49,-629,7,244,95,66,266,-652,983,153,-137,23,-4,2623,154,676,216,19970,847,-312,272,300,185,-13,55,-72,52,10,24,10666,204,58,-30,46,-60,324,114,-194,-123,-331,97,61,-160,-306,-23,112,-442,467,728,68,-179,187,1019,-92,-136,78,388,-89,512,12,60,389,26,-125,4,-230,47,-3,167,57,77,-249,-109,97,-286,-13,262,-139,530,24,430,-174,-225,14974,-37,368,-12,247,7,-245,-134,-68,349,3,-66,108,7266,18,235,-228,286,666,116,462,-346,-4,-27,-143,267,-66,-2179,16020,103,49,-346,5148,-38,-1,-102,15514,-224,368,137,219,-116,-119,-626,496,145,270,-80,512,-106,566,314,83,307,176,-708,-24,278,417,440,-15,272,35,-787,165,306,1304,708,1370,142,116,-210,-92,88,1745,235,628,58,8169,-66,442,1265,1146,-196,24,122,9783,1783,493,389,2872,131,68,106,5433,44,357,7,471,12,179,47,-58,216,18,51,157,-564,171,971,-15,-10,196,2374,1406,241,-417,355,185,-41,250,512,259,840,1373,10,17,-27,-41,1150,396,2326,388,15,595,12,4953,560,-57,133,-680,-18,-41,-146,-57,-54,-83,13,344,835,262,665,27,-7,-85,-142,211,137,1147,94,139,126,58,301,64,151,10,397,-52,21,768,-211,-29,180,120,508,83,180,1447,171,2021,239,167,43,38,185,-9,-29,-55,126,-116,225,969,1,-156,-44,18,176,68,-29,-91,1270,244,-762,417,47,17,77,-400,358,-163,737,145,159,-303,301,-81,-46,-15,-368,38,1769,-43,-637,-61,-310,31530,12417,129,-167,-638,122,-194,52,140,12,-270,74,154,78,-573,-24,32,2134,-261,284,165,-12,1,111,448,-44,573,2111,-68,0,-13,406,91,-27,88,628,1927,143,-1,119,-55,32,99,6,1534,-26,157,15,547,26,-143,20,37,63,-85,2241,43,235,20,252,1318,623,-81,306,1041,-116,733,12799,-43,210,-61,103,1568,30,542,41,184,88,154,69,146,250,795,-30,117,-3,44,97,343,191,95,18,-836,77,151,44,581,1760,228,400,184,-131,227,58,-85,57,-35,708,91,269,2696,102,624,63,-1403,52,-326,-228,171,-1362,-17,915,278,81,581,1072,108,77,-51,60,2156,-30,297,43,68,943,403,1229,32,-35,768,202,72,142,-1,89,92,784,17081,66,1421,3363,117,29,12168,41,236,26,1208,669,1002,77,1,20,-32,617,57,301,69,27,12,88,1878,171,-38,233,60,270,765,-575,94,1805,89,-157,184,603,194,-69,1,3,-68,3,-525,-137,-7,143,-612,199,445,4517,533,521,83,-140,43,191,0,145,230,-117,-1,6336,99,-626,99,54,-128,51,-550,134,-236,-44,18,146,440,1010,566,411,139,92,109,323,-1599,208,324,-112,-24,89,-49,-227,295,491,49,-47,-3,-68,29,-12,369,-83,64,887,437,-174,-75,-368,1,72,2696,143,55,171,301,-29,261,7,97,-24,594,193,49,-43,129,-632,64,253,-61,64,513,-57,34,30,77,58,-32,-607,1253,238,6,261,-21,15,-276,190,232,57,68,782,346,1166,358,326,609,35,-89,-46,934,-88,363,43,255,-295,459,-538,-1,154,-35,0,145,575,276,433,7,21,12,1056,170,341,13018,369,202,-75,-23,258,43,83,-21,37,-12,242,728,81,505,-44,201,-159,-88,-6,374,32,211,314,-1,165,361,24,32,69,309,-86,-40,-26,343,46,60,12,60,-91,1,-150,29,-621,78,-413,-20,-275,38,24,-4,-128,310,-671,433,-20,6,119,-167,81,-20,49,434,23,485,198,0,334,57,303,210,218,468,-54,92,575,-111,-4,-32,-26,853,40,-7,35,335,12,180,-20,3991,63,276,1330,795,457,159,-4,-54,-23,388,216,-150,9,97,23,363,-68,15,-358,-1149,125,-241,129,4,60,379,-194,12,-119,-443,26,114,26,15,835,6574,184,-92,8171,-29,-1,66,-365,7,131,80,1644,346,-7,60,-256,343,-207,-68,1208,694,95,97,787,106,58,1058,126,-92,529,3765,163,-103,17228,326,-324,430,133,7,133,51,46,-74,95,-117,1045,-479,47,-57,-249,17,21,-7,40,400,109,-156,368,578,634,7,-4,-99,1022,-41,176,275,64,112,-357,61,426,1834,157,-68,431,-46,-156,123,131,46,-85,55,-85,-154,103,218,-204,-74,24451,269,26742,25683,18551,64,-89,-20,13,-156,242,618,10216,-21,52,3223,917,1072,-275,140,-159,270,805,-97,66,66,13,516,-21,86,863,-250,-414,284,-44,1786,-239,134,298,6098,13,1519,-221,37,30,94,-37,603,453,134,283,44,-60,-119,-165,1308,111,55,952,1096,-23,335,988,171,443,281,631,310,196,177,179,111,379,54,278,-163,10640,34,27841,468,95,17,337,-949,-55,95,221,94,-392,-29,-63,26,174,-4,100,29,541,17,30,304,-4,32,-244,20,343,3409,-38,-134,241,3486,7,0,0,-796,-63,88,-34,60,4,239,170,-431,-173,49,-337,-3,-125,40,312,108,23,-49,30,102,892,303,249,122,68,122,563,-29,60,92,-108,310,1169,349,3,111,211,-151,-111,52,225,0,208,185,157,1706,-329,-83,43,38,40,1229,470,12939,816,-232,974,242,13,44,-83,-561,129,-344,64,154,108,106,239,754,15,-52,9490,139,-23,159,139,267,558,-13,17,145,949,1147,-91,6205,3072,221,75,37,-51,-9,904,437,131,2572,157,0,290,41,375,290,194,239,4,-51,111,66,46,77,228,74,92,363,191,-208,357,-145,2516,638,134,61,276,18,236,962,72,7,1899,-4,-58,414,218,1458,29,99,140,185,12,338,156,1734,111,360,120,-159,20,327,30,363,-157,21,129,75,57,405,-69,448,71,-89,114,201,-60,-114,691,535,81,-184,-160,563,3,858,946,-392,403,-26,63,-611,-213,329,15,2080,213,-3,1358,470,-153,46,392,156,-320,-81,-47,-111,23,-173,360,17,0,208,4,57,-473,-58,26,13,3,95,-346,49,-114,38,533,1,1372,495,24524,4110,900,-4,81,60,-17,-29,71,-27,194,259,29,159,74,7,61,-119,1025,196,-208,-32,8666,-139,-119,-74,-99,176,1243,-69,430,377,459,-68,335,247,-256,951,7,253,433,7,34,49,-63,20,-26,340,366,-89,188,-26,408,-188,379,207,-21,4,7,-30,518,244,69,655,238,74,15807,-1174,594,75,-34,211,41,920,13,46,123,-1087,151,349,-1,44,-97,-111,287,-109,1270,-1,529,34,102,153,813,11194,2260,100,-49,-44,86,18,-171,-24,-34,154,125,58,761,-55,133,-34,15,64,213,106,-86,-43,-157,952,32,69,-645,35,437,44,471,-75,-10,676,-24,-215,425,857,6,105,-131,-18,-3,128,30,89,0,7798,15,233,221,-12,230,242,590,4,228,413,-97,-2215,133,2461,148,-218,66,580,242,-57,-77,840,32,52,20751,515,4,-157,136,55,250,-3,301,445,309,-4,15,501,594,-54,621,27,-1175,-34,-247,-114,-171,103,-71,-27,-44,2096,129,-321,13,12294,1070,-88,17,105,94,17,43,119,199,2899,-13,-88,44,363,2651,108,266,504,105,7,-426,-34,91,-269,119,160,379,-40,102,88,-77,490,-83,889,40,544,193,177,207,979,24,256,-108,-216,2815,199,-105,230,-21,176,10,41,-187,188,448,326,241,334,72,163,112,307,1024,1814,473,-3,225,-74,119,266,461,105,126,278,-30,-38,301,228,413,47,74,29,111,550,10,-210,-9,-289,487,872,750,-635,959,1796,151,716,10,13,280,293,280,320,784,775,283,-26,-9,-156,95,-284,173,703,-323,753,13,80,-137,1041,281,-157,123,1799,723,64,47,-137,37,372,283,423,-430,614,-213,69,-94,163,218,218,85,-63,-160,450,-168,-44,-40,-7,314,242,171,-85,106,556,10,-1608,15,55,-1,60,41,238,24,137,255,64,120,151,812,-54,91,71,-9,606,340,63,-106,-17,-49,69,108,-204,174,-97,-55,337,598,35,276,35,88,669,26,4156,139,146,358,230,143,120,530,-262,95,20,2247,187,6,187,448,109,54,-211,482,71,-9,103,-23,75,-103,10,349,276,72,275,170,-54,61,88,-17,146,120,-60,10632,267,15,-321,47,465,-55,29,747,122,-224,106,106,241,105,15,-136,34,24,-44,117,-137,74,799,30,736,41,18,-193,-21,17,207,-289,133,-49,-312,142,-57,151,310,-742,27,222,52,7,309,394,262,125,91,-95,723,-235,-9,488,744,-163,-63,103,278,-20,99,908,-307,38,180,-71,9,-160,128,-114,119,-185,12,103,83,4537,375,434,-219,584,171,111,119,-6,-3,129,74,363,-349,185,174,-733,536,-114,196,301,615,55,32,366,-89,21,443,-293,21,17,-63,17,40,182,23,-7,-6,187,51,111,1,422,-4,338,4896,293,-38,609,-160,1537,437,131,-4,23,43,122,35,54,21,137,204,728,34,256,174,1,-29,-700,143,201,560,148,105,-236,15,405,120,580,30,1497,43,-86,2031,-125,40,100,-20,10,114,-150,185,184,111,64,-37,204,222,-30,122,519,1282,-150,-9,17,276,-1,-34,-49,120,78,171,-75,97,211,-12,252,-91,202,228,536,-29,89,830,1266,331,157,323,86,-502,10349,389,2339,145,177,1036,2124,167,86,32,184,-142,368,44,-94,37,549,154,71,21,-163,-3,213,1786,-120,35,-29,68,94,1381,17962,13143,185,51,219,204,12,44,788,18,-20,81,89,37,60,-119,-185,300,-32,126,-18,122,179,202,-4,58,544,406,129,225,6,386,13,7,68,145,269,1123,-9,-312,16665,21831,14603,9462,12295,21764,5470,255,973,106,-100,382,92,151,402,-126,30,-454,-236,501,-10,-23,71,340,145,249,-123,450,10,26,21,365,258,75,297,-18,-3,-13,-3,-3,10,-74,99,-4,-134,133,13,24,35,134,-77,403,628,-249,108,-3,216,247,193,-190,75,396,111,112,51,225,238,18,46,151,631,47,77,9,9,-49,207,26,-35,26,97,29,241,207,64,-81,-3,-177,125,71,44,284,266,199,-314,18,1065,400,131,-29,-275,270,34,193,385,61,202,-43,-20,499,10,-159,524,83,78,-15,3,117,242,360,103,63,1336,15,6,63,-51,-47,310,320,264,-88,379,-18,102,21,64,544,338,827,-120,-23,103,-24,12,530,81,-139,15,601,437,108,116,6,151,290,7829,12,10,315,-52,-99,49,-7,-207,-44,109,235,272,15,-171,-64,-66,38,29,-156,331,44,-44,-171,109,442,35,-105,782,35,-18,-20,18,51,95,549,-27,592,17,-321,34,131,55,474,0,549,-15,81,-63,3751,-7,679,109,278,-109,165,-157,40,52,461,-171,853,-140,1140,-30,80,63,146,128,58,66,100,-69,64,69,-116,0,388,99,122,-102,-26,400,-77,-103,431,269,1076,372,-6,37,-23,46,-74,72,163,51,89,-78,64,71,273,-21,1072,43,-196,366,-80,109,26,176,119,-569,-507,-3,672,447,-205,-120,326,-253,64,0,194,165,72,720,-253,83,-55,63,7,-40,501,643,-15,211,-1817,-142,-140,68,-112,21,252,159,26,233,-80,-7,119,-86,-230,1044,191,210,88,812,239,1010,198,34,824,-221,108,191,7,126,89,759,116,12,-94,4,165,-396,474,1265,136,-71,-270,13,-10,57,17,1615,41,-706,27,32,1353,-17,-129,-15,338,877,369,88,-72,-219,188,-468,-54,-117,55,264,10,-49,-117,201,631,165,-126,15,-516,-850,1304,44,94,51,29,51,225,440,-18,922,41,303,776,361,219,737,119,224,-1,-284,-57,-4,71,148,-134,128,46,-162,-34,-244,-320,532,-32,849,60,-187,468,180,86,284,54,-150,57,174,-27,80,219,487,218,306,18,218,-7,171,-4,468,-163,258,555,-40,34,102,12,66,481,170,2425,170,2120,114,-55,-12,338,566,1002,116,569,-58,133,20,2925,23,69,117,43,394,1608,160,-173,618,795,51,69,211,3,-207,64,-80,163,114,150,182,-72,309,15,459,-176,340,-153,505,-730,38,-57,535,428,205,230,301,343,-154,-225,54,99,-63,349,-120,-60,462,372,179,-89,-23,280,105,131,-262,207,86,12,577,292,40,344,382,136,71,12372,-123,315,-58,86,210,682,-116,249,-40,-190,2065,63,4,399,219,-21,626,261,148,83,-1,343,72,1321,-27,46,925,49,43,2854,232,63,561,611,-9,380,1376,26,-38,-7,512,-32,193,99,163,21,2139,63,-976,771,649,-202,-1,60,-9,303,858,199,26,114,956,-74,58,32,198,-448,-60,-66,137,92,932,-44,858,-163,-57,92,27,211,-77,317,413,61,773,91,74,-69,-46,92,228,160,54,94,77,-112,4,177,436,409,1353,23,323,261,-52,-812,-24,139,13,230,-86,266,-245,880,-391,224,34,126,86,925,71,-9,488,-3,30,13,-60,241,194,292,68,-23,80,170,-15,391,-4,47,484,11232,482,881,0,47,351,-77,44,216,250,185,-133,20,310,-123,829,-18,120,29,-12,37,-34,-24,968,97,18,86,140,117,-290,-12,280,-54,109,27,-334,-77,170,-77,-35,-66,459,92,187,-142,81,474,29,414,-37,94,-43,105,20,3,208,1525,-15,-250,15,52,24,213,437,-1287,982,-171,188,85,2913,92,162,-40,23,10,-239,-397,7,43,315,262,71,154,289,61,889,171,1090,-105,-54,617,9,-72,-133,10,-91,-4,0,29,505,1079,69,133,47,-37,188,1064,-136,628,143,450,-41,12,236,180,442,-3,71,51,-55,77,198,917,295,131,-1,-9,60,68,-71,43,544,109,335,603,-600,18,20,52,146,522,0,188,-4,37,314,-47,80,324,-66,-37,38,40,284,-95,167,-105,-21,29,1299,128,0,442,392,34,561,13,63,-37,1031,37,-23,-6,30,193,92,312,462,-57,117,-1,1058,315,369,-227,247,439,303,-37,805,4,578,37,334,-47,-137,225,242,-280,-4,38,-140,24,37,80,419,411,198,85,301,241,1279,1437,10,-491,713,17,-32,9,185,-208,-253,77,29,32,-3,501,37,0,102,1056,-222,-801,-17,20,-3,123,-255,1720,-580,-34,-71,43,-18,227,434,150,425,587,-3,122,-116,100,43,163,207,69,-86,64,18,210,1,991,24,-1,179,343,586,278,173,501,-21,184,-264,117,8581,478,529,154,-40,-77,-24,2325,270,344,-58,179,358,109,646,20,89,136,297,-264,23,21,-95,61,46,-3,-18,34,236,-391,137,97,18,26,44,151,445,697,26,142,487,105,60,4,88,756,334,696,-51,228,117,157,-52,349,30,68,23,145,-47,598,34,77,80,-20,-136,-44,47,159,-9,-10,35,131,470,385,-30,-46,35,21,259,-47,587,850,-236,-156,-17,12,281,-213,-145,4,3,201,-114,44,440,238,587,103,145,544,-216,530,123,162,109,196,301,43,207,764,-17,38,-266,-7,-894,-37,47,219,46,-17,51,29,-317,-160,193,46,1669,-34,1,-872,-3,15,-35,-196,586,77,49,3,-122,892,196,228,190,188,91,173,-35,547,125,-9,179,58,116,275,326,57,69,-280,428,645,320,176,117,-9,4,358,456,41,-207,-142,286,125,185,126,151,1,-202,1175,-43,416,-103,180,1089,408,298,165,-215,-162,40,425,-143,-304,433,-108,103,-12,-49,43,396,1106,-201,948,63,26,292,86,358,623,60,157,1268,10,272,30,270,-108,295,103,177,61,-297,-38,3440,52,29,157,191,532,34,-68,71,-9,340,207,352,-86,150,97,244,1,-60,213,-21,-47,4074,440,-34,112,199,43,7,-204,776,546,1568,37,267,2778,114,-182,2617,-10,-78,245,30,334,97,117,97,-64,74,216,-119,71,935,-37,52,293,52,13,57,8664,35,1348,-363,3830,-30,88,18,176,12996,-13,37,-119,-233,-15,78,355,505,60,176,3593,-71,1044,91,-71,-44,306,-17,464,-6,69,620,382,40,1488,-419,23099,-1,256,-75,247,52,417,422,812,900,23,-125,-7,6,-75,215,310,396,348,52,15,58,-106,108,-327,1106,150,123,165,26,-23,832,-915,156,-6,12,23,-7,-51,32,-4,191,17,377,-78,12,55,-95,22940,30,71,21,310,160,1014,43,29,648,46,61,-32,-23,-208,69,21,-7,-4,162,238,1014,-41,129,3821,224,83,-3,100,-826,-26,43,310,442,-40,310,1548,114,125,-624,629,273,2111,-24,2201,-137,191,320,394,706,5637,386,-112,9,154,478,440,-13,292,-38,27,892,-49,-97,95,-38,4311,337,-196,-303,27,3593,4,-46,354,1185,219,-935,-9,1443,131,-68,167,19789,-10,75,17396,2331,-54,1065,78,34,163,2464,17,1249,63,170,-123,-657,174,13,88,72,348,34,-133,29468,-7,106,1127,210,46,170,-1,30,-40,49,16511,1896,-55,47,89,-12,-38,-112,120,-327,-88,-27,-72,-238,-20,-27,46,-163,34,-102,86,188,513,83,380,151,102,1669,140,153,912,-74,4040,603,307,-12,6946,116,-148,219,23,-440,-69,10193,221,37,-314,-30,20,-111,553,821,153,162,512,-24,44,1248,-17,-23,100,375,61,672,357,4,-68,78,606,38,16053,1918,338,-143,54,24,16099,153,485,69,-49,1616,2227,-180,129,-131,55,160,47,24990,10779,60,617,194,150,689,324,125,403,-151,5332,-120,-133,-55,140,-24,61,278,11269,23,-399,-10,-15,-58,371,-109,27,75,2962,505,17,69,-92,-3,75,-1,157,116,-249,75,315,320,358,1698,3660,598,986,-44,312,54,785,5462,439,111,114,-69,-27,94,-4,190,-38,106,54,615,29,-99,140,198,813,631,29,2179,250,361,3270,1140,420,434,15052,1067,-95,-34,17,38,68,-140,114,693,112,213,19855,112,182,68,89,-245,112,269,219,191,71,-52,273,266,224,306,590,419,-133,-58,21,10604,55,7,-7,126,-15,-69,17,173,74,241,-26,37,351,437,120,1463,140,187,-40,-105,-89,-133,233,443,300,219,770,252,245,221,21,-61,78,17,157,298,461,13,-159,91,160,105,22918,-43,-804,47,146,92,91,604,-66,2998,-179,6,54,35,8127,-29,443,13,182,148,419,27,69,43,-153,-233,4003,61,25496,9419,165,1090,2855,245,717,487,301,211,2357,92,232,544,-1010,-420,1262,20,-57,106,267,112,4079,286,23,478,-128,-95,3064,108,1990,41,1562,377,202,9,131,100,270,125,-273,-75,440,-54,634,18574,-156,58,-142,-68,906,116,812,490,211,122,55,63,71,196,1076,357,-74,1062,741,159,-86,78,92,886,431,-18,399,105,-71,354,334,46,702,-117,7,502,1859,41,12,122,156,37,-43,213,23,128,-21,380,280,81,13,-103,47,406,533,1072,162,631,689,38,109,51,72,-52,-162,327,1277,541,-29,-41,287,-43,303,-157,3895,-71,-43,109,46,-29,190,95,-225,304,-1,-13,1465,225,112,57,1,4330,456,290,-37,-20,8615,146,92,103,-119,-41,1533,-106,52,281,556,315,85,198,72,306,63,805,776,1469,696,-413,242,24,179,283,838,903,19643,428,6338,215,309,55,306,386,57,167,-405,-21,-78,1,105,1348,29,30,38,40,-6,-60,236,44,58,603,232,20,3935,6,968,1177,-102,-38,47,-32,157,6,154,49,762,-88,-354,1126,120,276,-146,198,44,32,34,249,34,-77,114,171,46,-12,77,17,109,-131,-69,215,-97,-10,199,12,24,-128,43,708,450,29,-134,-30,54,351,402,180,190,60,-13,9,-44,-63,44,235,351,-6,544,259,-99,75,-165,-13,128,-13,6,-191,43,103,744,12,-310,92,213,85,-15,-12,58,2301,176,-120,32,-221,400,75,799,92,386,69,445,402,-253,-92,-143,-13,-159,329,-3,163,-61,80,66,46,-4,75,536,69,1110,-41,485,-38,280,1673,15,1,253,310,102,81,117,238,-64,77,389,69,276,52,402,24,44,-281,27,57,-275,-35,703,201,578,293,-300,71,103,-44,-83,474,1039,156,13,32,-535,-40,-18,3,-133,-43,11757,-284,413,68,112,-71,20,43,-97,159,232,615,7,199,68,1369,182,-66,-329,-182,1194,287,-1,1,-63,377,218,315,256,-168,324,75,105,63,258,157,7,-416,-24,-191,225,922,78,63,58,312,75,408,564,196,46,-51,-43,18,301,208,208,357,-146,60,102,-1185,179,249,136,-29,558,69,-242,-399,199,-52,649,123,638,-278,-488,123,324,1413,196,117,306,-307,24,57,27,41,273,75,32,747,1053,-43,-3,0,5736,1202,-6,68,-106,0,1067,539,60,442,95,13,66,-193,9,945,241,20,-3,52,-24,-6,-128,340,-465,278,-6,301,61,1061,0,219,157,44,-100,484,-24,349,-167,340,64,77,-24,539,934,58,-173,326,409,24,75,63,-13,199,-301,-13,560,-100,58,-233,38,174,221,-20,21,103,136,202,-177,-112,-109,103,61,716,61,47,-9,69,17,-80,37,10,26,139,-41,-63,719,173,-6,32,170,142,51,-88,49,750,-327,222,295,-346,58,-160,-470,86,111,-17,13,109,34,261,49,44,530,47,80,-168,379,-46,15,-109,-32,111,22298,756,-250,728,465,-9,-21,597,129,102,-86,34,160,-338,-208,-40,400,1667,-81,-17,-17,-17,128,309,92,416,27,27,-4,710,3615,485,-86,128,-9,47,68,71,8050,598,-126,-134,-40,-173,19096,846,41,12996,300,-21,-250,89,66,72,55,409,1265,38,-27,213,173,624,354,-27,1299,9,-286,-20,111,-89,558,86,646,41,133,-88,232,105,153,-108,1460,-35,939,-199,26,1,-89,-177,123,-30,317,57,527,1010,71,222,329,-1361,232,-17,44,208,-75,0,9,68,23,131,-49,120,8995,809,233,615,-32,-21,705,-171,592,-12,-47,221,108,-10,106,2407,417,731,354,388,114,64,174,1004,259,-17,122,37,-228,-51,17,22388,-512,521,519,-331,153,-27,17,176,17,-117,-12,136,-37,-63,-30,83,468,47,-241,0,60,-451,-30,-47,-9,344,140,-731,191,21987,-167,216,26,4,417,215,119,15779,4274,112,117,-17,-389,1167,693,-91,235,-49,592,171,139,75,997,63,519,321,26,-134,292,515,694,-131,-4,239,38,29,179,1,1126,-440,85,57,30,1,191,162,-1,38,563,170,49,151,43,75,564,-208,-13,68,125,102,123,35,230,-143,-388,58,103,21,140,21,207,710,904,173,37,-26,55,306,16416,-12,287,529,51,-129,1322,88,1,120,-37,32,1367,218,-91,30,18,-145,-201,-20,131,54,29,-128,666,-47,-128,15,85,97,32,360,224,99,170,177,-191,188,3,54,85,34,-208,194,284,18,-366,12,454,114,-12,129,358,1670,2843,-24,232,-129,261,63,-61,114,57,29,100,159,55,9,-1,-1,-167,61,24,-13,17,218,117,397,35,112,1794,-4,20,-89,136,24,-78,-54,38,74,569,10,102,12,49,-10,-44,125,-26,428,307,46,323,208,194,55,253,111,-1,-37,38,12,-6,233,652,-128,-6,88,17,123,119,0,6,1710,-29,-51,-249,563,270,-331,35,174,77,3,317,-38,13,1749,-46,348,66,932,5074,293,89,-105,15,44,1,32,-112,-38,-142,-300,202,151,1021,258,-35,88,61,109,-38,215,841,188,52,566,78,-17,773,-61,1047,-40,-9,63,191,66,-35,1460,218,-97,-29,-83,295,20,-9,-35,24,55,191,47,-317,2490,100,23,-114,-363,1587,21486,-71,120,78,-86,-17,38,-199,-72,-102,671,116,52,85,2417,218,1703,-43,324,-10,-37,-81,-81,77,1041,27,97,-399,-68,156,89,-57,100,151,320,490,861,219,199,3,156,-679,417,-1,37,1288,-95,437,-3,38,292,383,122,293,6,15816,436,-58,3,660,54,20,126,-68,136,-3,7,4,49,3,-116,666,2097,74,-26,-295,-29,-35,4,71,-354,-111,51,68,-63,-21,693,-32,55,71,306,-105,32,297,-40,9,-40,150,-68,396,30,54,454,24,-32,95,46,374,-85,-286,173,29,38,-52,1659,-64,29,37,512,778,54,-185,321,235,185,137,-57,1177,993,911,798,-722,3236,10,-83,1073,47,32,71,133,-615,15586,-120,745,-10,134,-34,-15,92,20,560,102,-38,54,216,396,-18,2895,163,1438,396,210,-21,72,275,193,-92,-102,-88,-134,-18,-174,-52,-190,-94,-120,314,64,-262,-241,34,2076,54,74,49,78,18,72,436,392,-95,1457,-205,-68,-120,-78,589,1305,86,-49,-323,1547,29,39827,27432,-64,249,-4,2052,9280,377,12,-174,177,1041,-180,27,38,379,10,629,17400,19062,47,35,196,75,86,-122,-78,24,122,188,112,1085,162,106,-58,66,-224,-379,426,24,-334,17,-78,-29,-672,400,208,-187,34,-114,-94,805,37,43,-1,32,44,-80,-9,-409,18,-306,2178,102,408,262,-89,210,120,914,-252,202,281,0,-40,-100,185,-83,-20,-61,-136,-283,-78,37,377,388,2000,6545,1932,7826,-399,-37,13,83,112,-64,338,-54,-24,-54,-4,47,355,318,151,399,122,24,-112,-57,43,1356,-26,344,49,74,202,-196,-51,242,6214,-283,18,-61,379,-741,491,-388,91,47,-162,68,30,37,122,69,686,587,301,324,71,103,109,-58,-46,32,-80,-1775,151,154,137,66,111,-13,516,89,187,-202,-567,86,666,467,1058,909,-35,224,-264,-35,-143,119,97,-86,99,41,406,198,167,563,92,-38,1031,83,272,83,567,75,49,337,-43,744,38,-41,74,68,-236,883,52,295,131,88,61,66,434,-131,122,614,-770,706,63,-250,-111,122,300,18796,233,-278,11228,-30,-12,32,-37,162,716,1215,-1342,1194,-7,24,5262,1667,2383,81,518,1,-58,123,35,-75,12,81,17,85,-134,-253,-44,215,1270,29,17,587,292,-30,47,-529,-81,334,-27,-89,-34,-1,-95,-6,97,191,140,-41,44,71,-24,185,399,-587,228,34,275,1468,95,54,7,812,586,-26,193,-44,1987,1321,659,23771,19749,-34,117,51,-69,-18,267,238,123,1311,64,-51,44,12,779,145,-69,-402,286,-173,-75,75,92,150,191,134,-170,119,21558,666,40,41,140,-75,80,40,-69,323,6,-392,-399,-75,495,210,44,434,108,-92,-286,566,78,3649,369,21,-185,108,-908,-224,0,61,2182,80,-74,939,-32,-142,85,146,-6,292,-117,-72,-99,249,560,201,108,109,157,20,32,156,668,-202,47,32,66,-20,-51,1061,940,284,258,0,88,-60,355,157,346,-411,-230,-21,-522,18,-12,931,-30,465,179,280,12,-47,44,128,-140,6,30,-46,-60,58,-112,46,163,-266,306,335,761,-99,-26,163,408,-43,40,24,190,55,332,-222,0,539,-63,-13,112,255,30,-44,153,-38,-17,-103,-15,-64,-142,154,55,111,-242,102,26,3,-618,-9,-1420,952,54,280,111,-146,366,3688,11941,241,109,547,165,32,-133,-145,700,-153,117,5269,91,18058,15,10,11122,700,122,293,-269,-43,524,146,1529,-60,431,1693,569,211,-1,49,154,236,-499,-249,-773,-137,538,318,94,9880,17,-114,640,-4,-95,631,202,20,628,68,196,32,239,4,1138,1955,9860,44,-40,-46,-216,-35,-64,1093,297,7,753,2417,69,2127,-174,-66,1463,30,17,-63,-529,767,-238,360,-66,-27,-95,634,64,-552,-20,250,47,363,112,643,773,35,261,4280,-289,-17,368,484,230,105,9,80,2236,1664,58,-13,71,-40,250,348,66,1930,300,1526,38,49,306,10,27,447,142,-459,-69,784,125,-9,-535,-81,744,55,-3,1041,751,703,-134,6,-75,17,504,1311,143,-49,637,10135,-35,173,99,-51,106,-177,413,2159,218,-1,52,372,609,100,55,125,171,241,884,-9,139,1042,235,23,143,-3,-232,103,-61,11639,2206,826,85,-595,-47,-157,431,4,7,125,17,-1,-99,487,63,102,105,-41,24,0,914,-307,122,2322,275,24,-24,334,12,242,142,841,-148,21,222,46,358,-4,66,-230,119,-148,6025,-3,13,205,60,-20,682,236,182,-64,171,453,-218,1039,134,-1,-156,103,-3,177,-37,270,-6,420,71,606,408,926,38,55,85,-61,71,-55,142,-29,301,501,943,414,363,184,-202,41,35,-85,91,-23,-283,116,55,52,43,-12,120,61,293,57,542,177,-120,83,111,109,170,163,-478,289,-47,11676,5610,-207,-40,83,937,75,19212,64,34,208,-108,-112,-241,43,208,-18,215,196,24,207,21,-170,12,51,-126,-80,4,26,360,-20,-41,-111,-255,106,-1,542,238,69,287,163,-68,12,51,97,-18,-38,-51,57,165,-247,46,100,807,-567,-44,-303,105,100,142,-32,103,100,-18,168,-44,13,272,590,-103,677,307,462,49,-996,-109,-66,80,92,23,2062,100,167,276,-176,7,-94,41,78,-487,290,637,236,-63,624,-389,-165,-119,43,-30,86,416,-32,230,754,1319,-194,112,49,-162,21,957,91,-221,154,-123,114,11395,239,30,116,-15,83,-4,177,2077,37,423,544,2400,-119,-51,247,171,-386,165,4,17,86,445,81,290,35,-29,72,-3,18,431,103,83,-587,38,29,491,289,4636,6684,20,80,606,111,3016,213,21,297,-1242,52,80,445,162,764,7,293,-26,-6,-467,-397,3,-7,1166,-15,66,317,3,12,-301,360,-337,433,18,-249,-247,304,-51,-97,-133,230,-60,24,41,857,184,465,-68,-9,-81,68,-47,2314,-26,-258,-416,541,14086,-47,340,-312,665,510,61,119,951,-157,-60,171,705,74,3,392,41,-21,208,306,0,23,546,114,-250,66,-37,3,184,-34,-357,146,5598,26,230,-51,-66,-1042,95,917,711,601,-779,23,-43,1,470,57,-7,-49,388,119,18,850,490,60,100,179,343,999,114,15417,2066,-750,6502,-10,81,10,148,1635,-225,-659,-1748,-434,479,-100,-589,2600,-23,-250,423,41,-20,-151,6019,-80,-69,119,199,236,3830,1339,-7,2131,258,-83,1427,5151,63,103,129,802,-23,18987,-708,-3046,-4661,-11535,-829,-47,368,1028,12,-99,-54,-190,103,-142,1692,2516,1953,-34,-23,-173,7,1867,180,2102,38,112,111,89,-168,2445,15,-6,2052,136,-47,-26,55,190,270,1055,134,5942,-173,245,-20,-423,20,-7,474,266,66,125,340,151,-69,326,103,-3,-131,94,-142,168,733,287,154,767,-32,-250,-406,-126,479,12,150,88,-52,-20,0,21,245,245,419,1277,945,377,37,20770,-71,13,34,47,-41,216,26,38,-329,1,4,-58,918,54,83,-163,-55,386,-52,329,85,-64,-92,15,1536,-122,106,-77,137,151,-191,-3,182,314,227,278,478,21,298,37,102,-46,326,-9,72,24,346,-188,112,38,99,99,-157,4,27,1386,91,12,-111,162,1879,-41,18,-171,-40,24,193,11079,-58,253,-29,-346,163,4,225,-301,34,81,-74,2295,813,-27,-120,394,10,142,134,-89,948,1181,295,66,49,21,-17,10,-81,126,63,38,47,-86,-27,83,-86,13,819,892,-34,-228,-389,966,303,247,266,88,24,-187,6,64,-64,116,597,3,85,3821,522,626,-7,719,-1163,762,-159,289,-34,58,83,-47,-21,122,-47,109,63,94,312,4113,558,425,85,92,-29,-312,-52,392,346,-77,504,193,272,3991,805,-41,7354,4252,81,34,10,946,13,-199,2535,37,541,3186,10,23,2257,2719,671,-635,-3,43,454,-68,-40,-368,0,-47,250,335,943,191,710,-40,-276,140,236,1842,134,91,-1,162,267,474,187,-136,-157,-10,-32,21,3937,437,30,3324,-30,363,32,35,72,119,-69,0,24,-3,-35,0,23,459,204,244,162,-366,131,201,153,1237,11534,14085,1106,266,216,5754,5346,179,798,-143,78,255,-23,15,44,20,199,83,49,151,162,-225,-1048,1002,131,318,35,241,-66,320,174,-4,176,40
71,-59,-114,23,146,-171,-227,-73,-126,-6,149,-62,-406,-354,-133,252,198,-103,-336,20288,-55,74,-121,-58,-72,74,-51,-156,22,-56,-55,-253,5,-570,-243,-170,-108,136,556,-25,-143,-154,6332,5905,7472,16896,20719,18028,179,42,305,319,1714,685,717,50,132,147,-154,155,118,44,174,43,-22,61,127,1300,31,620,-538,-976,531,-133,-19,-39,-75,70,386,510,122,172,861,-28,1,44,143,56,774,462,12,608,-7,571,592,112,-42,-14,182,128,-3,110,-113,52,691,-49,19,1777,511,-1108,324,-179,-66,101,144,-817,-48,158,34,50,-245,-9,74,-3,848,2,-264,26,3,130,250,401,378,72,12,1,662,91,381,738,556,-76,222,490,363,5,459,81,356,-1,280,433,114,166,1042,509,-260,740,-150,405,-316,-61,213,153,175,-3,-32,196,335,785,511,688,47,231,18,579,223,204,60,115,223,1088,388,-43,113,207,90,-26,38,-793,11,1905,-1,-11,-85,307,1129,77,38,-18,525,97,438,56,134,37,94,209,1204,518,834,101,-211,42,-74,3051,-512,327,986,3,611,721,-127,74,18,22,17966,-72,74,223,32,-9,817,293,671,-1,-58,-12,165,1166,257,2244,413,1729,14,30,160,35,185,367,404,-12,1237,255,70,623,-7,85,12,602,-3,1003,820,-593,246,-5,126,117,-703,-25,209,-49,24,419,454,119,652,191,30,-415,-99,-42,366,5244,-5,18,144,90,399,333,-102,16458,1220,1715,-33,1436,198,367,285,460,313,250,69,142,59,347,17,141,4656,234,53,-158,619,-38,77,690,0,95,44,101,3,358,849,746,1022,218,311,778,542,119,313,1121,1521,463,177,50,282,268,664,1592,521,77,313,629,202,-46,28,661,60,-119,732,248,147,5923,211,325,128,1599,512,-56,34,-599,600,541,3612,58,305,-29,1701,1804,968,613,-97,-12,153,1474,410,174,723,635,78,112,4,239,1461,849,679,-589,253,139,660,-10,-31,155,-85,14,340,51,45,571,696,473,213,521,251,70,366,3,-365,17,-186,451,1618,-76,-29,218,149,308,65,37,224,-9,-33,367,488,421,93,993,34,541,75,1205,438,-79,67,381,198,702,236,528,110,1715,184,278,59,-76,64,124,-62,-2,739,242,35,541,248,4,-544,1098,-255,30,330,105,42,704,3403,-186,66,-108,168,172,332,234,31,182,-59,414,-37,454,-58,3,1042,24,71,752,217,481,147,130,240,298,597,64,281,129,80,85,360,338,180,487,420,-360,-116,482,553,185,342,249,64,1105,100,-270,188,205,65,22,46,1147,689,87,576,67,551,152,81,-437,723,40,409,204,93,303,2673,169,697,327,839,468,113,471,211,134,1529,7726,581,116,3,128,-422,-7,218,-38,1028,133,248,3983,1481,148,-7,443,-7,5,-161,8562,166,9,193,338,21843,80,-1321,2062,-159,104,126,367,445,203,402,130,99,903,-21,-224,479,98,1259,58,80,105,531,155,94,375,129,-167,371,22,307,220,100,65,80,104,159,363,456,690,345,-771,291,72,541,145,52,14,91,153,2256,-25,221,-186,545,2116,124,-39,-87,138,60,194,67,318,65,118,37,677,184,220,-46,63,507,97,594,66,62,15,2010,17,409,537,635,-166,-17,33,800,173,90,30,55,-7,90,97,-48,214,400,485,1218,767,2188,-34,-18,608,-25,313,460,31,2978,832,352,775,12,4,189,397,-122,103,-42,-78,-74,336,313,249,366,111,145,785,47,106,516,371,-3,102,150,118,-385,154,-159,278,294,83,763,490,103,301,-69,65,235,181,194,20,220,131,1321,509,187,-1649,268,-29,23,17,404,-7,698,-128,144,1586,161,212,3,4,87,238,42,51,205,97,9830,144,107,128,52,607,-168,101,450,-390,-62,333,310,136,101,-102,-55,197,-341,48,153,18,722,-185,597,62,97,-44,2212,172,83,-7,332,441,56,2957,-124,513,49,-48,-35,-557,60,1653,-92,183,53,12,1463,555,50,-145,1542,1311,47,-127,397,-540,2097,1410,1171,102,369,407,5,-22,20009,653,108,3768,415,2299,242,199,64,819,-361,-797,640,-158,-317,-365,-374,-248,117,-196,147,113,1518,873,148,-51,24,747,821,-312,318,-1,-4,266,-4,880,373,-213,-147,335,-48,75,1905,260,-148,-6,107,279,-138,62,505,-127,-139,-139,5,-215,138,59,646,-88,337,-162,1430,57,133,-60,1368,24616,301,186,236,2288,-133,89,69,8592,-8,-165,34,11,-67,105,478,364,22931,318,209,66,134,290,-42,521,7,-276,14323,-160,-64,26,-61,1773,23267,29,-778,128,112,87,83,345,-255,1268,371,-134,24,67,4416,-12,746,269,23861,1743,-332,482,354,194,438,80,-127,162,-19,-60,8888,-146,-250,43,60,-44,538,156,-254,-61,-305,251,126,-147,-385,-85,92,-445,496,902,85,-283,186,1464,12,-102,-34,322,17,397,141,139,463,-7,4,-91,-265,55,-24,292,135,138,-205,60,154,283,8,196,33,635,37,1025,-134,-323,15861,-72,583,104,156,228,-224,-84,-31,277,-157,-7,452,11246,110,297,61,108,-236,146,334,81,-26,223,-161,217,-156,-1795,15920,309,61,28,7554,-11,61,-120,15535,-416,419,162,771,-38,19,-687,451,410,141,-57,365,-101,98,397,-9,358,172,-309,-138,292,561,-37,-53,-49,66,-613,19,435,1012,843,1132,173,175,-220,-7,35,1699,204,774,139,7237,-57,301,767,704,-87,55,118,9046,1575,553,190,2419,114,44,138,4332,112,374,114,393,87,264,113,-9,39,-24,81,165,180,387,592,984,-17,201,6595,1337,228,-230,291,44,202,321,389,259,1005,2160,-63,165,-64,243,589,153,1333,620,57,337,6,6290,297,-5,154,97,46,272,-114,48,-22,-222,-66,1164,890,485,802,-83,59,-91,50,79,136,602,144,378,245,-32,632,25,44,-16,33,-22,153,674,-263,-91,166,-40,633,117,320,2291,155,1620,271,520,10,308,80,6,83,-135,-16,18,95,825,24,154,45,146,23,76,64,-73,2196,411,-454,160,105,67,84,-376,26,-129,1115,-57,143,-142,93,-78,34,-28,-129,533,538,-17,-666,95,-296,23802,12998,385,38,-250,177,94,40,97,-40,-280,25,150,43,-22,-47,7,4550,-260,474,144,-20,-25,1,1857,120,665,3808,-20,-1,153,1347,78,-6,57,510,1329,43,65,47,28,62,32,22,1302,163,146,12,517,-30,-81,-180,99,110,7,1604,-183,798,-34,-157,917,-278,-72,-237,712,7,910,14332,4,668,-47,19,1666,72,904,55,117,-95,124,61,162,203,578,-18,25,-105,81,537,572,267,561,35,-905,472,328,42,860,1409,168,390,99,-217,694,36,-73,-42,-284,464,201,313,2154,7,530,141,-450,104,-220,-138,378,-1129,-30,730,213,122,844,1216,47,113,437,98,3150,-44,337,128,159,812,340,1405,6,-37,1357,433,72,210,-117,150,107,859,16234,38,1765,1297,110,3,4670,153,617,299,1241,570,602,176,28,85,43,924,98,310,127,88,100,78,3302,1042,-101,310,23,496,984,-588,-168,3556,273,-594,185,798,262,-112,26,-81,-49,99,-524,-142,14,651,-571,657,519,5031,227,367,132,194,26,160,91,202,155,-220,50,15224,20,-187,145,40,-53,49,-466,76,113,-64,114,290,366,878,317,195,44,180,122,28,-625,676,490,-95,30,-28,-60,-115,1206,703,-11,-106,171,-101,16,25,106,-144,94,1709,666,-396,-100,-210,98,226,1302,118,235,539,231,-17,-44,60,76,35,1117,48,31,-9,209,-148,166,229,-10,141,553,-10,51,95,-78,-190,-14,-530,1985,229,167,211,14,162,-526,1033,59,157,83,819,647,1082,556,409,876,-114,-116,12,985,22,327,-112,270,-305,305,-144,84,275,81,45,210,786,582,937,9,116,18,1396,168,269,20050,584,56,-165,-50,59,38,93,95,43,8,731,661,34,378,-158,37,-167,-130,40,420,221,100,580,70,319,388,15,55,218,332,-65,-24,124,469,321,90,-38,174,-165,114,60,226,-283,-224,-445,-49,33,0,65,4,-338,558,-605,72,141,-18,-81,-182,120,0,61,584,485,733,478,9,423,-108,149,216,161,418,-23,157,615,-85,-34,390,29,1213,73,5,65,690,81,207,-25,2450,21,226,966,1678,426,211,47,-94,2,374,255,-84,83,16,-69,234,-93,45,-57,-1009,154,136,124,46,36,603,34,25,-106,-251,143,293,-1,-9,748,8020,331,-104,8332,12,28,-35,-600,-9,65,71,1671,129,23,44,-45,492,-372,307,430,9515,185,105,556,-163,43,638,189,-49,957,1826,415,-140,17659,1,-334,266,3,-28,99,204,81,-48,136,30,382,-159,92,-63,-170,100,3,-26,105,1556,246,101,434,724,416,1,80,-277,1981,-111,-77,318,39,62,-626,158,190,3328,158,-92,512,94,-418,106,-57,74,90,95,-87,-128,23,260,-16,-16,15229,184,22775,19598,19460,90,-36,-19,-65,-273,240,270,5639,86,-30,1915,-139,899,-487,253,-167,969,591,-85,168,161,143,266,70,94,880,-165,-482,281,-103,2530,-169,145,758,5597,-8,1008,179,-450,263,149,176,516,-684,97,-37,92,-143,-218,8,727,242,59,801,1088,-58,173,488,259,264,307,182,293,352,165,173,130,785,126,89,-58,9539,80,22269,930,157,29,57,-107,100,57,179,128,-304,11,66,189,167,1695,143,39,156,16,52,258,85,102,-105,23,251,2179,-66,-62,269,5400,21,4,-90,-555,99,30,62,93,-70,-39,647,-338,-92,103,-162,99,-248,-14,648,205,33,-78,32,175,792,-57,200,226,5,43,462,-35,73,165,-177,521,2810,695,237,112,33,-181,-1,86,129,-20,237,253,264,3825,-526,121,73,35,112,822,417,12127,1014,-887,1471,208,-43,71,-88,-547,166,-530,232,335,-2,303,449,565,85,-89,8114,67,-43,89,117,150,277,-119,36,548,1715,892,-182,3753,2623,509,-31,127,-65,11,745,685,276,2354,29,131,135,141,97,932,313,218,362,136,29,-1,45,86,277,116,108,603,87,-51,478,267,2373,538,65,299,311,126,215,677,120,44,2958,0,-11,504,390,6,65,84,79,140,72,224,156,569,218,310,202,-163,-33,222,162,520,121,39,28,4,305,359,-633,180,126,52,73,-49,2,-24,1045,63,-20,-202,-174,852,24,953,898,-319,446,3824,125,72,-269,1653,-161,6458,260,22,2314,572,128,201,58,204,-60,-107,-130,-67,-130,-232,189,92,139,416,381,59,-171,-46,-49,-30,43,129,-254,-7,431,60,-31,4,284,484,22502,3598,1312,-46,69,36,32,-103,203,23,212,571,34,11,50,1,90,-268,1494,241,-144,156,4247,-292,-338,-66,-12,270,1297,-85,703,591,311,60,340,229,-135,1422,-57,394,852,26,76,35,-124,1,902,1069,792,-69,98,-35,309,26,138,562,154,18,90,-3,491,-236,125,970,473,-99,12603,-588,443,198,80,317,113,651,-118,50,148,-657,348,404,37,62,-97,-125,355,35,1142,-23,309,324,351,245,509,15457,5191,145,-21,25,244,-241,-226,-24,196,216,207,99,1405,-132,136,65,14,111,225,-16,-264,72,9,1092,65,58,-450,117,1255,130,698,5,38,979,40,-199,496,203,-133,175,-92,87,83,823,11,-34,24,14964,-181,161,601,-269,449,249,770,157,438,334,-101,-1322,186,350,334,-80,136,290,290,81,-58,985,39,78,20125,473,43,-239,491,196,318,6,170,218,863,-14,43,581,416,-60,1644,-65,-936,-20,-225,-127,26,364,-143,-44,10,1983,272,-28,86,16109,819,-6,282,74,709,-50,-217,388,375,3768,-172,-114,2,526,3178,35,239,281,84,14,-1079,-35,24,-220,287,171,309,69,111,316,7,962,-99,1254,152,687,42,159,256,1818,71,172,-49,-332,935,224,-177,284,91,553,-67,171,-75,509,224,462,45,146,130,215,297,447,760,1608,426,51,310,-570,118,322,598,113,172,423,-2,48,272,187,683,38,97,84,413,719,154,-140,-48,-185,1243,583,583,-16,663,1507,32,304,-381,-134,209,458,418,205,892,981,740,105,162,203,108,-138,120,623,-188,729,52,113,-238,1091,122,-5,90,2558,1651,263,230,-185,-57,128,466,609,-407,406,-185,55,-17,413,477,272,319,-35,-43,525,-139,-8,69,-79,212,203,213,16,2,698,39,-1985,36,24,112,754,-6,130,-29,390,695,307,97,176,636,-49,91,33,2,759,455,-7,18,-50,-243,-11,173,-65,387,-168,67,317,889,-18,421,48,70,1213,26,17060,93,308,538,32,64,107,438,-379,148,-7,1383,73,-128,201,8,242,254,-388,692,33,-15,160,2,220,-61,214,443,409,1142,186,291,217,-12,97,59,-5,284,-18,15581,282,33,-374,83,375,-120,84,652,181,-257,49,90,916,-30,166,59,46,-21,125,161,-45,58,1248,-10,901,26,71,-381,-88,57,493,-470,72,24,-320,194,-77,339,418,-612,-49,437,-18,275,372,73,407,80,-69,-139,860,-280,-67,1748,628,366,-79,132,198,132,202,1095,-366,66,92,91,189,-99,245,119,779,184,108,145,245,3534,866,555,-479,633,245,265,-188,-16,1572,33,199,1359,-466,220,298,-507,211,-210,269,385,677,254,-32,625,-87,59,234,-373,-158,49,99,-111,-18,111,65,85,-153,195,147,152,93,477,-57,385,4317,419,-52,399,-106,731,543,225,23,342,-45,513,117,84,-45,30,326,1281,7,520,521,-77,48,-361,423,310,227,200,198,48,256,904,239,847,-58,2786,88,-51,1999,-33,60,-69,52,59,87,-156,338,334,115,-915,-296,210,32,89,129,537,966,16,-35,17,419,85,236,-6,300,115,409,7,231,262,-28,228,113,739,319,885,25,102,672,959,651,242,414,-2,-468,15527,534,2786,208,43,1102,231,86,143,-10,125,-7,185,-106,-71,183,596,158,-6,9,-73,29,362,2046,103,255,133,55,246,2359,20219,13272,134,-23,214,168,4,49,850,83,-73,70,193,18,170,210,40,321,-162,171,78,110,397,72,-3,110,953,498,149,374,30,560,1,-35,120,244,887,2236,51,21,16628,21787,17245,13882,12638,20475,3400,283,2180,136,-84,776,292,191,763,359,43,-395,-214,1166,-134,-73,62,323,1284,231,-92,436,7,85,21,503,64,-1,101,71,79,-344,8,-5,4,-36,220,43,-78,-294,271,70,254,185,-99,237,699,-156,99,5,306,-147,777,-290,172,692,-198,26,73,180,464,75,97,236,973,130,200,65,8,-61,140,18,-49,-1,125,-66,389,214,45,-116,172,-235,597,16,49,198,443,531,-402,232,1070,175,120,-25,-414,287,208,209,372,50,407,76,-11,408,105,-194,314,17,76,-59,42,36,569,534,15,23,1114,56,182,-8,149,-2,533,249,199,-49,255,-21,1015,65,407,1439,499,1704,-536,14,161,19,-6,337,61,-104,74,36,365,78,295,102,224,491,9038,67,-84,672,251,-78,38,66,141,-11,86,443,488,20,-269,136,149,36,-1,527,195,110,44,-210,-163,268,25,-106,-12,30,-77,-199,9,-24,26,538,111,1073,254,-377,301,347,63,654,-130,1323,59,154,-67,5274,348,372,400,511,-39,105,-198,-43,213,134,-23,430,132,1817,7,79,296,305,-118,78,-45,110,-38,124,139,-111,9,301,129,167,229,4,382,79,-211,271,324,756,183,40,-17,122,43,-77,140,323,153,153,-102,107,323,338,-110,227,-61,-209,608,-18,175,47,223,116,-520,-434,63,709,898,147,-331,380,-121,-116,91,66,37,305,782,-257,176,1,97,280,-116,651,407,95,962,-996,145,-153,112,-175,-25,239,117,9,607,-215,133,103,-111,10,901,291,310,529,568,144,2020,130,99,1027,-280,112,187,-158,107,-20,818,-60,-14,157,-9,416,-349,712,1155,619,42,282,15,228,89,-17,940,253,-509,102,321,1264,31,-9,-7,819,2985,509,5,-81,-267,171,-303,-127,-267,50,245,48,69,-66,442,576,525,74,36,-471,-362,830,66,238,597,199,18,320,516,10,603,184,84,976,1755,70,1622,255,-19,10,-273,19,6,94,50,-226,141,21,-150,-107,-126,-496,903,482,1405,139,-291,872,16,120,592,67,12,-4,78,16,-182,132,583,538,45,-33,181,-180,45,130,786,-267,246,878,-17,12,63,-52,95,414,322,3190,200,4738,367,-101,40,748,847,1011,61,779,-57,269,29,1594,15,271,356,-2,423,1635,339,-184,766,3367,-30,65,238,-1,-170,44,53,1172,55,205,387,149,485,457,705,-47,512,-485,710,-198,43,16,859,403,896,358,575,100,-332,6,194,87,-473,1211,-73,88,483,363,204,-129,148,313,112,300,8,-38,202,-28,557,443,-131,797,447,121,276,11727,21,1156,-26,246,294,931,-260,339,-116,38,1701,64,33,669,436,-11,476,-22,189,114,-127,523,60,2108,60,147,945,112,124,10066,189,520,597,968,216,1073,1365,11,544,173,488,-65,263,144,360,149,3589,39,-951,1228,846,-153,-50,91,-18,493,564,79,-91,168,586,-62,-18,40,332,-789,-35,57,-89,108,2247,-173,665,-31,-17,105,78,203,-104,-34,479,89,541,1,7,71,75,86,360,110,172,97,45,-50,-28,360,578,1116,1308,118,573,187,-87,544,23,169,12,113,-122,574,-241,1063,-571,492,90,117,63,1198,84,57,584,22,149,21,87,747,418,408,64,71,56,366,39,428,-3,-15,534,12221,566,772,111,23,160,-93,-40,280,80,196,-36,314,187,-15,587,63,265,-17,15,72,46,45,678,244,25,139,300,381,-388,-16,440,71,28,-1,-62,-125,112,-640,-30,-56,1015,576,226,6,2,652,-110,410,-56,103,12,-104,85,-51,199,1672,93,578,59,61,-57,229,93,-1390,1075,-62,296,78,3408,-53,85,-92,-102,74,-323,-435,-32,128,216,368,-14,89,-2,1,762,355,2645,79,-58,941,95,102,73,1,-230,22,11,-95,545,1393,16,56,-195,-19,11,1505,-184,667,161,427,-10,71,216,372,497,-35,53,201,-14,-76,241,774,10,194,7,58,60,210,-83,98,557,-72,727,469,-733,100,6,12,139,569,24,740,101,65,447,-16,86,195,-136,49,147,275,598,-3,322,-20,10,-30,1015,325,29,518,220,12,1122,56,88,121,842,269,-11,12,72,246,4,889,468,-32,-36,46,1440,437,363,-210,234,793,290,-119,1806,122,991,17,150,-52,-97,15,327,-331,34,48,-441,147,215,149,385,1243,269,168,249,290,1075,1353,-22,114,1265,5,116,10,183,-128,-64,237,63,44,4,484,-19,43,246,534,-46,-745,310,135,-20,133,-6,3410,-46,149,-163,640,58,258,214,234,385,894,-36,194,-87,26,29,67,681,91,-143,361,160,543,-98,709,30,92,201,750,916,339,215,514,-83,314,-203,148,9834,212,1110,224,-127,58,61,1948,361,779,-306,183,520,185,1070,47,1,402,451,-660,-102,74,-117,34,16,60,-8,66,361,-297,443,390,135,86,-3,530,603,666,71,277,320,90,75,-7,20,498,264,347,2,-150,64,87,-130,542,280,-19,19,135,-32,965,34,128,77,-63,116,-19,9,-52,561,-36,-5,142,368,391,-36,-69,25,116,575,-235,401,1080,-189,-120,452,-20,-223,-121,195,73,4,91,121,198,1381,188,342,15,213,605,59,438,93,132,156,550,387,110,94,935,-62,105,-350,-24,-966,46,63,-37,-53,9,-23,107,-15,33,379,294,1503,225,177,-195,122,269,-310,-9,446,171,-108,52,-36,1177,295,457,242,349,19,-8,70,864,307,-25,-22,165,130,244,495,81,136,-484,355,826,231,102,101,-161,6,609,548,-69,-365,-172,289,435,140,-69,99,-1,-314,1941,-20,829,-70,175,2105,465,520,148,-276,173,371,1141,-209,-183,423,75,-50,-23,-117,89,79,534,-93,1328,11,-11,196,282,543,70,158,162,802,98,433,79,310,45,1091,57,322,236,-510,76,3808,298,114,136,-163,643,22,72,-3,-1,539,118,632,-26,400,222,311,10,-7,281,1170,30,2998,671,43,133,748,18,121,-205,747,1597,1766,-177,226,3726,214,-291,3163,134,-28,365,-40,394,556,320,133,-74,282,513,145,269,1350,-28,86,915,9,197,12,5096,78,1794,-231,2328,18,14,22,97,16888,36,146,-2,-245,-2,130,448,757,240,325,1720,-21,1290,160,-29,-64,853,22,387,97,112,99,552,303,4398,-268,24236,236,736,15,511,-103,2278,34,318,2313,76,42,67,-11,31,157,451,915,537,145,256,-2,-7,105,-64,1331,-152,39,174,6,50,272,-715,163,19,-162,31,-12,98,60,-134,244,32,136,-126,32,61,377,20955,30,50,-6,250,325,1150,98,325,406,22,30,765,-100,-215,193,316,48,103,103,159,971,-162,260,3662,88,18,174,418,-651,-43,26,291,150,-6,385,1605,76,-19,-695,1754,668,2147,-4,2533,-161,74,129,130,688,5274,299,-111,0,-78,526,365,-47,319,320,139,113,-10,-106,90,-42,5312,1053,-26,-8,77,2866,519,140,706,745,306,-454,-40,1700,38,-177,267,17745,-55,75,22797,2312,-47,1645,81,44,259,2685,-52,1406,176,130,-162,-1985,263,32,50,574,1128,133,-107,26810,263,56,551,155,36,-14,21,94,-242,6,14060,1924,-76,53,55,4,-61,-39,229,-239,-37,30,77,-240,1,58,-3,90,24,3,31,299,438,-347,814,245,42,359,-39,16,878,-33,4525,641,183,-29,9811,244,589,566,242,-186,-190,14546,99,278,-161,-86,14,-32,548,888,155,-91,422,-130,23,571,-24,-61,98,396,-20,17,341,-34,10,53,979,-56,17198,3045,86,-217,-221,73,15441,162,997,232,-25,1384,1989,-88,291,73,143,158,33,23434,15115,16,6,456,171,982,782,507,285,-149,7032,-37,-69,-76,318,-106,38,118,4346,67,-240,-1,72,83,723,-111,276,216,1076,336,24,-26,-45,28,121,-28,-45,143,-358,19,371,183,2017,1371,4434,914,1238,14,43,-70,103,6793,462,63,-6,71,394,1202,-105,335,22,118,183,3395,-25,-76,378,255,364,551,36,669,-19,681,3196,2277,477,661,20288,3308,78,-60,98,184,426,-289,231,733,-25,232,20688,21,198,12,16,49,66,866,381,244,107,-18,504,195,149,409,485,585,-322,-105,0,10126,183,46,35,53,-6,-65,3,199,156,21,9,33,354,475,52,600,-70,104,-292,26,15,-142,282,174,330,373,911,530,543,505,107,-66,80,86,129,542,738,51,-35,6,49,117,22472,-170,-801,23,106,417,124,911,-76,816,-33,126,65,-95,5119,26,623,176,227,169,360,32,-98,182,-78,-227,1798,114,23428,11933,286,991,2879,149,623,1971,262,289,2171,437,105,665,-1606,-201,1359,116,-49,196,-15,1,1622,90,35,468,65,-92,4096,610,2119,216,2640,-5,168,49,177,138,505,59,-314,-203,367,-7,816,20852,-154,107,-12,-49,1352,92,1627,149,246,149,59,42,177,584,1053,630,-1,1017,427,76,66,197,486,606,472,93,509,226,-72,95,637,-15,1217,-166,-31,595,1775,129,191,180,22,396,-12,361,149,111,-115,459,756,18,-3,-51,49,330,471,1547,280,538,605,-19,86,57,-81,-7,-159,197,653,-2,-2,-72,676,145,282,-15,6380,-80,7,-62,-39,4,295,298,-245,268,156,-106,2209,306,354,53,14,4472,256,413,64,80,15351,723,924,-74,-148,-72,2932,-187,195,189,129,1010,97,291,126,240,24,555,1234,3556,583,-328,218,105,158,1316,275,1045,17180,479,7804,287,530,241,382,377,69,48,-417,-175,19,97,85,1325,65,60,84,24,-62,-45,368,-4,62,1244,484,85,374,-10,591,1974,-59,-3,110,-3,111,-32,94,221,705,-122,113,911,120,337,-107,435,111,74,45,256,-321,-75,424,232,279,-11,46,75,333,-368,7,124,23,90,-183,2,94,-197,254,702,325,55,-182,166,-34,487,351,472,204,55,105,-74,-37,-19,413,491,653,-8,804,75,2,-166,87,91,-1,83,79,-342,-8,7,1297,-202,-277,218,209,214,23,49,213,2095,104,-763,25,-148,633,134,575,176,919,99,374,449,-450,-16,-19,-38,422,392,-161,183,113,42,-37,-32,-61,79,726,121,815,-74,998,38,225,941,86,-31,403,541,183,110,180,227,-26,198,235,7,253,39,592,385,-18,-154,-50,213,-208,325,240,172,191,734,-362,139,37,-76,-73,805,268,104,-44,74,-871,63,-30,-8,-59,-86,10329,220,569,253,130,-40,56,509,78,49,322,1106,-29,303,129,2118,71,-122,-242,-265,944,466,-35,14,-4,782,323,448,399,-101,469,110,466,59,533,221,-21,-432,4,111,531,1654,342,-44,-79,375,53,724,763,106,19,-23,98,-11,410,102,952,725,202,81,110,-1608,245,477,306,497,922,-108,-199,-371,546,-108,445,305,676,69,-465,105,400,1021,237,67,190,-449,28,148,2,57,1095,67,43,762,1435,-110,-34,83,3298,1840,-56,15,-149,-84,1021,916,33,24,121,-4,48,-34,0,435,170,23,-38,-91,-20,-97,-53,534,-458,300,-38,382,24,1169,44,292,420,38,-162,459,-43,353,-133,339,6,254,-29,663,1158,153,-321,100,1128,49,34,117,1,106,-167,38,773,-210,135,-540,56,640,376,-5,10,71,88,67,-74,-118,-71,11,301,524,152,49,-23,42,98,-106,58,-16,10,114,-49,-270,828,218,-31,-29,362,177,93,-328,92,505,-170,423,497,-257,130,-200,-431,396,211,-33,385,141,147,509,366,-12,828,-252,75,-46,2626,-331,12,-1,-11,99,17855,1337,-268,708,862,55,-34,682,116,218,-75,-34,223,-416,-266,-36,540,4775,-45,188,-17,-58,122,167,127,1063,81,-35,83,913,1917,271,-17,42,86,61,60,300,8152,368,-265,-169,49,73,17232,712,7,16627,249,0,-263,-84,-15,420,119,345,2791,5,144,263,555,2319,430,-38,1241,104,-16,121,173,35,788,317,1697,391,144,57,202,102,104,272,2539,194,1223,-95,-48,40,-17,18,84,-111,554,89,350,1032,131,332,377,-1630,146,-16,140,204,-30,59,45,216,44,89,-23,156,15028,743,72,404,-85,20,1004,-78,472,45,-66,523,65,-99,269,4296,578,630,443,426,78,56,213,1918,462,76,259,-40,-574,-46,-12,19182,65,1124,1432,-514,280,-202,46,126,-22,-133,-51,-12,-23,-60,-184,-75,131,108,-185,-5,24,-482,-44,-147,-26,-31,48,-872,92,7242,-347,162,87,-57,319,-42,15,17593,2026,124,252,37,-196,1790,664,-39,155,-73,511,131,282,267,702,43,144,14,10,-122,-66,1003,800,-327,-40,95,38,53,747,166,1025,-361,44,70,53,3,131,362,34,-55,983,-287,131,132,31,103,1570,-198,-16,-101,179,38,792,195,441,-281,-173,47,44,12,1081,4,481,727,742,383,65,-144,108,286,11182,16,341,478,301,-140,610,153,-46,262,181,-4,2804,160,35,20,26,-157,-53,37,215,65,15,270,874,21,21,153,1,212,49,872,271,153,182,212,-24,214,72,30,-33,25,-136,266,318,28,-560,9,191,134,15,159,205,1151,2625,59,707,-85,330,207,4,229,36,-2,-73,124,105,39,36,142,-477,26,77,36,4,405,265,463,10,260,-257,62,-52,-114,10,49,-57,-3,5,111,564,59,154,93,244,-4,177,153,-18,362,1018,-73,572,28,-1,-143,344,450,222,-91,44,18,-9,106,1949,-36,-46,250,81,154,42,-7,47,2362,57,-74,124,1055,524,223,3,284,51,25,152,-39,3,1850,165,334,129,230,5618,337,7,-25,-37,9,138,14,49,-65,-17,-424,390,179,4516,282,73,132,91,125,104,18,1604,108,61,1135,121,-8,2837,214,596,9,172,40,523,49,45,2867,318,-67,48,-15,38,142,-42,31,17,53,212,-19,-122,1427,133,-64,-355,-389,629,13429,-21,-128,-36,-105,-24,4,-248,-38,-1,935,388,89,24,1183,120,1831,-72,485,23,-42,-115,-12,81,1120,9,144,-609,-36,486,57,-33,28,339,1004,1556,3310,-14,372,4,46,-1542,171,-45,-38,13146,-116,140,113,203,142,232,341,685,159,15619,278,-33,20,406,300,-43,108,167,232,-14,24,45,59,14,-211,1054,1666,28,105,-69,-66,-18,121,167,-64,-102,116,55,144,117,1313,87,52,-2,313,-23,16,217,-47,340,92,139,-203,476,199,79,1047,117,-50,83,-63,258,-168,115,175,-33,-106,-290,1762,-6,19,35,271,888,10,52,518,325,390,214,-20,1630,1335,1339,1832,-643,2984,-35,-36,1125,75,62,110,189,-789,28409,-71,1121,-2,287,111,15,188,66,661,120,-38,73,157,636,105,2054,349,786,66,225,-73,35,330,78,-8,-67,-22,-409,147,-101,130,-48,-14,204,950,410,-145,-185,321,971,172,39,215,103,141,165,523,154,-134,1393,-21,-94,-217,-207,520,1203,468,-170,-352,1481,11,10711,11080,-318,547,-3,2814,10121,635,-83,-680,257,668,-175,222,-65,205,-4,543,17148,17129,84,61,32,92,89,-235,-11,196,155,80,196,1121,360,242,-30,55,-441,-4,228,53,-205,124,-24,-38,-596,292,142,-526,43,-284,72,607,-11,71,48,34,19,-58,-30,-279,-122,-185,306,107,423,408,11,-157,136,1283,-162,333,30,-42,-55,116,212,16,-1,-74,250,-353,-22,42,643,532,3340,4825,1947,7376,-499,-32,62,161,87,42,652,-215,244,-80,418,120,120,-8,244,-10,52,271,-127,-149,140,3621,80,318,78,291,113,391,-58,327,11299,-65,-53,11,458,-798,373,-289,498,70,176,44,79,-46,3,286,1571,1268,761,242,79,258,187,59,36,43,-44,-2506,310,541,-95,124,114,147,363,1,-16,-926,-620,122,304,702,895,986,81,140,-355,37,-22,225,314,9,314,253,468,495,474,355,134,29,997,174,155,159,53,108,37,411,-81,477,94,22,75,181,336,1080,246,459,191,-120,39,-265,-63,-253,135,309,-770,786,63,-170,-226,168,149,16921,461,-56,22109,-130,-39,0,-291,427,254,121,-1692,1520,121,75,4163,1805,2700,72,805,341,-20,264,-128,34,100,145,74,-83,-399,-98,-17,368,1815,282,16,670,684,-65,-4,-443,-9,556,115,-38,-2,40,-214,-79,133,207,159,-108,295,30,105,280,435,-640,257,51,880,1078,102,296,8,1015,898,179,264,-70,2467,1876,1115,15680,25076,-36,38,121,-78,-88,-23,141,199,2702,60,-38,-22,12,661,194,231,-586,376,79,-49,71,207,49,386,264,-16,371,21023,1325,89,30,187,65,78,61,10,248,97,-185,-252,80,965,187,69,531,-8,73,-440,1082,-149,7970,543,4,-89,92,-1087,-149,138,165,1956,61,71,1275,-69,97,-156,1,28,348,2,26,143,260,1273,158,84,310,5,309,29,382,597,-175,43,-35,67,-45,50,1062,349,160,298,0,212,-361,322,229,415,-394,-854,-11,-345,59,8,985,93,837,186,250,-24,-5,325,40,78,7,521,-80,61,131,-197,78,95,-55,163,418,614,-179,-30,546,749,-3,71,322,394,215,661,14,48,835,169,7,-30,694,817,154,478,-155,60,-117,-108,-180,-283,297,5,210,-58,135,-186,141,-518,56,-1872,1233,117,43,179,138,257,2630,15618,133,127,750,-55,60,-223,-110,14,-145,57,3705,448,8090,46,127,12964,1441,193,115,-361,22,662,106,1636,-64,-366,282,1794,149,10,29,1036,2525,-107,-182,-80,-221,300,544,89,11409,-31,-124,620,-14,42,678,50,-37,72,-246,132,37,484,110,2368,1399,9486,6,-65,-51,22,49,-8,1966,382,-61,3090,2804,4,775,-7,-30,1087,16,56,-47,-495,2707,-162,496,-56,305,-197,745,-117,-657,5,79,-184,326,267,533,698,-93,230,2831,-456,-15,252,663,238,214,188,98,3440,1718,-91,32,135,98,77,218,98,1232,471,703,52,-50,282,-115,-7,275,75,-596,-6,421,108,-9,-754,-259,1492,66,-4,1006,-215,158,91,52,33,72,401,977,-143,-11,1337,12707,26,173,120,20,91,-422,383,3918,201,79,51,661,349,17,60,240,1142,105,723,30,138,493,455,-25,213,153,320,75,-46,1234,1836,352,161,-410,-3,-205,330,8,-101,361,10,84,189,774,193,145,416,-347,72,46,1189,-104,434,2343,390,73,6,416,19,318,-128,514,-47,-50,230,103,665,-57,30,-248,29,-234,9904,37,43,365,-322,-5,825,208,114,-12,216,625,-7,2214,117,58,19,-7,-57,332,-14,381,-15,973,-16,481,588,955,29,17,177,-210,10,-6,571,-56,397,374,1072,256,442,252,-24,-26,162,-104,99,-201,-160,59,417,-5,243,153,352,40,710,-24,166,182,-21,159,141,46,81,167,-209,589,23,11943,5558,-255,202,849,1296,66,17663,74,14,44,226,-118,-189,110,322,58,772,248,126,334,-22,-73,8,76,-194,70,-34,18,1025,359,-299,-185,-183,155,-39,423,259,-24,524,382,4,53,269,225,-38,-28,-112,18,782,166,57,40,2549,-450,486,-203,681,388,322,-28,33,-340,-74,128,-56,239,320,2727,-131,990,916,395,50,-1295,-1,-118,71,-31,-28,2248,99,183,158,-110,-73,-108,9,-1,-646,211,669,133,-113,685,-482,-209,47,136,95,194,445,201,145,529,1240,486,368,172,-128,112,789,47,-312,263,-198,213,16430,626,-42,-2,-32,281,-65,48,2515,84,572,726,2599,72,-277,167,375,-42,336,8,-92,197,775,186,593,-18,72,103,-4,40,510,238,4940,-702,32,4,625,268,4628,6619,58,187,633,107,4000,278,31,160,-1004,252,40,324,249,504,-55,1918,-70,-154,-458,-374,35,212,1746,-2,154,132,101,173,-93,490,29,675,-26,-359,-229,490,-65,-25,-46,170,-65,91,26,532,-61,1073,30,-8,-527,88,-75,4779,64,-534,-521,1244,15752,-106,264,-358,417,303,79,283,1439,-351,-97,495,149,75,42,334,50,26,124,497,7,90,835,78,-279,17,1006,143,499,-26,-264,69,1789,-102,250,-98,-113,-1339,-45,1215,1412,195,-2451,8,0,75,367,34,80,-23,378,347,37,1116,377,36,162,306,448,1193,397,10695,2162,-309,5901,66,90,-2,93,1491,271,-978,-1433,231,703,-162,-922,1312,81,-766,211,65,73,-297,4966,-62,-124,234,705,534,5011,1730,-150,1380,488,-173,242,4508,170,159,211,411,-2,14830,-245,-2446,-3480,-10873,-1157,-159,597,435,-40,18,1,-57,258,-24,897,8479,9080,60,146,-290,65,5560,272,988,4,154,125,81,-362,751,133,7,876,258,-28,-6,-1,95,438,971,61,1340,-87,220,16,-394,-12,44,660,281,139,18,1192,197,-141,260,65,52,10,10,-251,297,837,414,-31,591,-63,-190,-191,-73,310,225,271,289,-17,67,-21,-361,255,348,421,828,936,150,-58,15344,195,24,14,38,-26,268,-1,64,-177,3,39,-47,2054,103,-229,-207,174,461,-69,433,99,-80,-208,59,62,-72,260,-53,142,190,-28,-106,116,325,264,336,321,-11,23,28,85,-12,585,4,183,59,857,-57,-23,-10,48,187,-93,18,31,2986,36,55,-94,249,7223,22,-5,29,-120,47,270,12585,-4,305,-69,86,322,-36,326,255,153,119,-161,1253,863,6,-72,388,124,-26,44,260,211,900,-159,162,129,127,4,44,-138,-35,84,87,105,149,61,117,-8,-7,1079,900,-25,-163,-548,298,-133,207,142,75,56,-160,78,57,173,34,949,40,375,4697,1614,506,-33,560,-1240,362,-117,301,-6,221,-6,-18,40,363,-75,311,222,294,319,5059,914,51,95,177,104,-195,-101,770,540,-150,-224,-36,602,735,38,-149,194,515,97,-67,63,489,-5,-19,16414,201,212,3580,20,55,12606,12458,2175,-672,108,56,594,-161,-36,-448,136,-16,311,230,2319,161,680,86,-285,404,449,586,379,194,67,371,393,724,751,-94,-121,31,-19,-284,10763,466,135,966,-23,322,-93,60,29,131,-86,45,5,-51,-77,-33,-33,483,-65,512,227,-609,170,385,255,429,19953,10325,427,117,154,16813,15764,210,4420,-136,124,313,-19,168,42,283,-106,229,19,211,188,-118,-149,1504,214,760,-38,201,-55,348,208,0,74,-12
72,-131,-126,-50,211,-206,-287,-34,-114,62,341,-166,-309,-521,-85,174,161,-93,-333,23462,30,114,-57,13,2,113,-70,-130,-61,-38,-31,-193,-45,-483,-223,-263,-313,21,318,31,-190,-218,7661,8189,12036,10068,15982,18336,231,-66,218,346,1313,751,922,73,158,234,-179,175,59,-42,154,26,18,93,94,1541,78,882,-466,-558,937,81,-107,-118,-145,131,887,762,-63,239,1153,-14,27,77,261,13,690,634,51,725,39,537,586,530,-51,-9,149,127,3,77,6,109,554,-246,41,2687,503,-1090,343,-69,-158,151,89,-610,0,73,225,162,-254,-26,-138,34,709,-13,-383,33,-121,214,377,387,218,-6,82,9,694,45,646,946,597,-223,234,-3,355,37,163,177,610,10,-129,366,45,55,1094,378,-63,717,-327,198,-125,818,430,1002,230,-34,-26,274,399,945,481,791,87,118,38,917,494,205,-70,26,414,898,239,-173,97,-114,-33,0,0,-594,-31,2107,29,-49,-458,551,1237,151,33,315,667,177,585,17,191,-42,-33,50,1109,153,1718,50,-563,79,-115,3568,-889,258,1611,-7,1055,762,-153,163,29,105,17544,-177,662,294,27,2,1381,543,730,50,26,250,582,1315,303,3424,449,2524,-2,-1,30,-67,111,587,457,131,1107,654,30,565,-253,221,37,651,-19,1305,705,-661,162,-23,131,38,-734,-89,590,-367,33,761,398,801,502,219,-18,-591,-195,-110,618,6221,166,109,86,90,315,365,-121,13370,1606,2182,-27,830,230,397,423,1266,438,174,191,101,27,258,-7,155,4824,267,163,-186,477,-39,115,547,-1,61,75,111,21,306,1718,997,1147,274,402,434,651,121,243,1349,1389,589,257,167,337,451,449,1115,527,85,107,813,301,49,18,797,159,-94,1193,378,35,5003,198,381,43,1457,155,182,126,175,561,610,3835,46,301,-121,997,550,1377,1097,-6,155,434,1151,309,71,839,497,163,270,39,-151,1519,805,491,-507,318,49,785,-6,-19,178,-154,43,619,11,273,701,1094,471,566,889,339,154,282,-74,-401,-1,-211,595,1823,-97,27,303,159,223,147,22,315,-9,7,478,551,417,19,1442,193,1009,122,1683,257,-134,102,270,231,703,353,1426,-65,1227,298,269,73,-153,-63,201,85,6,702,1146,38,1194,327,-109,-550,2100,-514,-333,-70,146,51,886,4095,-231,158,-142,130,85,419,98,-139,101,21,503,-78,898,-95,61,1185,209,365,851,238,598,49,106,42,463,801,43,375,87,-29,146,363,409,243,389,595,-282,-219,377,737,-234,949,237,87,1558,-50,-399,247,343,198,71,33,1403,897,329,825,47,585,325,105,-571,599,-23,15,238,5,489,8199,257,631,362,1331,358,78,859,202,143,1349,13500,697,330,-17,274,-347,57,211,10,1533,-30,270,3828,1738,137,-23,426,-21,18,-171,11773,319,-9,309,571,24027,71,-1413,2399,-318,166,222,654,539,387,1015,110,131,1402,51,-253,502,118,1379,34,147,222,1154,177,125,438,162,-234,497,26,99,95,119,-30,190,110,50,242,787,483,123,-734,298,126,934,337,-181,242,562,313,1717,18,507,-225,725,1426,237,-18,-307,-26,59,318,-65,349,173,129,94,866,231,237,-63,-18,655,122,550,82,90,-94,1185,-15,486,778,187,-322,-18,-41,1014,154,138,-59,25,-9,182,123,-145,413,650,481,978,661,4227,-459,139,737,117,362,510,-17,1881,862,423,687,11,9,99,931,-171,223,-55,-138,-311,661,458,27,309,-18,75,206,89,-65,1046,305,70,110,135,263,-195,19,-234,294,545,65,1002,255,190,757,-26,122,262,35,451,102,619,138,1707,326,263,-1379,181,-54,-5,123,735,-9,666,-153,159,671,199,211,-55,103,35,713,-7,46,534,218,7966,146,197,138,110,2382,-345,109,479,-379,-49,449,2047,179,26,-215,13,243,-882,22,110,-15,799,-185,945,215,63,102,2195,21,137,-9,442,905,-50,5977,122,807,11,-25,-35,-310,181,2206,-214,413,45,-87,1210,370,107,-262,1718,1546,175,-91,463,-467,5088,2130,1298,361,459,235,-157,43,20159,570,143,4784,413,1643,387,250,90,710,-298,-846,2943,-97,-651,-346,-191,-281,105,-146,154,242,2035,1070,301,-33,-269,791,910,-339,77,-74,-107,293,17,839,270,-55,-13,361,-89,110,1503,67,-382,-50,-138,377,-209,3,705,70,-213,-82,-126,-223,97,30,675,-67,-331,-107,1054,81,173,-111,1094,22692,517,293,238,899,-350,123,-479,8385,-17,-226,-42,-94,-51,181,450,71,20347,227,87,89,185,413,-430,729,101,-451,17540,-149,-147,189,-91,2059,21901,-43,-707,121,129,261,115,306,-515,1767,355,129,-23,131,6353,-11,1167,135,23947,2206,-505,510,402,269,351,43,-267,-2,-158,-125,4916,-141,-114,45,117,17,467,209,-301,-194,-387,219,114,-37,-98,-137,69,-535,507,295,43,-587,299,1062,41,-106,-41,147,-126,347,327,71,546,-6,-26,-87,-113,131,-9,341,94,173,-293,-65,65,494,-13,82,23,722,11,1133,-74,-351,18172,-31,862,209,255,278,-250,-15,-87,59,-147,-202,461,10268,187,261,-122,273,-137,-26,177,125,-21,-18,362,126,-186,-1940,13454,2087,106,111,6936,-49,29,-101,13760,-421,413,289,731,-53,-154,-1346,191,170,247,-142,327,-369,190,355,-173,165,185,-354,-223,253,677,-70,14,113,30,-829,95,469,2414,1090,1163,243,105,-246,-101,-13,1498,211,827,209,6630,-35,367,682,1231,-269,-93,87,10990,2180,810,278,3955,141,127,109,6734,221,181,106,390,227,182,75,-33,65,-110,38,115,-125,3159,245,481,-29,137,1947,2543,355,-233,283,-31,-57,351,929,202,727,2015,-34,130,-38,143,1111,385,2647,501,94,425,21,8311,330,-41,139,126,58,170,-81,43,-46,-67,10,894,1103,465,729,-35,43,-34,75,163,233,1809,70,437,319,-55,2983,97,131,-42,-150,-17,89,1121,-10,-70,315,161,799,93,422,693,-53,1075,283,571,-9,353,102,2,-3,-130,47,-6,197,1194,25,-86,-9,145,-571,65,-135,-95,3155,386,-351,205,157,18,170,-385,118,-186,685,126,230,-359,55,-134,123,3,-335,263,681,-250,-833,47,-295,27087,9548,281,-45,-321,215,89,25,62,17,-273,53,186,29,-463,46,-89,4345,-449,666,143,25,-9,143,1723,15,839,1976,-65,-19,-78,1126,78,-1,142,451,2060,145,166,-102,-37,89,74,109,2095,251,494,-30,591,-59,-123,-301,49,97,13,1622,-370,1437,-58,-55,838,-38,171,78,907,15,905,12169,3,1675,-2,167,2428,115,971,110,250,-10,459,46,39,786,78,57,1,49,15,183,709,193,618,15,-813,611,474,79,1145,1194,253,505,27,-318,1273,33,-81,502,-379,175,193,283,1915,67,427,133,-137,122,-283,-78,470,-1562,-29,885,387,158,822,1609,26,-121,203,65,4807,-57,25,179,191,1358,487,1397,109,-67,1298,395,97,999,-166,121,94,919,14049,-11,1962,3218,290,61,5834,145,65,146,1968,635,1151,221,-5,53,-9,946,61,223,209,27,-3,135,4953,1761,-97,567,53,283,1247,-565,111,2411,189,-525,139,586,215,-209,2,-87,-133,35,-771,-179,23,1107,-637,722,561,7425,785,1867,207,581,59,382,27,315,218,-279,81,13678,93,-189,158,-33,-81,18,19,115,185,-54,30,477,465,893,546,-146,111,247,142,-3,-739,667,570,-141,91,-246,-110,-203,1315,854,-94,-138,91,-73,-7,145,185,-7,258,2355,71,-439,-171,-62,113,226,1301,154,262,178,177,14,-235,141,82,47,1322,45,39,-57,146,-173,110,177,97,311,751,-1,354,53,-141,-81,-43,-375,2211,-46,318,519,-11,233,-497,1059,41,77,109,857,410,1237,434,822,674,-181,-99,19,1481,157,535,-195,366,-326,387,-294,123,309,87,57,158,1298,610,547,-43,125,14,1355,61,223,14402,911,146,-95,-69,409,-39,31,149,-51,38,662,783,67,627,-42,-27,-5,-115,101,151,34,161,577,109,321,370,27,197,115,754,-98,-38,161,618,483,235,125,-157,-283,29,14,301,-255,-121,-607,-27,-7,-6,93,145,-218,502,-770,126,218,37,137,-226,343,-97,51,230,173,803,651,129,643,-158,277,315,179,557,55,178,782,-133,-14,759,25,586,38,-93,-53,777,33,139,-115,713,17,319,1759,883,327,193,122,-113,58,-122,491,-93,165,343,-46,285,102,91,-67,-435,202,-591,430,50,53,550,-130,93,-137,-393,274,531,-26,-69,1066,8259,-66,-191,12692,-26,-58,66,-526,-25,109,186,1327,134,77,85,-33,322,-321,226,847,2514,197,95,547,-207,111,1275,314,-31,557,2694,465,-245,15169,78,-555,265,267,-77,38,170,146,-22,321,-190,1089,-309,131,-111,103,294,-22,1,87,1613,379,94,347,1331,795,126,-102,-645,1653,-115,303,422,135,137,-683,898,406,6633,330,-62,502,65,-681,154,-66,82,87,119,-151,-277,110,359,-123,17,17962,157,19809,18947,19195,79,-79,25,45,-361,867,917,7605,58,43,2479,311,1815,-639,265,-190,591,1594,-102,107,218,38,595,219,93,49,-522,-567,339,-87,843,-18,423,881,4620,-50,1919,-39,275,339,74,206,503,113,146,-137,359,-197,-259,247,910,277,186,789,1182,-313,27,765,441,439,415,265,447,233,626,297,230,593,151,95,37,10687,107,20507,1321,9,55,-59,-117,206,41,318,182,-758,29,90,175,325,874,267,69,127,127,129,119,23,99,122,26,386,746,-53,73,302,5760,115,113,-57,-559,54,213,166,365,-7,453,602,-263,-34,105,-189,205,-247,73,1178,-9,-71,-334,149,286,1565,-47,149,107,9,190,573,-55,115,65,-81,677,2486,677,157,125,262,-143,75,230,73,6,166,245,675,3250,-462,218,51,31,349,4559,578,13199,789,-683,2151,506,41,117,-85,-597,211,-702,406,497,115,403,405,338,47,-110,7717,75,-37,290,226,442,269,-66,38,774,1779,523,-125,6570,4300,-34,105,694,-94,-83,747,922,222,2734,113,-13,422,115,249,1895,390,285,466,525,6,3,79,41,278,339,125,599,15,-126,691,201,4169,753,147,531,446,-23,171,1757,186,29,1286,-41,-14,598,285,162,10,53,142,110,131,370,334,551,142,665,206,-42,111,333,35,803,-129,13,634,-42,-21,387,-259,427,31,-155,74,66,-25,-310,1369,147,43,-245,209,1189,-62,2123,1239,-178,238,-3,145,134,-466,1133,-230,3530,22,29,1755,635,-95,241,205,175,-637,93,-89,-375,-91,-59,375,127,-30,645,613,81,-217,1,-111,-29,74,461,-329,-115,661,126,-119,-33,233,699,21334,6013,1338,-42,31,69,-15,-177,770,6,-111,971,57,-2,23,27,191,-319,2122,371,-317,210,5952,-343,-234,-55,-219,219,558,-154,530,1018,242,-93,521,235,-131,1290,-134,682,799,87,17,130,-221,23,1634,298,811,129,-2,3,427,102,457,407,242,-62,198,-51,719,-366,101,115,511,-170,12171,-725,703,310,-6,233,101,962,114,145,214,-749,606,555,-34,74,-135,-147,755,-78,845,-65,217,51,194,189,291,5810,6880,66,-98,39,186,-237,-291,-182,350,402,158,321,2159,-163,67,66,41,218,335,-11,-505,101,58,1754,185,59,-170,93,2235,226,513,-45,83,530,-78,-327,233,654,-150,147,-169,-7,110,655,-19,3,142,14770,-167,158,1534,-90,391,91,2035,-27,657,110,1,-1171,229,805,361,-291,106,114,315,175,-33,1429,35,-27,21140,611,74,-115,514,370,445,35,174,325,1565,-26,55,686,526,-63,2392,41,-1071,-146,-119,-486,135,425,-159,1,7,3404,234,-21,87,12156,1777,-15,271,123,565,-109,-243,478,1570,5671,-167,-86,67,538,3656,110,97,541,514,46,-769,-117,42,-529,165,102,439,-91,175,343,-282,1287,-202,1976,131,954,-63,66,323,2099,99,325,-55,-62,742,449,-126,321,179,557,-119,130,-25,509,859,-126,13,235,105,315,759,478,466,2420,351,131,581,-191,218,287,1239,201,231,481,11,75,330,178,751,10,575,50,570,1341,191,-249,21,-117,4569,587,638,-86,947,1765,26,561,-478,-162,241,347,501,214,1286,1342,329,146,174,95,-17,-70,190,185,-327,758,119,10,-342,1478,321,-7,102,4209,1153,202,293,-127,-45,230,775,642,-710,717,-95,115,-123,513,621,137,250,-87,-199,518,330,-29,2,-23,253,82,279,-10,163,641,47,-1830,39,115,374,514,-43,114,38,595,763,489,79,-142,686,-51,169,79,30,710,690,170,-11,-22,-142,-73,199,-66,495,-198,26,310,1482,-62,306,134,77,1333,21,15973,102,651,495,314,51,146,429,-687,110,-17,1387,57,-75,122,57,102,453,-427,1026,79,22,203,-10,241,-23,154,537,331,653,149,329,321,25,157,21,25,349,-79,15610,262,-13,-313,131,115,-135,282,1258,125,-210,-1,294,414,-114,245,-63,59,-117,-11,154,-39,-5,1890,-21,1243,98,66,-338,-111,53,189,-573,61,59,-394,181,-78,459,439,-587,35,251,-13,253,722,138,386,22,-173,-643,865,-245,-71,1217,682,209,-89,107,331,199,137,1019,-334,49,243,278,254,-138,281,57,547,63,427,78,566,4865,771,645,-347,282,411,206,-98,-142,1623,-102,222,1879,-535,233,358,-665,183,-474,458,11,873,219,42,857,-98,93,209,-373,-127,19,97,-125,10,211,174,267,-403,311,253,183,106,533,-13,493,6517,455,-126,903,-111,902,815,217,59,297,-42,503,95,174,-49,285,211,1093,83,298,598,-98,-82,-397,275,374,258,371,186,122,-53,673,179,766,-145,4845,62,0,4389,25,-19,142,18,217,45,-73,301,210,42,-970,-185,153,174,-49,298,375,786,-3,-59,35,415,186,350,-14,395,187,645,-10,251,441,-545,291,-26,601,379,534,-19,70,1543,1774,831,250,546,26,-394,15511,490,3180,51,105,1291,686,99,143,63,187,77,525,241,-58,225,738,209,94,-70,-38,-14,325,1698,189,654,114,101,357,2610,18236,10450,115,-70,-53,129,103,18,805,37,-105,186,462,101,154,158,-178,433,-102,189,29,53,461,110,1,94,854,721,18,367,21,558,18,67,537,569,1150,2950,118,278,14478,19232,13321,11016,10743,22570,3996,374,2846,123,-231,774,805,33,485,462,33,-445,49,1167,-137,-87,-55,547,265,187,-165,429,5,83,-41,129,147,-1,-114,190,267,-153,-27,2,2,-25,441,-13,-179,25,253,-599,390,185,-51,110,945,-125,63,-5,573,-49,1058,-275,55,526,-183,42,50,83,425,194,139,307,1203,186,133,145,-165,-113,301,19,-53,38,114,38,622,214,5,-182,118,-313,794,54,78,214,411,241,-261,185,974,422,174,-69,-614,370,31,254,454,69,387,74,-39,466,270,-222,833,-37,102,31,22,126,698,534,109,17,1623,9,366,187,194,-205,459,378,251,21,234,9,1209,239,454,1962,694,3023,-83,7,222,286,3,323,322,-81,90,219,473,195,635,-35,418,659,7582,78,18,826,259,-119,63,33,46,133,-173,438,197,11,-414,306,66,29,-10,285,290,71,78,-127,-259,687,21,-95,-99,66,-81,-215,143,-79,5,533,-47,1273,261,-490,895,562,189,591,7,2510,-25,221,-151,6337,165,409,250,585,102,315,-262,-27,362,105,34,1966,242,2271,-141,179,1038,619,189,149,62,-21,11,171,210,-149,129,383,199,430,838,25,683,-14,-69,350,366,1371,147,98,-45,-73,109,-117,133,287,214,29,63,139,293,447,-106,325,-70,-375,682,-215,237,43,418,105,-663,-322,86,1105,993,-123,-3,394,-149,-109,247,39,93,55,983,-379,79,-101,-10,167,-139,426,439,-9,1151,-911,731,-355,149,-198,39,358,129,3,594,-198,-173,154,19,2,987,377,177,2779,917,22,1881,245,159,942,-313,-30,225,-31,177,49,671,-75,45,402,-53,269,-695,318,1287,597,5,130,10,238,113,-90,929,122,-383,51,297,1158,78,67,-10,897,2335,406,41,-115,-79,142,-549,-95,-155,59,330,113,175,-43,413,935,713,91,69,-629,-619,1398,39,130,107,-42,26,194,261,90,615,329,79,1387,2024,409,2027,410,-90,18,-714,-485,-5,466,194,-305,74,58,-229,-97,397,-43,477,369,1263,147,-357,634,309,83,695,183,-81,-5,19,19,-261,7,1110,609,-31,-11,295,-81,21,423,919,-321,227,1050,-95,34,146,-115,153,401,403,3594,254,2723,-37,109,42,1123,1087,1139,106,706,-41,270,15,1231,34,157,573,94,699,1589,499,-221,1155,2730,-11,18,154,-42,-242,205,138,942,219,206,381,203,478,827,1062,-333,358,-57,773,-711,287,-118,1154,402,1343,398,1106,305,-255,-186,39,19,-1002,1034,-66,46,870,347,305,-119,129,393,39,335,113,99,190,-21,746,242,-65,738,438,170,350,16707,-50,1298,73,370,261,1029,-162,443,-106,-42,2031,105,18,890,457,-82,750,34,185,465,-121,717,110,2815,-6,111,1521,105,189,11334,138,653,891,1113,567,714,3827,13,1039,233,543,-15,353,169,606,235,6044,62,-1006,730,967,-237,63,145,17,441,841,341,-55,194,519,225,-55,25,341,-853,-69,54,-169,-235,2806,-214,531,227,-66,141,97,21,-274,195,87,46,1105,38,138,194,189,126,135,105,221,46,23,-85,-45,145,1197,678,2219,163,671,173,-99,742,-94,133,-13,70,-203,390,-235,1462,-359,267,73,181,71,1487,137,18,814,81,51,27,38,878,217,707,30,91,71,693,-57,1171,11,-10,497,11172,581,869,47,58,223,-119,18,195,69,93,-82,1007,145,-62,1074,130,277,49,1,55,27,69,1952,271,-10,-26,290,358,-157,-42,602,71,73,58,-171,-123,51,-682,-69,-165,770,573,385,71,102,647,-174,698,107,118,21,-190,102,-17,214,1629,-202,270,134,81,91,239,74,-966,1091,-187,-259,-6,3568,-235,162,-27,-101,325,-375,-358,-37,-91,199,406,82,0,-61,29,437,329,1470,183,-83,1265,45,-237,55,46,-205,6,46,-57,441,1025,-26,-14,-22,9,86,861,11,826,191,691,-34,81,350,467,414,-14,249,278,-143,-130,645,735,66,350,27,227,122,410,-107,-22,826,339,865,642,-773,63,58,33,206,1027,47,998,62,177,541,-29,86,281,-61,-7,-289,262,653,-31,310,-10,-61,-2,1443,137,-33,383,349,21,758,65,191,103,818,237,5,15,81,331,155,1519,397,-18,125,123,1091,823,283,-403,429,949,242,21,1219,-13,993,37,438,2,-109,89,573,-207,62,167,-470,66,469,171,643,1222,399,510,431,326,865,1274,-151,-157,1499,-5,214,-58,366,-206,-197,446,-1,10,-18,477,-34,106,287,673,130,-903,355,145,14,481,-103,5204,22,62,-241,150,-33,330,10,710,991,1153,-130,406,157,-71,33,345,830,295,-179,491,55,682,73,707,-206,91,197,1133,431,467,209,1018,-70,238,-105,153,9995,277,1322,322,-249,162,-70,2012,347,682,-526,410,515,110,1035,57,85,521,418,-282,-33,114,-133,41,58,-31,-6,357,205,-293,722,-138,-62,199,-2,173,714,686,170,254,449,198,113,-94,7,1490,225,394,-83,-85,54,134,-154,1185,475,54,-46,217,66,782,-45,69,55,-134,85,-22,2,-66,594,-15,-9,182,427,130,-127,-61,39,53,735,-239,413,633,-267,-181,629,155,-191,-18,558,146,-85,423,114,153,1283,179,503,201,218,410,87,462,231,321,150,1891,458,-143,153,1259,10,5,-442,45,-1149,22,66,153,-79,-23,157,153,-438,235,1097,415,1685,194,286,-247,117,415,-295,-34,322,166,-173,66,-125,1065,-122,567,354,431,107,-6,81,518,419,-58,-78,74,103,294,610,114,23,-519,355,858,381,81,146,-9,31,730,563,15,35,-318,429,717,223,-177,114,-23,-363,2702,-18,959,-42,257,1699,397,727,239,5,259,605,1086,-370,-614,285,-5,55,-11,-163,11,95,519,95,1610,46,25,954,138,630,259,259,105,1147,0,573,221,329,33,2299,61,901,101,-89,-21,4236,245,47,266,-86,315,-5,-378,21,-3,706,243,1733,-103,645,139,327,0,-23,141,263,13,3400,471,21,119,607,31,87,-251,965,2732,1793,-23,111,3724,198,-262,4113,243,31,387,75,301,507,238,61,-66,55,558,-395,18,1831,-74,59,1757,106,-2,37,7350,27,2578,-473,1058,-30,111,22,94,22970,89,119,-87,-357,-21,146,671,1042,162,347,2327,-79,1647,119,131,-213,983,82,333,289,50,43,530,298,4580,-286,23090,227,525,-21,530,-93,698,266,498,3343,-111,-133,814,70,62,147,557,355,2423,-155,518,42,0,318,-258,1239,-155,-163,199,-35,19,638,-605,154,14,26,65,-127,37,110,-162,353,-14,175,-133,-31,62,354,20945,-2,102,75,430,370,3262,79,353,677,-63,11,789,-122,-194,173,954,89,59,121,182,2960,-175,391,2732,74,69,-341,389,-610,-11,34,591,246,-3,74,2562,91,983,-817,1101,1139,4243,-71,2416,-209,138,237,294,519,2995,323,-106,35,99,958,311,-17,419,269,238,558,-18,-158,122,-53,5371,1169,-106,18,-70,3964,507,51,559,1643,306,-735,-162,2331,177,178,183,16743,-33,15,24447,2510,-265,1521,13,155,710,3758,-65,943,109,238,411,33,102,5,17,2767,1357,201,-86,23849,61,55,909,183,53,77,6,83,-170,2,14070,3837,-82,98,137,19,62,11,407,-335,55,61,-58,-191,-41,113,-19,402,213,-130,62,327,299,-262,581,381,70,1023,-125,5,1302,-315,8254,1694,286,-46,7870,387,743,591,141,-251,-214,11668,102,-113,-218,-61,41,37,743,581,139,10,765,-118,81,502,-201,-11,151,609,509,327,491,-26,-54,-5,959,-134,16771,1033,221,-183,181,58,16043,354,923,234,-78,3136,2998,-50,641,149,219,271,63,24034,13111,25,33,-33,161,1875,937,642,471,-135,8418,-135,-91,-105,363,-3,-2,249,10455,107,-361,-23,55,-13,1281,-137,378,342,3102,490,10,-38,-270,43,73,-87,-34,125,-174,-162,973,199,662,1655,6068,1186,1370,23,493,-5,714,7070,358,179,103,-1,225,319,-141,511,1,145,237,4336,-53,297,1247,173,446,458,0,651,-17,417,2856,990,382,1339,18439,4251,-117,-18,34,223,306,-213,294,674,-3,262,19591,202,206,37,29,45,99,1162,449,251,129,19,741,258,229,459,619,1070,-319,-97,19,9058,175,22,25,55,26,-106,58,243,82,38,-57,62,247,386,18,690,-143,334,-786,219,10,-189,526,402,287,541,767,545,418,526,58,2,134,-17,59,190,1314,98,366,39,177,79,20753,-1,-961,73,187,265,281,1122,-414,1827,-161,201,82,-147,3518,-17,562,275,401,143,507,1,-103,197,-49,-301,2370,170,21677,12319,411,1723,5109,207,830,1118,314,430,2292,615,141,705,-459,-199,1463,159,39,391,34,82,1996,6,39,421,70,-95,4553,578,907,234,2914,-311,250,378,230,161,967,79,-353,-303,590,10,454,17121,-210,21,-47,-30,1471,81,1725,583,226,225,27,78,211,-22,893,793,194,2551,478,63,-49,310,626,934,401,75,1378,251,-81,167,970,121,1449,-179,-13,761,2112,-17,175,49,27,113,-46,351,-30,374,107,575,951,42,-6,-70,42,349,986,1474,270,531,790,34,127,-1,273,-213,-277,406,1823,235,-15,-9,718,235,266,-78,8259,-118,-74,187,-63,6,550,739,-217,65,401,-155,2342,229,282,57,137,10779,50,606,222,23,12779,897,1321,-187,-341,17,3382,-117,-58,378,126,307,94,353,98,142,46,343,1865,3084,841,-205,270,146,265,1033,469,910,17416,501,7621,545,285,257,291,333,149,29,-351,-230,-38,65,-3,1831,51,90,69,17,-27,-25,553,142,58,1770,291,-45,5113,117,689,2420,-153,-25,153,-10,179,1,23,359,785,-138,462,1258,221,459,-134,349,190,111,23,59,-190,-94,395,395,99,3,145,63,941,-381,-61,345,-122,55,-309,11,151,-189,119,1301,406,633,-185,181,-102,505,398,499,323,47,103,-154,-1,10,625,574,330,-5,923,363,34,-181,66,33,-65,37,63,-149,54,-77,2332,-311,-294,425,67,181,-47,71,235,2003,267,-599,-1,-26,789,61,231,239,1003,19,411,527,-297,-46,-29,-67,234,369,-50,166,79,86,-18,-45,-42,101,835,146,873,-117,673,34,354,585,210,-93,377,537,341,291,159,431,-29,186,353,143,169,13,459,310,-45,-375,6,223,-266,286,207,222,-677,1046,-409,70,178,-69,-175,507,83,58,-43,66,-883,27,-15,-19,-57,-110,12304,41,581,261,153,15,74,417,-257,378,299,1039,-13,601,615,542,94,-46,13,214,1815,602,10,-41,-11,1167,310,565,561,-101,466,115,710,101,619,-13,25,-757,1,177,595,1774,938,146,37,399,61,863,810,145,9,-62,117,51,334,159,906,1126,138,131,78,-1697,381,691,365,661,835,-59,-230,-333,950,-71,686,263,1155,59,-279,227,298,1013,241,306,181,-566,-53,190,-229,79,685,111,99,1041,2094,-163,-30,77,5341,1449,-106,53,-178,-134,1976,263,121,-65,46,41,37,-1,-17,993,191,115,-21,218,18,-10,97,354,-515,217,-31,389,23,1399,43,234,506,46,-147,618,-129,502,-214,822,26,299,-50,755,1534,123,-313,131,1011,-17,27,127,134,165,-159,42,1218,-186,127,-491,5,185,106,-17,-25,61,178,301,-118,-254,-195,61,93,61,181,123,-25,61,57,-103,37,41,46,143,21,-30,675,158,-67,3,210,195,294,-233,121,627,-157,503,849,-189,187,-382,-469,754,159,6,375,247,51,255,305,-43,1321,-214,154,-163,1307,-237,31,-139,-41,101,21402,1694,-459,1007,274,202,-173,645,46,274,-307,-21,173,-218,-227,-30,601,3896,-86,97,77,-47,95,114,213,987,22,0,91,918,3539,371,30,381,95,186,167,703,7238,329,-41,-123,95,-117,14337,647,57,11649,186,51,-311,17,-19,447,251,327,3331,245,47,289,493,918,337,-9,953,-17,-163,250,186,-70,642,297,934,547,47,-198,251,117,-133,647,4539,255,1314,107,-85,74,-41,-113,122,-135,889,159,479,1007,89,238,413,-1385,506,-62,135,282,-58,146,3,98,58,287,-79,122,11375,1146,314,838,-53,87,618,-22,499,-389,-47,569,93,-123,1,2455,477,347,425,315,-106,117,306,1469,395,-6,167,-338,-370,11,-19,19808,155,1279,2051,-335,358,-269,98,253,-37,-161,42,-13,25,-66,-79,-157,115,14,-315,-35,10,-667,-7,-263,-13,-23,98,-423,147,15505,-351,221,42,-29,358,-15,134,15032,3122,143,362,89,-107,1473,419,-429,149,5,609,-13,287,99,1519,145,347,87,26,-234,-101,2275,533,-249,-18,279,26,141,1615,374,1123,-409,29,125,63,43,147,274,34,-18,933,-78,551,241,82,159,1591,-219,-10,-1,167,30,233,214,374,-86,-135,-94,23,13,963,43,427,677,1683,679,45,-235,105,577,12139,35,329,411,331,-281,926,183,75,694,137,34,2927,303,-1,-25,87,-159,-139,-1,247,93,77,-65,1234,-21,-50,94,87,230,-50,946,222,245,205,319,-145,209,41,54,18,317,7,374,306,27,-595,61,777,162,-209,277,142,2183,5673,-10,433,-77,458,177,-127,273,43,17,-175,118,55,0,1,77,-814,27,165,47,-15,278,506,443,22,282,74,143,-61,1,77,46,-90,38,74,89,382,21,201,165,249,45,110,263,-5,525,973,-1,623,138,81,-31,329,621,275,-139,190,59,-63,173,1409,-153,19,253,186,129,-1,86,19,2763,155,-181,337,1229,1055,401,-26,347,113,67,318,-123,97,2746,113,379,141,198,7381,403,34,-54,-53,-13,19,247,62,-43,9,-733,375,209,1579,411,33,253,109,155,175,114,1847,167,86,1326,89,33,4743,266,818,49,129,115,571,67,35,2772,359,73,-113,-77,-94,39,-34,22,-18,34,501,-22,-559,3263,130,-65,-198,-238,1115,17061,-323,-143,39,-129,-81,97,-165,-111,-22,1449,187,118,41,1445,186,2284,-61,475,-349,-41,-105,14,38,798,10,47,-765,25,318,161,-87,89,478,714,367,2019,573,498,41,14,-1513,229,-30,17,10156,-85,3,131,119,67,367,562,715,471,15373,311,-113,18,497,331,67,106,89,163,-62,138,189,205,-21,-227,1223,2404,26,0,-231,-30,-22,123,157,-493,-61,69,111,206,123,2352,190,19,106,403,-11,37,267,-11,247,78,217,-67,993,395,38,1273,111,2,29,-185,61,-171,41,273,-15,54,-373,2126,-81,-25,110,238,758,-14,-131,773,649,149,338,65,1101,1050,1451,1641,-422,1241,-35,22,3128,33,91,85,341,-581,32358,125,863,-41,302,54,-3,399,147,1079,162,1,89,210,787,45,1561,843,2087,166,262,-75,19,361,203,-237,-155,-178,53,-3,-315,210,-106,-82,11,1429,1037,-315,-319,155,3809,25,174,-159,1,137,174,850,231,-185,1438,77,-63,-231,-334,739,1491,213,-71,-507,2196,-14,27457,23314,-114,265,-38,1754,9679,1793,-117,-258,246,749,-162,519,65,285,541,391,15602,15441,86,43,23,54,291,-166,-7,207,141,99,282,1117,351,837,-29,77,-486,-510,313,-7,-266,54,-37,-30,-595,314,143,-609,421,-142,105,805,-87,75,98,25,79,-14,-37,-267,-31,-242,1374,125,401,406,17,-35,85,701,-129,335,91,-42,-42,6,-123,-2,-5,-86,71,-438,-95,29,449,511,5033,9760,2594,12437,-407,-26,91,146,-25,-10,875,-321,102,-153,162,41,165,102,3,79,122,-74,-78,-251,174,4528,139,891,38,93,119,637,-249,79,9628,66,99,83,551,-713,369,-310,477,54,210,102,183,-9,143,170,1545,599,233,326,139,385,297,211,-53,58,-43,-2616,314,403,102,113,142,-321,323,2,249,-818,-411,198,291,674,1043,935,117,25,-273,-75,-22,314,387,-106,209,179,491,431,641,158,79,50,790,133,153,199,302,139,17,391,-59,482,229,-57,90,143,189,897,243,486,218,-163,23,-10,-279,-239,307,170,-963,458,73,-105,-359,293,182,17319,245,83,20132,-21,22,13,-359,2344,2588,563,-933,2730,202,53,9600,2666,2751,141,1102,274,-27,135,-11,-11,62,146,151,-133,-334,-286,106,249,2230,307,-73,675,494,25,42,-317,-42,805,94,-74,-21,151,-241,46,163,673,89,-134,123,47,86,198,657,-678,237,75,982,1411,189,719,-13,830,962,217,350,-97,4101,2530,1165,20556,22352,-6,217,130,-78,-47,138,345,197,2340,535,-101,9,6,173,210,113,-838,357,177,-18,-13,225,139,399,159,2,175,20377,763,55,-50,173,307,-461,107,-50,582,145,-117,-658,42,822,435,27,478,306,-2,-147,971,-145,3015,378,91,-157,277,-767,-11,77,129,3191,165,-97,1734,-58,19,-89,-93,25,870,59,-50,-42,218,1193,270,141,393,281,1078,-46,282,734,-205,67,-10,94,-106,38,1135,65,379,181,26,3,-190,691,238,489,-729,-55,-47,-894,149,91,719,-245,935,199,167,-61,-94,506,-29,43,-11,263,-82,35,157,-249,193,203,-133,285,401,1118,-189,59,766,885,-14,122,165,570,277,559,-30,57,863,-79,-62,49,611,871,61,665,-585,31,-110,-51,-279,-265,467,53,-23,-142,221,-215,71,-539,93,-1494,2838,307,38,187,9,577,2636,14917,241,107,678,53,61,-99,-70,26,-226,3,4707,-115,10928,-7,35,15247,439,285,-6,-593,19,895,47,1275,-89,-439,-42,1317,398,2,97,125,257,-142,-218,-113,-427,418,1166,150,18782,-29,5,882,-10,62,839,143,89,154,-174,-235,22,494,82,389,1667,8962,10,0,-7,126,-46,-86,1825,435,-10,1862,4347,-71,2295,-278,-15,2403,-6,85,-113,-289,1904,-55,557,-323,433,-447,2556,129,-686,30,163,-111,293,431,706,645,49,137,1562,-489,-105,487,650,167,234,415,97,3119,1849,-153,67,159,-250,69,493,67,1310,311,1081,65,-91,330,-117,-15,-173,-93,-566,-65,435,149,-34,-1061,-361,1671,114,-25,994,-245,-81,63,19,-26,49,329,1065,-85,-55,1017,11584,9,205,170,25,99,-491,310,5009,258,87,27,705,357,3,87,531,449,-247,989,59,321,1134,673,-37,251,95,355,23,-79,3618,1807,457,186,-542,1,-173,655,-13,2,-113,47,45,109,654,345,37,638,-371,178,-5,1153,-394,253,3160,470,110,-19,358,42,318,-189,2731,279,14,150,74,763,127,-34,-118,39,3,10995,231,174,350,-105,-49,1067,355,154,2,270,1073,67,1042,34,22,177,81,-26,273,-55,625,61,2864,29,594,750,1082,-15,-11,114,-142,-19,58,489,70,466,1123,1319,277,499,243,41,75,286,-54,157,-54,-214,-141,323,33,215,198,517,261,1099,170,339,185,34,75,217,135,-69,59,-315,695,7,10783,8777,-502,173,267,2052,-22,18503,22,-22,105,-223,-417,-50,53,205,105,749,293,79,434,57,-158,-19,-103,-235,178,-13,83,991,242,-325,-126,-303,155,14,291,355,25,147,201,-43,78,338,306,-27,199,-78,-47,1717,-71,93,110,671,-789,350,-247,665,82,322,-30,54,-359,187,89,-53,286,458,1975,-229,1779,597,703,114,-1483,-325,0,23,-242,-98,1818,110,474,139,-203,-106,-161,18,41,-699,518,313,174,-113,554,-493,-17,367,253,143,157,450,234,294,605,961,426,566,130,-205,79,1145,10,-518,150,-337,127,14421,585,-29,5,-26,326,-69,123,2938,133,251,1234,1605,117,-275,235,230,-121,222,107,-118,413,982,193,894,-89,77,69,0,79,638,-49,1027,-434,31,82,538,429,5429,5637,63,51,1207,93,3815,281,113,490,-1558,406,6,259,266,707,-47,2748,75,-187,-318,-442,166,269,1854,1,187,17,225,-157,-87,671,131,497,-11,-257,-118,302,-131,-150,-61,125,-117,71,-3,202,-355,3588,117,10,-510,-17,-274,4756,85,-549,-703,2300,13709,-63,182,-202,573,338,78,350,1270,-531,-111,1045,59,77,30,290,118,5,294,470,21,74,751,129,-382,110,-9,186,462,37,-237,91,746,53,301,-31,-125,-1090,-66,559,1395,145,-1903,-6,73,170,275,34,31,-22,677,346,15,766,483,129,1,199,359,914,675,12759,1943,-350,6136,34,97,11,95,1205,-10,-1138,-1257,-469,454,-105,-805,1875,18,-701,177,71,161,-442,2755,-71,-94,121,815,546,5108,3730,-213,1422,474,-194,590,3406,-21,195,291,683,70,12773,-735,-1638,-2432,-8646,-455,-241,463,230,-85,-43,-71,-165,433,-355,758,7128,7905,33,73,-289,26,4688,242,519,-50,130,183,22,-417,499,147,13,343,355,-117,6,-14,331,881,677,87,6033,-205,198,30,-597,-218,11,674,403,237,191,787,185,-7,197,114,55,-10,133,-282,303,733,509,3,533,5,-3,-41,-27,250,231,407,313,-26,59,-5,-229,393,491,351,1361,1107,751,-158,10579,139,25,13,83,-23,281,-38,187,-341,9,46,-38,2252,47,-9,-65,41,798,-73,-27,234,-131,-230,19,215,-21,121,-69,197,227,-41,-165,-66,335,318,191,214,-19,17,37,127,-77,605,13,146,121,342,-82,461,-10,119,259,-101,57,54,5607,30,-55,-67,193,4293,-5,23,-127,-81,73,369,10174,-23,290,-98,206,290,-218,-51,-341,221,53,-118,805,642,-163,-89,341,-50,-17,154,151,185,1163,-61,179,146,98,5,45,19,645,61,305,203,-18,62,114,3,-37,1070,287,-177,-117,-266,1399,94,339,119,205,103,25,63,167,-33,3,1170,29,375,4361,1533,450,-47,1066,-1113,262,-86,189,-11,214,-89,-3,-33,678,-119,262,430,74,21,3548,949,143,75,-15,151,61,-382,1175,715,-45,649,-3,558,805,165,-118,907,1409,-91,-86,-11,794,9,-113,10204,263,198,3278,-50,25,6225,7297,1151,-638,89,58,489,-45,82,-555,-83,14,263,278,3063,-10,395,181,-167,158,297,1074,261,327,37,398,459,794,1061,-169,-290,99,-90,133,9792,566,-9,789,27,431,-215,59,-1,250,95,106,19,10,-151,-77,-2,413,26,531,203,2,105,270,381,419,13644,12625,291,231,-110,10891,7703,162,1910,-142,-3,343,-14,294,83,233,70,354,30,153,349,-89,-1838,1926,206,697,3,1046,27,874,393,34,237,-2
